#Mission Info

$Version: 0.10
$Name:  XSTR("Gamma Draconis - Movie", -1)
$Author: Herkie
$Created: 09/15/11 at 21:15:49
$Modified: 07/02/17 at 19:44:29
$Notes:
This is a FRED2_OPEN created mission.
$End Notes:

$Mission Desc:
 XSTR("Put mission description here
", -1)
$end_multi_text
+Game Type Flags: 1
+Flags: 265352
+Fog Near Mult: 1.000000

+Fog Far Mult: 1.000000

+Disallow Support: 1
+Hull Repair Ceiling: 0.000000
+Subsystem Repair Ceiling: 100.000000

+Viewer pos: 4835.776367, 2088.632324, 3883.661865
+Viewer orient:
	-0.998510, 0.000010, -0.054573,
	0.011919, 0.975897, -0.217904,
	0.053255, -0.218230, -0.974443


$Load Screen 640:	LoadAct5S.dds
$Load Screen 1024:	LoadAct5L.dds

$Skybox Model: Draconis.pof

$AI Profile: FS2 RETAIL

#Sexp_variables

$Variables:
(
		0		"NotContinue"		"0"		"number"
		1		"TrackerCam"		"0"		"number"
		2		"trackeroff"		"0"		"number"
)

#Command Briefing

#Briefing
$start_briefing
$num_stages: 0
$end_briefing

#Debriefing_info

$Num stages: 0

#Players		;! 1 total

$Starting Shipname: alpha 1
$Ship Choices: (
	"GTF Ulysses"	5
	"GTF Hercules"	5
	"GTF Hercules Mark II"	5
	"GTF Ares"	5
	"GTF Erinyes"	5
	"GTF Loki"	5
	"GTF Pegasus"	5
	"GTF Perseus"	5
	"GTF Myrmidon"	5
	"SF Mara (terrans)"	5
	"GTB Artemis"	5
	"GTB Artemis D.H."	5
	"GTB Medusa"	5
	"GTB Ursa"	5
	"GTB Zeus"	5
	"GTB Boanerges"	5
	"GVF Ptah"	5
	"Spacesuit"	5
)

+Weaponry Pool: (
	"Subach HL-7"	17
	"Subach HL-D"	16
	"Mekhu HL-7"	16
	"Mekhu HL-7D"	16
	"Akheton SDG"	16
	"Morning Star"	16
	"MorningStar D"	16
	"Prometheus R"	17
	"Prometheus S"	16
	"Prometheus D"	16
	"Maxim"	16
	"Maxim D"	16
	"UD-8 Kayser"	16
	"UD-D Kayser"	16
	"Circe"	16
	"Lamprey"	16
	"Targeting Laser"	16
	"Rockeye"	500
	"Rockeye D"	500
	"Tempest"	500
	"Tempest D"	500
	"Hornet"	500
	"Hornet D"	500
	"Tornado"	500
	"Tornado D"	500
	"Harpoon"	516
	"Harpoon D"	500
	"Harpoon#Weak"	500
	"Trebuchet"	500
	"TAG-A"	500
	"TAG-B"	500
	"TAG-C"	500
	"Piranha"	500
	"Stiletto II"	500
	"Infyrno"	500
	"Infyrno D"	500
	"Cyclops"	500
	"Cyclops#short"	500
	"Helios"	500
	"EMP Adv."	500
)

#Objects		;! 299 total

$Name: alpha 1		;! Object #0
$Class: GTF Ulysses
$Team: Friendly
$Location: -29416.015625, 0.000000, 1784883.375000
$Orientation:
	1.000000, 0.000000, 0.000000,
	0.000000, 1.000000, 0.000000,
	0.000000, 0.000000, 1.000000
$AI Behavior: None
$Cargo 1:  XSTR("Nothing", -1)
+Initial Velocity: 33
+Initial Hull: 100
+Subsystem: Pilot
$Arrival Location: Hyperspace
$Arrival Cue: ( false ) 
$Departure Location: Hyperspace
$Departure Cue: ( false ) 
$Determination: 10
+Flags: ( "cargo-known" "player-start" "invulnerable" )
+Flags2: ( )
+Respawn priority: 0
+Group: 0
+Use Table Score:
+Score: 8

$Name: SD Ravana 1		;! Object #1
$Class: SD Ravana
$Team: Hostile
$Location: 8338.552734, -608.480347, -2280.838623
$Orientation:
	-0.035247, 0.310332, 0.949978,
	0.260815, 0.920480, -0.291019,
	-0.964748, 0.237511, -0.113383
$AI Behavior: None
+AI Class: Coward
$Cargo 1:  XSTR("Nothing", -1)
+Initial Velocity: 33
+Initial Hull: 100
+Initial Shields: 100
+Subsystem: Pilot
+Subsystem: turret01
+AI Class: Lieutenant
+Primary Banks: ( "" )
+Subsystem: turret02
+AI Class: Lieutenant
+Subsystem: turret03
+Primary Banks: ( "Red Emitter" )
+Subsystem: turret04
+Primary Banks: ( "Red Emitter" )
+Subsystem: turret05
+Subsystem: turret06
+Subsystem: turret07
+Subsystem: turret08
+Subsystem: turret09
+Subsystem: turret10
+Subsystem: turret11
+Subsystem: turret12
+Subsystem: turret13
+Subsystem: turret14
+Subsystem: turret15
+Subsystem: turret16
+Subsystem: turret17
+Subsystem: turret18
+Subsystem: turret19
+Subsystem: turret20
+Subsystem: turret21
+Subsystem: turret22
+Subsystem: turret23
+Subsystem: turret24
+Subsystem: turret25
+Subsystem: turret26
+Subsystem: turret27
+Subsystem: turret28
+Subsystem: turret29
+Subsystem: turret30
$Arrival Location: Hyperspace
$Arrival Cue: ( true ) 
$Departure Location: Hyperspace
$Departure Cue: ( false ) 
$Determination: 10
+Flags: ( "no-shields" )
+Flags2: ( )
+Respawn priority: 0
+Orders Accepted: 0		;! note that this is a bitfield!!!
+Group: 0
+Use Table Score:
+Score: 670

$Name: GTD Hecate 2		;! Object #2
$Class: GTD Hecate
$Team: Friendly
$Location: 4740.500000, 524.500000, -4681.799805
$Orientation:
	0.326024, 0.000000, -0.945361,
	0.128545, 0.990712, 0.044331,
	0.936581, -0.135975, 0.322996
$AI Behavior: None
+AI Class: Coward
$AI Goals: ( goals ( ai-waypoints-once "Hacate path 1" 89 ) )
$Cargo 1:  XSTR("Nothing", -1)
+Initial Velocity: 33
+Initial Hull: 100
+Initial Shields: 100
+Subsystem: Pilot
+Subsystem: turret01
+Primary Banks: ( "Meson Cannon" )
+Subsystem: turret02
+Primary Banks: ( "Meson Cannon" )
+Subsystem: turret03
+Primary Banks: ( "" )
+Subsystem: turret04
+Primary Banks: ( "Meson Cannon" )
+Subsystem: turret05
+Primary Banks: ( "Meson Cannon" )
+Subsystem: turret06
+Primary Banks: ( "Meson Cannon" )
+Subsystem: turret07
+Primary Banks: ( "" )
+Subsystem: turret08
+Primary Banks: ( "" )
+Subsystem: turret09
+Primary Banks: ( "" )
+Subsystem: turret10
+Primary Banks: ( "" )
+Subsystem: turret11
+Primary Banks: ( "" )
+Subsystem: turret12
+Primary Banks: ( "" )
+Subsystem: turret13
+Primary Banks: ( "" )
+Subsystem: turret14
+Primary Banks: ( "" )
+Subsystem: turret15
+Primary Banks: ( "" )
+Subsystem: turret16
+Primary Banks: ( "" )
+Subsystem: turret17
+Primary Banks: ( "" )
+Subsystem: turret18
+Primary Banks: ( "" )
+Subsystem: turret19
+Primary Banks: ( "" )
+Subsystem: turret20
+AI Class: Lieutenant
+Subsystem: turret21
+Primary Banks: ( "" )
+Subsystem: turret22
+AI Class: Lieutenant
+Primary Banks: ( "" )
+Subsystem: turret23
+Primary Banks: ( "" )
+Subsystem: turret24
+AI Class: Lieutenant
+Primary Banks: ( "" )
+Subsystem: turret25
+Primary Banks: ( "" )
+Subsystem: turret26
+AI Class: Lieutenant
+Primary Banks: ( "" )
+Subsystem: turret27
+AI Class: Lieutenant
+Primary Banks: ( "" )
$Arrival Location: Hyperspace
$Arrival Cue: ( true ) 
$Departure Location: Hyperspace
$Departure Cue: ( false ) 
$Determination: 10
+Flags: ( "cargo-known" "no-shields" "invulnerable" )
+Flags2: ( )
+Respawn priority: 0
+Orders Accepted: 0		;! note that this is a bitfield!!!
+Group: 0
+Use Table Score:
+Score: 1300

$Name: foxtrot 1		;! Object #3
$Class: GTF Ulysses
$Team: Friendly
$Location: 2207.757080, 1347.734009, -4183.564453
$Orientation:
	0.204659, 0.000000, -0.978833,
	0.173459, 0.984173, 0.036268,
	0.963341, -0.177210, 0.201420
$AI Behavior: None
$Cargo 1:  XSTR("Nothing", -1)
+Initial Velocity: 33
+Initial Hull: 100
+Subsystem: Pilot
$Arrival Location: Hyperspace
$Arrival Cue: ( false ) 
$Departure Location: Hyperspace
$Departure Cue: ( false ) 
$Determination: 10
+Flags: ( "cargo-known" )
+Flags2: ( )
+Respawn priority: 0
+Group: 0
+Use Table Score:
+Score: 8

$Name: foxtrot 2		;! Object #4
$Class: GTF Ulysses
$Team: Friendly
$Location: 2198.160889, 1354.689087, -4253.796387
$Orientation:
	0.220907, 0.000000, -0.975295,
	0.173429, 0.984063, 0.039282,
	0.959751, -0.177822, 0.217386
$AI Behavior: None
$Cargo 1:  XSTR("Nothing", -1)
+Initial Velocity: 33
+Initial Hull: 100
+Subsystem: Pilot
$Arrival Location: Hyperspace
$Arrival Cue: ( false ) 
$Departure Location: Hyperspace
$Departure Cue: ( false ) 
$Determination: 10
+Flags: ( "cargo-known" )
+Flags2: ( )
+Respawn priority: 0
+Group: 0
+Use Table Score:
+Score: 8

$Name: foxtrot 3		;! Object #5
$Class: GTF Ulysses
$Team: Friendly
$Location: 2216.384766, 1344.593750, -4358.550781
$Orientation:
	0.246573, 0.000000, -0.969124,
	0.169731, 0.984544, 0.043185,
	0.954145, -0.175139, 0.242762
$AI Behavior: None
$Cargo 1:  XSTR("Nothing", -1)
+Initial Velocity: 33
+Initial Hull: 100
+Subsystem: Pilot
$Arrival Location: Hyperspace
$Arrival Cue: ( false ) 
$Departure Location: Hyperspace
$Departure Cue: ( false ) 
$Determination: 10
+Flags: ( "cargo-known" )
+Flags2: ( )
+Respawn priority: 0
+Group: 0
+Use Table Score:
+Score: 8

$Name: foxtrot 4		;! Object #6
$Class: GTF Ulysses
$Team: Friendly
$Location: 2170.278809, 1353.453735, -4320.758789
$Orientation:
	0.235096, 0.000000, -0.971972,
	0.170805, 0.984438, 0.041314,
	0.956846, -0.175731, 0.231438
$AI Behavior: None
$Cargo 1:  XSTR("Nothing", -1)
+Initial Velocity: 33
+Initial Hull: 100
+Subsystem: Pilot
$Arrival Location: Hyperspace
$Arrival Cue: ( false ) 
$Departure Location: Hyperspace
$Departure Cue: ( false ) 
$Determination: 10
+Flags: ( "cargo-known" )
+Flags2: ( )
+Respawn priority: 0
+Group: 0
+Use Table Score:
+Score: 8

$Name: foxtrot 5		;! Object #7
$Class: GTF Ulysses
$Team: Friendly
$Location: 2202.866699, 1340.604004, -4287.750977
$Orientation:
	0.229186, 0.000000, -0.973383,
	0.169707, 0.984684, 0.039958,
	0.958474, -0.174348, 0.225676
$AI Behavior: None
$Cargo 1:  XSTR("Nothing", -1)
+Initial Velocity: 33
+Initial Hull: 100
+Subsystem: Pilot
$Arrival Location: Hyperspace
$Arrival Cue: ( false ) 
$Departure Location: Hyperspace
$Departure Cue: ( false ) 
$Determination: 10
+Flags: ( "cargo-known" )
+Flags2: ( )
+Respawn priority: 0
+Group: 0
+Use Table Score:
+Score: 8

$Name: foxtrot 6		;! Object #8
$Class: GTF Ulysses
$Team: Friendly
$Location: 2230.912598, 1325.668457, -4224.176758
$Orientation:
	0.215595, 0.000000, -0.976483,
	0.168468, 0.985005, 0.037196,
	0.961841, -0.172525, 0.212362
$AI Behavior: None
$Cargo 1:  XSTR("Nothing", -1)
+Initial Velocity: 33
+Initial Hull: 100
+Subsystem: Pilot
$Arrival Location: Hyperspace
$Arrival Cue: ( false ) 
$Departure Location: Hyperspace
$Departure Cue: ( false ) 
$Determination: 10
+Flags: ( "cargo-known" )
+Flags2: ( )
+Respawn priority: 0
+Group: 0
+Use Table Score:
+Score: 8

$Name: SCv Moloch 9		;! Object #9
$Class: SCv Moloch
$Team: Hostile
$Location: 6466.799805, 448.600006, -3354.800049
$Orientation:
	-0.070656, 0.348123, 0.934783,
	0.188712, 0.924867, -0.330166,
	-0.979487, 0.153077, -0.131042
$AI Behavior: None
$Cargo 1:  XSTR("Nothing", -1)
+Initial Velocity: 33
+Initial Hull: 100
+Initial Shields: 100
+Subsystem: Pilot
+Subsystem: turret01
+Subsystem: turret02
+Subsystem: turret03
+Subsystem: turret04
+Subsystem: turret05
+Subsystem: turret06
+Subsystem: turret07
+Subsystem: turret08
+Subsystem: turret09
+Subsystem: turret10
+Subsystem: turret11
+Subsystem: turret12
+Subsystem: turret13
+Subsystem: turret14
+Subsystem: turret15
+Subsystem: turret16
$Arrival Location: Hyperspace
$Arrival Cue: ( true ) 
$Departure Location: Hyperspace
$Departure Cue: ( false ) 
$Determination: 10
+Flags: ( "no-shields" "invulnerable" )
+Flags2: ( )
+Respawn priority: 0
+Orders Accepted: 0		;! note that this is a bitfield!!!
+Group: 0
+Use Table Score:
+Score: 440

$Name: SF Mara 10		;! Object #10
$Class: SF Mara
$Team: Hostile
$Location: 6040.220703, 187.666748, -3569.169922
$Orientation:
	0.935897, 0.000000, -0.352274,
	-0.000000, 1.000000, 0.000000,
	0.352274, 0.000000, 0.935897
$AI Behavior: None
+AI Class: BP2-Major
$AI Goals: ( goals ( ai-chase-wing "foxtrot" 89 ) )
$Cargo 1:  XSTR("Nothing", -1)
+Initial Velocity: 33
+Initial Hull: 100
+Subsystem: Pilot
$Arrival Location: Hyperspace
$Arrival Cue: ( true ) 
$Departure Location: Hyperspace
$Departure Cue: ( false ) 
$Determination: 10
+Flags: ( )
+Flags2: ( )
+Respawn priority: 0
+Orders Accepted: 0		;! note that this is a bitfield!!!
+Group: 0
+Use Table Score:
+Score: 12

$Name: SF Mara 11		;! Object #11
$Class: SF Mara
$Team: Hostile
$Location: 6149.266602, 175.977234, -3586.821289
$Orientation:
	0.935897, 0.000000, -0.352274,
	-0.000000, 1.000000, 0.000000,
	0.352274, 0.000000, 0.935897
$AI Behavior: None
+AI Class: BP2-Major
$AI Goals: ( goals ( ai-chase-wing "foxtrot" 89 ) )
$Cargo 1:  XSTR("Nothing", -1)
+Initial Velocity: 33
+Initial Hull: 100
+Subsystem: Pilot
$Arrival Location: Hyperspace
$Arrival Cue: ( true ) 
$Departure Location: Hyperspace
$Departure Cue: ( false ) 
$Determination: 10
+Flags: ( )
+Flags2: ( )
+Respawn priority: 0
+Orders Accepted: 0		;! note that this is a bitfield!!!
+Group: 0
+Use Table Score:
+Score: 12

$Name: SF Mara 12		;! Object #12
$Class: SF Mara
$Team: Hostile
$Location: 6137.327637, 180.812134, -3632.315430
$Orientation:
	0.935897, 0.000000, -0.352274,
	-0.000000, 1.000000, 0.000000,
	0.352274, 0.000000, 0.935897
$AI Behavior: None
+AI Class: BP2-Major
$AI Goals: ( goals ( ai-chase-wing "foxtrot" 89 ) )
$Cargo 1:  XSTR("Nothing", -1)
+Initial Velocity: 33
+Initial Hull: 100
+Subsystem: Pilot
$Arrival Location: Hyperspace
$Arrival Cue: ( true ) 
$Departure Location: Hyperspace
$Departure Cue: ( false ) 
$Determination: 10
+Flags: ( )
+Flags2: ( )
+Respawn priority: 0
+Orders Accepted: 0		;! note that this is a bitfield!!!
+Group: 0
+Use Table Score:
+Score: 12

$Name: SF Mara 13		;! Object #13
$Class: SF Mara
$Team: Hostile
$Location: 6183.281738, 168.740479, -3544.421875
$Orientation:
	0.935897, 0.000000, -0.352274,
	-0.000000, 1.000000, 0.000000,
	0.352274, 0.000000, 0.935897
$AI Behavior: None
+AI Class: BP2-Major
$AI Goals: ( goals ( ai-chase-wing "foxtrot" 89 ) )
$Cargo 1:  XSTR("Nothing", -1)
+Initial Velocity: 33
+Initial Hull: 100
+Subsystem: Pilot
$Arrival Location: Hyperspace
$Arrival Cue: ( true ) 
$Departure Location: Hyperspace
$Departure Cue: ( false ) 
$Determination: 10
+Flags: ( )
+Flags2: ( )
+Respawn priority: 0
+Orders Accepted: 0		;! note that this is a bitfield!!!
+Group: 0
+Use Table Score:
+Score: 12

$Name: SF Mara 14		;! Object #14
$Class: SF Mara
$Team: Hostile
$Location: 6176.922363, 166.868530, -3509.326172
$Orientation:
	0.935897, 0.000000, -0.352274,
	-0.000000, 1.000000, 0.000000,
	0.352274, 0.000000, 0.935897
$AI Behavior: None
+AI Class: BP2-Major
$AI Goals: ( goals ( ai-chase-wing "foxtrot" 89 ) )
$Cargo 1:  XSTR("Nothing", -1)
+Initial Velocity: 33
+Initial Hull: 100
+Subsystem: Pilot
$Arrival Location: Hyperspace
$Arrival Cue: ( true ) 
$Departure Location: Hyperspace
$Departure Cue: ( false ) 
$Determination: 10
+Flags: ( )
+Flags2: ( )
+Respawn priority: 0
+Orders Accepted: 0		;! note that this is a bitfield!!!
+Group: 0
+Use Table Score:
+Score: 12

$Name: SF Mara 15		;! Object #15
$Class: SF Mara
$Team: Hostile
$Location: 6077.366699, 179.325073, -3517.030273
$Orientation:
	0.935897, 0.000000, -0.352274,
	-0.000000, 1.000000, 0.000000,
	0.352274, 0.000000, 0.935897
$AI Behavior: None
+AI Class: BP2-Major
$AI Goals: ( goals ( ai-chase-wing "foxtrot" 89 ) )
$Cargo 1:  XSTR("Nothing", -1)
+Initial Velocity: 33
+Initial Hull: 100
+Subsystem: Pilot
$Arrival Location: Hyperspace
$Arrival Cue: ( true ) 
$Departure Location: Hyperspace
$Departure Cue: ( false ) 
$Determination: 10
+Flags: ( )
+Flags2: ( )
+Respawn priority: 0
+Orders Accepted: 0		;! note that this is a bitfield!!!
+Group: 0
+Use Table Score:
+Score: 12

$Name: SF Mara 16		;! Object #16
$Class: SF Mara
$Team: Hostile
$Location: 6140.061035, 169.027557, -3479.441406
$Orientation:
	0.935897, 0.000000, -0.352274,
	-0.000000, 1.000000, 0.000000,
	0.352274, 0.000000, 0.935897
$AI Behavior: None
+AI Class: BP2-Major
$AI Goals: ( goals ( ai-chase-wing "foxtrot" 89 ) )
$Cargo 1:  XSTR("Nothing", -1)
+Initial Velocity: 33
+Initial Hull: 100
+Subsystem: Pilot
$Arrival Location: Hyperspace
$Arrival Cue: ( true ) 
$Departure Location: Hyperspace
$Departure Cue: ( false ) 
$Determination: 10
+Flags: ( )
+Flags2: ( )
+Respawn priority: 0
+Orders Accepted: 0		;! note that this is a bitfield!!!
+Group: 0
+Use Table Score:
+Score: 12

$Name: SF Mara 17		;! Object #17
$Class: SF Mara
$Team: Hostile
$Location: 6059.417969, 177.979279, -3470.482422
$Orientation:
	0.935897, 0.000000, -0.352274,
	-0.000000, 1.000000, 0.000000,
	0.352274, 0.000000, 0.935897
$AI Behavior: None
+AI Class: BP2-Major
$AI Goals: ( goals ( ai-chase-wing "foxtrot" 89 ) )
$Cargo 1:  XSTR("Nothing", -1)
+Initial Velocity: 33
+Initial Hull: 100
+Subsystem: Pilot
$Arrival Location: Hyperspace
$Arrival Cue: ( true ) 
$Departure Location: Hyperspace
$Departure Cue: ( false ) 
$Determination: 10
+Flags: ( )
+Flags2: ( )
+Respawn priority: 0
+Orders Accepted: 0		;! note that this is a bitfield!!!
+Group: 0
+Use Table Score:
+Score: 12

$Name: SF Mara 18		;! Object #18
$Class: SF Mara
$Team: Hostile
$Location: 6001.052734, 201.513016, -3691.528320
$Orientation:
	0.935897, 0.000000, -0.352274,
	-0.000000, 1.000000, 0.000000,
	0.352274, 0.000000, 0.935897
$AI Behavior: None
+AI Class: BP2-Major
$AI Goals: ( goals ( ai-chase-wing "foxtrot" 89 ) )
$Cargo 1:  XSTR("Nothing", -1)
+Initial Velocity: 33
+Initial Hull: 100
+Subsystem: Pilot
$Arrival Location: Hyperspace
$Arrival Cue: ( true ) 
$Departure Location: Hyperspace
$Departure Cue: ( false ) 
$Determination: 10
+Flags: ( )
+Flags2: ( )
+Respawn priority: 0
+Orders Accepted: 0		;! note that this is a bitfield!!!
+Group: 0
+Use Table Score:
+Score: 12

$Name: SF Mara 19		;! Object #19
$Class: SF Mara
$Team: Hostile
$Location: 6066.457031, 195.390213, -3713.971680
$Orientation:
	0.935897, 0.000000, -0.352274,
	-0.000000, 1.000000, 0.000000,
	0.352274, 0.000000, 0.935897
$AI Behavior: None
+AI Class: BP2-Major
$AI Goals: ( goals ( ai-chase-wing "foxtrot" 89 ) )
$Cargo 1:  XSTR("Nothing", -1)
+Initial Velocity: 33
+Initial Hull: 100
+Subsystem: Pilot
$Arrival Location: Hyperspace
$Arrival Cue: ( true ) 
$Departure Location: Hyperspace
$Departure Cue: ( false ) 
$Determination: 10
+Flags: ( )
+Flags2: ( )
+Respawn priority: 0
+Orders Accepted: 0		;! note that this is a bitfield!!!
+Group: 0
+Use Table Score:
+Score: 12

$Name: SF Mara 20		;! Object #20
$Class: SF Mara
$Team: Hostile
$Location: 6202.358398, 174.355347, -3649.707031
$Orientation:
	0.935897, 0.000000, -0.352274,
	-0.000000, 1.000000, 0.000000,
	0.352274, 0.000000, 0.935897
$AI Behavior: None
+AI Class: BP2-Major
$AI Goals: ( goals ( ai-chase-wing "foxtrot" 89 ) )
$Cargo 1:  XSTR("Nothing", -1)
+Initial Velocity: 33
+Initial Hull: 100
+Subsystem: Pilot
$Arrival Location: Hyperspace
$Arrival Cue: ( true ) 
$Departure Location: Hyperspace
$Departure Cue: ( false ) 
$Determination: 10
+Flags: ( )
+Flags2: ( )
+Respawn priority: 0
+Orders Accepted: 0		;! note that this is a bitfield!!!
+Group: 0
+Use Table Score:
+Score: 12

$Name: SF Mara 21		;! Object #21
$Class: SF Mara
$Team: Hostile
$Location: 6316.530273, 156.300507, -3590.620117
$Orientation:
	0.935897, 0.000000, -0.352274,
	-0.000000, 1.000000, 0.000000,
	0.352274, 0.000000, 0.935897
$AI Behavior: None
+AI Class: BP2-Major
$AI Goals: ( goals ( ai-chase-wing "foxtrot" 89 ) )
$Cargo 1:  XSTR("Nothing", -1)
+Initial Velocity: 33
+Initial Hull: 100
+Subsystem: Pilot
$Arrival Location: Hyperspace
$Arrival Cue: ( true ) 
$Departure Location: Hyperspace
$Departure Cue: ( false ) 
$Determination: 10
+Flags: ( )
+Flags2: ( )
+Respawn priority: 0
+Orders Accepted: 0		;! note that this is a bitfield!!!
+Group: 0
+Use Table Score:
+Score: 12

$Name: SF Mara 22		;! Object #22
$Class: SF Mara
$Team: Hostile
$Location: 6250.600586, 161.187042, -3550.835938
$Orientation:
	0.935897, 0.000000, -0.352274,
	-0.000000, 1.000000, 0.000000,
	0.352274, 0.000000, 0.935897
$AI Behavior: None
+AI Class: BP2-Major
$AI Goals: ( goals ( ai-chase-wing "foxtrot" 89 ) )
$Cargo 1:  XSTR("Nothing", -1)
+Initial Velocity: 33
+Initial Hull: 100
+Subsystem: Pilot
$Arrival Location: Hyperspace
$Arrival Cue: ( true ) 
$Departure Location: Hyperspace
$Departure Cue: ( false ) 
$Determination: 10
+Flags: ( )
+Flags2: ( )
+Respawn priority: 0
+Orders Accepted: 0		;! note that this is a bitfield!!!
+Group: 0
+Use Table Score:
+Score: 12

$Name: SF Mara 23		;! Object #23
$Class: SF Mara
$Team: Hostile
$Location: 6263.508789, 155.441742, -3494.738281
$Orientation:
	0.935897, 0.000000, -0.352274,
	-0.000000, 1.000000, 0.000000,
	0.352274, 0.000000, 0.935897
$AI Behavior: None
+AI Class: BP2-Major
$AI Goals: ( goals ( ai-chase-wing "foxtrot" 89 ) )
$Cargo 1:  XSTR("Nothing", -1)
+Initial Velocity: 33
+Initial Hull: 100
+Subsystem: Pilot
$Arrival Location: Hyperspace
$Arrival Cue: ( true ) 
$Departure Location: Hyperspace
$Departure Cue: ( false ) 
$Determination: 10
+Flags: ( )
+Flags2: ( )
+Respawn priority: 0
+Orders Accepted: 0		;! note that this is a bitfield!!!
+Group: 0
+Use Table Score:
+Score: 12

$Name: SF Mara 24		;! Object #24
$Class: SF Mara
$Team: Hostile
$Location: 6233.185059, 156.061554, -3454.728516
$Orientation:
	0.935897, 0.000000, -0.352274,
	-0.000000, 1.000000, 0.000000,
	0.352274, 0.000000, 0.935897
$AI Behavior: None
+AI Class: BP2-Major
$AI Goals: ( goals ( ai-chase-wing "foxtrot" 89 ) )
$Cargo 1:  XSTR("Nothing", -1)
+Initial Velocity: 33
+Initial Hull: 100
+Subsystem: Pilot
$Arrival Location: Hyperspace
$Arrival Cue: ( true ) 
$Departure Location: Hyperspace
$Departure Cue: ( false ) 
$Determination: 10
+Flags: ( )
+Flags2: ( )
+Respawn priority: 0
+Orders Accepted: 0		;! note that this is a bitfield!!!
+Group: 0
+Use Table Score:
+Score: 12

$Name: SF Mara 25		;! Object #25
$Class: SF Mara
$Team: Hostile
$Location: 6141.857910, 165.265045, -3432.125000
$Orientation:
	0.935897, 0.000000, -0.352274,
	-0.000000, 1.000000, 0.000000,
	0.352274, 0.000000, 0.935897
$AI Behavior: None
+AI Class: BP2-Major
$AI Goals: ( goals ( ai-chase-wing "foxtrot" 89 ) )
$Cargo 1:  XSTR("Nothing", -1)
+Initial Velocity: 33
+Initial Hull: 100
+Subsystem: Pilot
$Arrival Location: Hyperspace
$Arrival Cue: ( true ) 
$Departure Location: Hyperspace
$Departure Cue: ( false ) 
$Determination: 10
+Flags: ( )
+Flags2: ( )
+Respawn priority: 0
+Orders Accepted: 0		;! note that this is a bitfield!!!
+Group: 0
+Use Table Score:
+Score: 12

$Name: SF Mara 26		;! Object #26
$Class: SF Mara
$Team: Hostile
$Location: 6000.341309, 183.359497, -3448.209961
$Orientation:
	0.935897, 0.000000, -0.352274,
	-0.000000, 1.000000, 0.000000,
	0.352274, 0.000000, 0.935897
$AI Behavior: None
+AI Class: BP2-Major
$AI Goals: ( goals ( ai-chase-wing "foxtrot" 89 ) )
$Cargo 1:  XSTR("Nothing", -1)
+Initial Velocity: 33
+Initial Hull: 100
+Subsystem: Pilot
$Arrival Location: Hyperspace
$Arrival Cue: ( true ) 
$Departure Location: Hyperspace
$Departure Cue: ( false ) 
$Determination: 10
+Flags: ( )
+Flags2: ( )
+Respawn priority: 0
+Orders Accepted: 0		;! note that this is a bitfield!!!
+Group: 0
+Use Table Score:
+Score: 12

$Name: SF Mara 27		;! Object #27
$Class: SF Mara
$Team: Hostile
$Location: 5902.253906, 199.357925, -3505.468750
$Orientation:
	0.935897, 0.000000, -0.352274,
	-0.000000, 1.000000, 0.000000,
	0.352274, 0.000000, 0.935897
$AI Behavior: None
+AI Class: BP2-Major
$AI Goals: ( goals ( ai-chase-wing "foxtrot" 89 ) )
$Cargo 1:  XSTR("Nothing", -1)
+Initial Velocity: 33
+Initial Hull: 100
+Subsystem: Pilot
$Arrival Location: Hyperspace
$Arrival Cue: ( true ) 
$Departure Location: Hyperspace
$Departure Cue: ( false ) 
$Determination: 10
+Flags: ( )
+Flags2: ( )
+Respawn priority: 0
+Orders Accepted: 0		;! note that this is a bitfield!!!
+Group: 0
+Use Table Score:
+Score: 12

$Name: SF Mara 28		;! Object #28
$Class: SF Mara
$Team: Hostile
$Location: 5933.983398, 208.696793, -3680.588867
$Orientation:
	0.935897, 0.000000, -0.352274,
	-0.000000, 1.000000, 0.000000,
	0.352274, 0.000000, 0.935897
$AI Behavior: None
+AI Class: BP2-Major
$AI Goals: ( goals ( ai-chase-wing "foxtrot" 89 ) )
$Cargo 1:  XSTR("Nothing", -1)
+Initial Velocity: 33
+Initial Hull: 100
+Subsystem: Pilot
$Arrival Location: Hyperspace
$Arrival Cue: ( true ) 
$Departure Location: Hyperspace
$Departure Cue: ( false ) 
$Determination: 10
+Flags: ( )
+Flags2: ( )
+Respawn priority: 0
+Orders Accepted: 0		;! note that this is a bitfield!!!
+Group: 0
+Use Table Score:
+Score: 12

$Name: SF Mara 29		;! Object #29
$Class: SF Mara
$Team: Hostile
$Location: 5861.401367, 224.079529, -3770.256104
$Orientation:
	0.935897, 0.000000, -0.352274,
	-0.000000, 1.000000, 0.000000,
	0.352274, 0.000000, 0.935897
$AI Behavior: None
+AI Class: BP2-Major
$AI Goals: ( goals ( ai-chase-wing "foxtrot" 89 ) )
$Cargo 1:  XSTR("Nothing", -1)
+Initial Velocity: 33
+Initial Hull: 100
+Subsystem: Pilot
$Arrival Location: Hyperspace
$Arrival Cue: ( true ) 
$Departure Location: Hyperspace
$Departure Cue: ( false ) 
$Determination: 10
+Flags: ( )
+Flags2: ( )
+Respawn priority: 0
+Orders Accepted: 0		;! note that this is a bitfield!!!
+Group: 0
+Use Table Score:
+Score: 12

$Name: GTF Perseus 37		;! Object #30
$Class: GTF Perseus
$Team: Friendly
$Location: 2731.788330, 582.807434, -4830.049316
$Orientation:
	0.935897, 0.000000, -0.352274,
	-0.000000, 1.000000, 0.000000,
	0.352274, 0.000000, 0.935897
$AI Behavior: None
+AI Class: BP2-Major
$AI Goals: ( goals ( ai-chase-any 89 ) )
$Cargo 1:  XSTR("Nothing", -1)
+Initial Velocity: 33
+Initial Hull: 100
+Subsystem: Pilot
$Arrival Location: Hyperspace
$Arrival Cue: ( true ) 
$Departure Location: Hyperspace
$Departure Cue: ( false ) 
$Determination: 10
+Flags: ( "cargo-known" )
+Flags2: ( )
+Respawn priority: 0
+Group: 0
+Use Table Score:
+Score: 14

$Name: GTF Perseus 38		;! Object #31
$Class: GTF Perseus
$Team: Friendly
$Location: 2727.540771, 596.165955, -5001.520020
$Orientation:
	0.935897, 0.000000, -0.352274,
	-0.000000, 1.000000, 0.000000,
	0.352274, 0.000000, 0.935897
$AI Behavior: None
+AI Class: BP2-Major
$AI Goals: ( goals ( ai-chase-any 89 ) )
$Cargo 1:  XSTR("Nothing", -1)
+Initial Velocity: 33
+Initial Hull: 100
+Subsystem: Pilot
$Arrival Location: Hyperspace
$Arrival Cue: ( true ) 
$Departure Location: Hyperspace
$Departure Cue: ( false ) 
$Determination: 10
+Flags: ( "cargo-known" )
+Flags2: ( )
+Respawn priority: 0
+Group: 0
+Use Table Score:
+Score: 14

$Name: GTF Perseus 39		;! Object #32
$Class: GTF Perseus
$Team: Friendly
$Location: 2737.452881, 613.418884, -5247.451660
$Orientation:
	0.935897, 0.000000, -0.352274,
	-0.000000, 1.000000, 0.000000,
	0.352274, 0.000000, 0.935897
$AI Behavior: None
+AI Class: BP2-Major
$AI Goals: ( goals ( ai-chase-any 89 ) )
$Cargo 1:  XSTR("Nothing", -1)
+Initial Velocity: 33
+Initial Hull: 100
+Subsystem: Pilot
$Arrival Location: Hyperspace
$Arrival Cue: ( true ) 
$Departure Location: Hyperspace
$Departure Cue: ( false ) 
$Determination: 10
+Flags: ( "cargo-known" )
+Flags2: ( )
+Respawn priority: 0
+Group: 0
+Use Table Score:
+Score: 14

$Name: GTF Perseus 40		;! Object #33
$Class: GTF Perseus
$Team: Friendly
$Location: 2941.718018, 590.900879, -5272.258301
$Orientation:
	0.935897, 0.000000, -0.352274,
	-0.000000, 1.000000, 0.000000,
	0.352274, 0.000000, 0.935897
$AI Behavior: None
+AI Class: BP2-Major
$AI Goals: ( goals ( ai-chase-any 89 ) )
$Cargo 1:  XSTR("Nothing", -1)
+Initial Velocity: 33
+Initial Hull: 100
+Subsystem: Pilot
$Arrival Location: Hyperspace
$Arrival Cue: ( true ) 
$Departure Location: Hyperspace
$Departure Cue: ( false ) 
$Determination: 10
+Flags: ( "cargo-known" )
+Flags2: ( )
+Respawn priority: 0
+Group: 0
+Use Table Score:
+Score: 14

$Name: GTF Perseus 41		;! Object #34
$Class: GTF Perseus
$Team: Friendly
$Location: 2830.220947, 591.895447, -5108.010254
$Orientation:
	0.935897, 0.000000, -0.352274,
	-0.000000, 1.000000, 0.000000,
	0.352274, 0.000000, 0.935897
$AI Behavior: None
+AI Class: BP2-Major
$AI Goals: ( goals ( ai-chase-any 89 ) )
$Cargo 1:  XSTR("Nothing", -1)
+Initial Velocity: 33
+Initial Hull: 100
+Subsystem: Pilot
$Arrival Location: Hyperspace
$Arrival Cue: ( true ) 
$Departure Location: Hyperspace
$Departure Cue: ( false ) 
$Determination: 10
+Flags: ( "cargo-known" )
+Flags2: ( )
+Respawn priority: 0
+Group: 0
+Use Table Score:
+Score: 14

$Name: GTF Perseus 42		;! Object #35
$Class: GTF Perseus
$Team: Friendly
$Location: 2849.390381, 577.884888, -4951.610840
$Orientation:
	0.935897, 0.000000, -0.352274,
	-0.000000, 1.000000, 0.000000,
	0.352274, 0.000000, 0.935897
$AI Behavior: None
+AI Class: BP2-Major
$AI Goals: ( goals ( ai-chase-any 89 ) )
$Cargo 1:  XSTR("Nothing", -1)
+Initial Velocity: 33
+Initial Hull: 100
+Subsystem: Pilot
$Arrival Location: Hyperspace
$Arrival Cue: ( true ) 
$Departure Location: Hyperspace
$Departure Cue: ( false ) 
$Determination: 10
+Flags: ( "cargo-known" )
+Flags2: ( )
+Respawn priority: 0
+Group: 0
+Use Table Score:
+Score: 14

$Name: GTF Perseus 43		;! Object #36
$Class: GTF Perseus
$Team: Friendly
$Location: 2764.976807, 572.753723, -4748.739746
$Orientation:
	0.935897, 0.000000, -0.352274,
	-0.000000, 1.000000, 0.000000,
	0.352274, 0.000000, 0.935897
$AI Behavior: None
+AI Class: BP2-Major
$AI Goals: ( goals ( ai-chase-any 89 ) )
$Cargo 1:  XSTR("Nothing", -1)
+Initial Velocity: 33
+Initial Hull: 100
+Subsystem: Pilot
$Arrival Location: Hyperspace
$Arrival Cue: ( true ) 
$Departure Location: Hyperspace
$Departure Cue: ( false ) 
$Determination: 10
+Flags: ( "cargo-known" )
+Flags2: ( )
+Respawn priority: 0
+Group: 0
+Use Table Score:
+Score: 14

$Name: GTF Perseus 44		;! Object #37
$Class: GTF Perseus
$Team: Friendly
$Location: 2614.143799, 594.539673, -4799.278809
$Orientation:
	0.935897, 0.000000, -0.352274,
	-0.000000, 1.000000, 0.000000,
	0.352274, 0.000000, 0.935897
$AI Behavior: None
+AI Class: BP2-Major
$AI Goals: ( goals ( ai-chase-any 89 ) )
$Cargo 1:  XSTR("Nothing", -1)
+Initial Velocity: 33
+Initial Hull: 100
+Subsystem: Pilot
$Arrival Location: Hyperspace
$Arrival Cue: ( true ) 
$Departure Location: Hyperspace
$Departure Cue: ( false ) 
$Determination: 10
+Flags: ( "cargo-known" )
+Flags2: ( )
+Respawn priority: 0
+Group: 0
+Use Table Score:
+Score: 14

$Name: GTC Leviathan 45		;! Object #38
$Class: GTC Orca
$Team: Friendly
$Location: 4291.399902, 770.799988, -3478.800049
$Orientation:
	0.056909, 0.000000, -0.998379,
	0.146043, 0.989243, 0.008325,
	0.987640, -0.146280, 0.056296
$AI Behavior: None
$AI Goals: ( goals ( ai-chase "SCv Moloch 9" 89 ) )
$Cargo 1:  XSTR("Nothing", -1)
+Initial Hull: 100
+Initial Shields: 100
+Subsystem: Pilot
+Subsystem: turret01a
+Primary Banks: ( "Meson Cannon" )
+Subsystem: turret02a
+Primary Banks: ( "Meson Cannon" )
+Subsystem: turret03a
+Primary Banks: ( "" )
+Subsystem: turret04a
+Primary Banks: ( "" )
+Subsystem: turret05a
+Primary Banks: ( "" )
+Subsystem: turret06a
+Primary Banks: ( "" )
+Subsystem: turret07a
+Primary Banks: ( "" )
+Subsystem: turret08a
+Primary Banks: ( "" )
+Subsystem: turret09
+Primary Banks: ( "" )
+Subsystem: turret10
+Primary Banks: ( "" )
+Subsystem: turret11
+Primary Banks: ( "" )
+Subsystem: turret12
+Primary Banks: ( "" )
+Subsystem: turret13
+Primary Banks: ( "" )
+Subsystem: turret14
+Primary Banks: ( "" )
+Subsystem: turret15
+Primary Banks: ( "" )
+Subsystem: turret16
+Primary Banks: ( "" )
+Subsystem: turret17
+Primary Banks: ( "" )
+Subsystem: turret18
+Primary Banks: ( "" )
+Subsystem: turret19
+Primary Banks: ( "" )
+Subsystem: turret20
+Primary Banks: ( "" )
+Subsystem: turret21
+Primary Banks: ( "" )
+Subsystem: turretB1
+Subsystem: turretB2
+Subsystem: turretB3
$Arrival Location: Hyperspace
$Arrival Cue: ( true ) 
$Departure Location: Hyperspace
$Departure Cue: ( false ) 
$Determination: 10
+Flags: ( "cargo-known" "no-shields" )
+Flags2: ( )
+Respawn priority: 0
+Group: 0
+Score: 200

$Name: SD Demon 39		;! Object #39
$Class: SD Demon
$Team: Hostile
$Location: -685.601257, 97.240028, 7608.484375
$Orientation:
	0.936574, -0.119807, -0.329370,
	0.312612, -0.139353, 0.939609,
	-0.158469, -0.982972, -0.093061
$AI Behavior: None
+AI Class: BALLS OF STEELE
$Cargo 1:  XSTR("Nothing", -1)
+Initial Hull: 100
+Initial Shields: 100
+Subsystem: Pilot
+Subsystem: turret01-base
+Subsystem: turret02-base
+Subsystem: turret03a-base
+Subsystem: turret04-base
+Subsystem: turret05-base
+Subsystem: turret06a-base
+Subsystem: turret07a-base
+Subsystem: turret08-base
+Subsystem: turret09-base
+Subsystem: turret10-base
+Subsystem: turret11-base
+Subsystem: turret12-base
+Subsystem: turret13-base
+Subsystem: turret14-base
+Subsystem: turret15-base
+Subsystem: turret16-base
+Subsystem: turret17-base
+Subsystem: turret18-base
+Subsystem: turret19-base
+Subsystem: turret20-base
+Subsystem: turret21-base
+Subsystem: turret22
+Subsystem: turret23
+Subsystem: turret24
+Subsystem: turret25
+Subsystem: turret26
$Arrival Location: Hyperspace
$Arrival Cue: ( true ) 
$Departure Location: Hyperspace
$Departure Cue: ( is-event-true-delay 
   "set camera static" 
   0 
)
$Determination: 10
+Flags: ( "no-shields" "no-departure-warp" "invulnerable" )
+Flags2: ( )
+Respawn priority: 0
+Orders Accepted: 0		;! note that this is a bitfield!!!
+Group: 0
+Use Table Score:
+Score: 840

$Name: GTD Orion 40		;! Object #40
$Class: GTD Stromberg
$Team: Friendly
$Location: -1669.403809, -647.556702, 8720.034180
$Orientation:
	-0.856575, -0.016230, 0.515767,
	0.506766, 0.162001, 0.846725,
	-0.097297, 0.986657, -0.130541
$AI Behavior: None
+AI Class: BALLS OF STEELE
$Cargo 1:  XSTR("Nothing", -1)
+Initial Hull: 100
+Initial Shields: 100
+Subsystem: Pilot
+Subsystem: turret01
+Subsystem: turret02
+Subsystem: turret03
+Subsystem: turret04
+Subsystem: turret05
+Subsystem: turret06
+Subsystem: turret07
+Subsystem: turret08
+Subsystem: turret09
+Subsystem: turret10
+Subsystem: turret11
+Subsystem: turret12
+Subsystem: turret13
+Subsystem: turret14
+Subsystem: turret15
+Subsystem: turret16
+Subsystem: turret17
+Subsystem: turret18
+Subsystem: turret19
+Subsystem: turret20
+Subsystem: turret21
+Subsystem: turret22
+Subsystem: turret23
+Subsystem: turret24
+Subsystem: turret25
+Subsystem: turret26
+Subsystem: turret27
+Subsystem: turret28
+Subsystem: turret29
+Subsystem: turret30
+Subsystem: turret31
+Subsystem: turret32
+Subsystem: turret33
+Subsystem: turret34
+Subsystem: turret35
+Subsystem: turret36
$Arrival Location: Hyperspace
$Arrival Cue: ( true ) 
$Departure Location: Hyperspace
$Departure Cue: ( is-event-true-delay 
   "set camera static" 
   0 
)
$Determination: 10
+Flags: ( "cargo-known" "no-shields" "no-departure-warp" "invulnerable" )
+Flags2: ( )
+Respawn priority: 0
+Orders Accepted: 0		;! note that this is a bitfield!!!
+Group: 0
+Score: 1000

$Name: SF Astaroth 41		;! Object #41
$Class: SF Astaroth
$Team: Hostile
$Location: -1408.212646, 726.288574, 8119.823730
$Orientation:
	1.000000, 0.000000, 0.000000,
	0.000000, 1.000000, 0.000000,
	0.000000, 0.000000, 1.000000
$AI Behavior: None
$AI Goals: ( goals ( ai-chase-any 89 ) )
$Cargo 1:  XSTR("Nothing", -1)
+Initial Velocity: 33
+Subsystem: Pilot
$Arrival Location: Hyperspace
$Arrival Cue: ( true ) 
$Departure Location: Hyperspace
$Departure Cue: ( is-event-true-delay 
   "set camera static" 
   0 
)
$Determination: 10
+Flags: ( "no-departure-warp" "invulnerable" )
+Flags2: ( )
+Respawn priority: 0
+Orders Accepted: 0		;! note that this is a bitfield!!!
+Group: 0
+Use Table Score:
+Score: 13

$Name: SF Astaroth 42		;! Object #42
$Class: SF Astaroth
$Team: Hostile
$Location: -830.242676, 726.288574, 8012.348145
$Orientation:
	1.000000, 0.000000, 0.000000,
	0.000000, 1.000000, 0.000000,
	0.000000, 0.000000, 1.000000
$AI Behavior: None
$AI Goals: ( goals ( ai-chase-any 89 ) )
$Cargo 1:  XSTR("Nothing", -1)
+Initial Velocity: 33
+Subsystem: Pilot
$Arrival Location: Hyperspace
$Arrival Cue: ( true ) 
$Departure Location: Hyperspace
$Departure Cue: ( is-event-true-delay 
   "set camera static" 
   0 
)
$Determination: 10
+Flags: ( "no-departure-warp" "invulnerable" )
+Flags2: ( )
+Respawn priority: 0
+Orders Accepted: 0		;! note that this is a bitfield!!!
+Group: 0
+Use Table Score:
+Score: 13

$Name: SF Astaroth 43		;! Object #43
$Class: SF Astaroth
$Team: Hostile
$Location: -1230.689575, 726.288574, 8407.109375
$Orientation:
	1.000000, 0.000000, 0.000000,
	0.000000, 1.000000, 0.000000,
	0.000000, 0.000000, 1.000000
$AI Behavior: None
$AI Goals: ( goals ( ai-chase-any 89 ) )
$Cargo 1:  XSTR("Nothing", -1)
+Initial Velocity: 33
+Subsystem: Pilot
$Arrival Location: Hyperspace
$Arrival Cue: ( true ) 
$Departure Location: Hyperspace
$Departure Cue: ( is-event-true-delay 
   "set camera static" 
   0 
)
$Determination: 10
+Flags: ( "no-departure-warp" "invulnerable" )
+Flags2: ( )
+Respawn priority: 0
+Orders Accepted: 0		;! note that this is a bitfield!!!
+Group: 0
+Use Table Score:
+Score: 13

$Name: SF Astaroth 44		;! Object #44
$Class: SF Astaroth
$Team: Hostile
$Location: -806.724976, 726.288574, 8363.193359
$Orientation:
	1.000000, 0.000000, 0.000000,
	0.000000, 1.000000, 0.000000,
	0.000000, 0.000000, 1.000000
$AI Behavior: None
$AI Goals: ( goals ( ai-chase-any 89 ) )
$Cargo 1:  XSTR("Nothing", -1)
+Initial Velocity: 33
+Subsystem: Pilot
$Arrival Location: Hyperspace
$Arrival Cue: ( true ) 
$Departure Location: Hyperspace
$Departure Cue: ( is-event-true-delay 
   "set camera static" 
   0 
)
$Determination: 10
+Flags: ( "no-departure-warp" "invulnerable" )
+Flags2: ( )
+Respawn priority: 0
+Orders Accepted: 0		;! note that this is a bitfield!!!
+Group: 0
+Use Table Score:
+Score: 13

$Name: SF Astaroth 45		;! Object #45
$Class: SF Astaroth
$Team: Hostile
$Location: -428.232483, 726.288574, 8173.684570
$Orientation:
	0.999800, -0.019999, 0.000000,
	0.019999, 0.999800, 0.000000,
	0.000000, 0.000000, 1.000000
$AI Behavior: None
$Cargo 1:  XSTR("Nothing", -1)
+Initial Velocity: 33
+Subsystem: Pilot
$Arrival Location: Hyperspace
$Arrival Cue: ( true ) 
$Departure Location: Hyperspace
$Departure Cue: ( is-event-true-delay 
   "set camera static" 
   0 
)
$Determination: 10
+Flags: ( "no-departure-warp" "invulnerable" )
+Flags2: ( )
+Respawn priority: 0
+Orders Accepted: 0		;! note that this is a bitfield!!!
+Group: 0
+Use Table Score:
+Score: 13

$Name: SF Astaroth 46		;! Object #46
$Class: SF Astaroth
$Team: Hostile
$Location: 319.882263, 0.000000, 8414.766602
$Orientation:
	1.000000, 0.000000, 0.000000,
	0.000000, 1.000000, 0.000000,
	0.000000, 0.000000, 1.000000
$AI Behavior: None
$Cargo 1:  XSTR("Nothing", -1)
+Initial Velocity: 33
+Subsystem: Pilot
$Arrival Location: Hyperspace
$Arrival Cue: ( true ) 
$Departure Location: Hyperspace
$Departure Cue: ( is-event-true-delay 
   "set camera static" 
   0 
)
$Determination: 10
+Flags: ( "no-departure-warp" "invulnerable" )
+Flags2: ( )
+Respawn priority: 0
+Orders Accepted: 0		;! note that this is a bitfield!!!
+Group: 0
+Use Table Score:
+Score: 13

$Name: SF Astaroth 47		;! Object #47
$Class: SF Astaroth
$Team: Hostile
$Location: -955.639771, 726.288574, 8423.130859
$Orientation:
	1.000000, 0.000000, 0.000000,
	0.000000, 1.000000, 0.000000,
	0.000000, 0.000000, 1.000000
$AI Behavior: None
$AI Goals: ( goals ( ai-chase-any 89 ) )
$Cargo 1:  XSTR("Nothing", -1)
+Initial Velocity: 33
+Subsystem: Pilot
$Arrival Location: Hyperspace
$Arrival Cue: ( true ) 
$Departure Location: Hyperspace
$Departure Cue: ( is-event-true-delay 
   "set camera static" 
   0 
)
$Determination: 10
+Flags: ( "no-departure-warp" "invulnerable" )
+Flags2: ( )
+Respawn priority: 0
+Orders Accepted: 0		;! note that this is a bitfield!!!
+Group: 0
+Use Table Score:
+Score: 13

$Name: SF Astaroth 48		;! Object #48
$Class: SF Astaroth
$Team: Hostile
$Location: -1339.269775, 0.000000, 9433.305664
$Orientation:
	1.000000, 0.000000, 0.000000,
	0.000000, 1.000000, 0.000000,
	0.000000, 0.000000, 1.000000
$AI Behavior: None
$AI Goals: ( goals ( ai-chase-any 89 ) )
$Cargo 1:  XSTR("Nothing", -1)
+Initial Velocity: 33
+Subsystem: Pilot
$Arrival Location: Hyperspace
$Arrival Cue: ( true ) 
$Departure Location: Hyperspace
$Departure Cue: ( is-event-true-delay 
   "set camera static" 
   0 
)
$Determination: 10
+Flags: ( "no-departure-warp" "invulnerable" )
+Flags2: ( )
+Respawn priority: 0
+Orders Accepted: 0		;! note that this is a bitfield!!!
+Group: 0
+Use Table Score:
+Score: 13

$Name: SF Astaroth 49		;! Object #49
$Class: SF Astaroth
$Team: Hostile
$Location: -1461.271851, 726.288574, 8697.107422
$Orientation:
	1.000000, 0.000000, 0.000000,
	0.000000, 1.000000, 0.000000,
	0.000000, 0.000000, 1.000000
$AI Behavior: None
$AI Goals: ( goals ( ai-chase-any 89 ) )
$Cargo 1:  XSTR("Nothing", -1)
+Initial Velocity: 33
+Subsystem: Pilot
$Arrival Location: Hyperspace
$Arrival Cue: ( true ) 
$Departure Location: Hyperspace
$Departure Cue: ( is-event-true-delay 
   "set camera static" 
   0 
)
$Determination: 10
+Flags: ( "no-departure-warp" "invulnerable" )
+Flags2: ( )
+Respawn priority: 0
+Orders Accepted: 0		;! note that this is a bitfield!!!
+Group: 0
+Use Table Score:
