#Mission Info

$Version: 0.10
$Name:  XSTR("Into The Unknown", -1)
$Author: Herkie Del Socorro
$Created: 12/19/11 at 13:47:05
$Modified: 10/15/20 at 15:31:47
$Notes:
This is a FRED2_OPEN created mission.
$End Notes:

$Mission Desc:
 XSTR("March 23, 2371
", -1)
$end_multi_text
+Game Type Flags: 1
+Flags: 262280
+Fog Near Mult: 1.000000

+Fog Far Mult: 1.000000

+Disallow Support: 1
+Hull Repair Ceiling: 0.000000
+Subsystem Repair Ceiling: 100.000000

+Player Entry Delay:
3.000000

+Viewer pos: 510.944244, 572.877808, -1322.643311
+Viewer orient:
	0.997482, -0.000004, 0.070916,
	-0.004074, 0.998345, 0.057364,
	-0.070799, -0.057509, 0.995831


$Load Screen 640:	LoadAct8Sa.dds
$Load Screen 1024:	LoadAct8La.dds

$Skybox Model: CapBox.pof

$AI Profile: AF1
#Fiction Viewer

$File: LogA8B.txt
$Font: font01.vf

#Command Briefing

$Stage Text:
 XSTR("$B{To the 77th Dark Angels
of the 7th Battlegroup GTVA $}

Political turmoil have sparked between the $P Vasudan and $b Terran governments regarding the $V Archangel $V Project. Heated exchanges were hurled at both sides. I don't want the $G Alliance to be broken because of the unethical advances of our Terran leaders. However, we are still guilty of this sin. What we must do now is to do some reparations of our relations with the Vasudans. Our Terran leaders have already drafted a formal apology and deals that would be beneficial to both worlds and we are doing our best especially now that we made a disturbing discovery, the $Y Capella system might pose a threat to us. Our war analyst have deduced that this system could be a staging ground of the $R Shivan $R Juggernauts. We have known that the enemy have hundreds of these but we have not known where may be hiding.

", -1)
$end_multi_text
$Ani Filename: cb_Act8b.ani
+Wave Filename: none

$Stage Text:
 XSTR("So the War department have given us a very dangerous mission. I, for one, agree that this should be complied. We have to ascertain the status of $Y Capella. Although the $G High $G Council's scientific advisers believe that the volatile environment of the Capella system after its supernova could not possibly sustain an entire fleet, we have to assume that we don't know what the $R Shivans are capable of. We have not yet fully understood the Shivan technology. I rely on my instincts and I believe otherwise. Thankfully, the council is with me on that opinion. Either way, we will be $V{ plunging into the unknown $} and we cannot possibly speculate anything. For some of you have painful memories there, all I can say is I'm sorry, we have no choice, we have our orders and this mission is imperative for our survival.

$B{Admiral William Cartwright
Commander of the 7th Battlegroup $}", -1)
$end_multi_text
$Ani Filename: cb_Act8b.ani
+Wave Filename: none

#Briefing
$start_briefing
$num_stages: 3
$start_stage
$multi_text
 XSTR("Gentlemen, I am $b Captain $b Juan $b Garcia, commander of the $G Capella. I have volunteered for this suicide mission if you do so describe this. $G High $G Command has also authorized the full deployment of the remaining $G Dark $G Angels and two of our cruisers but they are against sending additional ships. So it's just us. This briefing will be short so listen up.", -1)
$end_multi_text
$voice: none.wav
$camera_pos: -421.434906, 3748.149170, -2240.791260
$camera_orient:
	0.999986, -0.000000, 0.005246,
	-0.005231, 0.075289, 0.997148,
	-0.000395, -0.997162, 0.075288
$camera_time: 500
$num_lines: 0
$num_icons: 4
$Flags: 1
$Formula: ( true ) 
$start_icon
$type: 33
$team: Unknown
$class: GTNB Pharos
$pos: -445.989685, 0.000049, -2008.048828
$label: Capella
+id: 1
$hlight: 0
$mirror: 0
$multi_text
$end_multi_text
$end_icon
$start_icon
$type: 28
$team: Friendly
$class: GTCv Capella
$pos: -435.232910, 338.595978, 300.033325
$label: Capella
+id: 2
$hlight: 0
$mirror: 1
$multi_text
$end_multi_text
$end_icon
$start_icon
$type: 1
$team: Friendly
$class: GTF Dark Angel
$pos: -431.618378, -11.886214, -604.239868
$label: Dark Angels
+id: 3
$hlight: 0
$mirror: 0
$multi_text
$end_multi_text
$end_icon
$start_icon
$type: 20
$team: Hostile
$class: SJ Sathanas
$pos: 1403.174316, -22.143343, 10.805784
$label: Shivans?
+id: 4
$hlight: 0
$mirror: 0
$multi_text
$end_multi_text
$end_icon
$end_stage
$start_stage
$multi_text
 XSTR("Our objective in this mission is to $V{ investigate and verify $} the threat of this system. We cannot know what to expect. So we must stay focus and sharp. It is very simple, go in, investigate and get out as quickly as possible. The $Y Capella environment is very dangerous and it might have effects on our subsystems.", -1)
$end_multi_text
$voice: none.wav
$camera_pos: 279.648224, 3478.174561, -238.885773
$camera_orient:
	0.999986, -0.000000, 0.005246,
	-0.005231, 0.075289, 0.997148,
	-0.000395, -0.997162, 0.075288
$camera_time: 4000
$num_lines: 0
$num_icons: 6
$Flags: 2
$Formula: ( true ) 
$start_icon
$type: 33
$team: Unknown
$class: GTNB Pharos
$pos: -445.989685, 0.000049, -2008.048828
$label: Capella
+id: 1
$hlight: 0
$mirror: 0
$multi_text
$end_multi_text
$end_icon
$start_icon
$type: 28
$team: Friendly
$class: GTCv Capella
$pos: -235.945602, 338.595856, 48.068623
$label: Capella
+id: 2
$hlight: 0
$mirror: 1
$multi_text
$end_multi_text
$end_icon
$start_icon
$type: 1
$team: Friendly
$class: GTF Dark Angel
$pos: 365.427643, -11.886351, 83.559067
$label: Dark Angels
+id: 3
$hlight: 0
$mirror: 0
$multi_text
$end_multi_text
$end_icon
$start_icon
$type: 20
$team: Hostile
$class: SJ Sathanas
$pos: 1025.409180, -22.143362, -17.499807
$label: Shivans?
+id: 4
$hlight: 0
$mirror: 0
$multi_text
$end_multi_text
$end_icon
$start_icon
$type: 18
$team: Friendly
$class: GTC Dauntless
$pos: -560.685608, 0.000450, 406.705841
$label: Dauntless
+id: 5
$hlight: 0
$mirror: 1
$multi_text
$end_multi_text
$end_icon
$start_icon
$type: 18
$team: Friendly
$class: GTC Vigilant
$pos: -573.717712, -0.000037, -275.714172
$label: Defiant
+id: 7
$hlight: 0
$mirror: 1
$multi_text
$end_multi_text
$end_icon
$end_stage
$start_stage
$multi_text
 XSTR("This is a very risky mission. But necessary in my opinion. I hope you have time to say goodbye to your families, made peace with your enemies for this might be your last sortie. Dismissed", -1)
$end_multi_text
$voice: none.wav
$camera_pos: 1414.455688, 970.557373, -558.470337
$camera_orient:
	0.999986, -0.000000, 0.005246,
	-0.004553, 0.496703, 0.867909,
	-0.002606, -0.867921, 0.496696
$camera_time: 2000
$num_lines: 0
$num_icons: 7
$Flags: 2
$Formula: ( true ) 
$start_icon
$type: 33
$team: Unknown
$class: GTNB Pharos
$pos: -445.989685, 0.000049, -2008.048828
$label: Capella
+id: 1
$hlight: 0
$mirror: 0
$multi_text
$end_multi_text
$end_icon
$start_icon
$type: 28
$team: Friendly
$class: GTCv Capella
$pos: -235.945602, 338.595856, 48.068623
$label: Capella
+id: 2
$hlight: 0
$mirror: 0
$multi_text
$end_multi_text
$end_icon
$start_icon
$type: 1
$team: Friendly
$class: GTF Dark Angel
$pos: 365.427643, -11.886351, 83.559067
$label: Dark Angels
+id: 3
$hlight: 0
$mirror: 0
$multi_text
$end_multi_text
$end_icon
$start_icon
$type: 20
$team: Hostile
$class: SJ Sathanas
$pos: 1415.273560, -22.143591, 11.849951
$label: Shivans?
+id: 4
$hlight: 0
$mirror: 0
$multi_text
$end_multi_text
$end_icon
$start_icon
$type: 18
$team: Friendly
$class: GTC Dauntless
$pos: -560.685608, 0.000450, 406.705841
$label: Dauntless
+id: 5
$hlight: 0
$mirror: 0
$multi_text
$end_multi_text
$end_icon
$start_icon
$type: 18
$team: Friendly
$class: GTC Vigilant
$pos: -283.415405, 849.838196, -421.925171
$label: Defiant
+id: 6
$hlight: 0
$mirror: 0
$multi_text
$end_multi_text
$end_icon
$start_icon
$type: 18
$team: Friendly
$class: GTC Vigilant
$pos: -573.717712, -0.000037, -275.714172
$label: Defiant
+id: 7
$hlight: 0
$mirror: 0
$multi_text
$end_multi_text
$end_icon
$end_stage
$end_briefing

#Debriefing_info

$Num stages: 1

$Formula: ( is-goal-true-delay "Escape" 0 ) 
$Multi text
    XSTR("$B{ To Commander John Richter
77th Dark Angels Squadron $}

The destruction of the $G Capella, the $G Defiant and the $G Dauntless was a great loss and you have lost your entire squadron as well. Only two of your pilots survived$semicolon $b{ Beta 1, Lt. Greg Sanders $} and $b{ Alpha 2, Lt. Pete Bergens. $}  We can only mourn for those who are dear to us. Such a price we must pay. Nevertheless, their lives were not in vain for we obtained the needed data from the $Y Capella system and you survived, Commander. For that, we can say that this expedition was not entirely a failure. The information we have will be a deciding factor in $V{ totally restructuring our battle campaign. $} Indeed, your group have single-handedly influenced the war. No words can describe your heroic deeds in this and all other missions that you took. The $b High $b Council has your highest regard.

Effectively and immediately, you are, hereby, promoted to the rank of $P Captain assuming the position of $b Flight $b Division $b Commander or FDC, you are in command of the $G 7th $G BG squadrons. We are also assembling new elite fighter pilots to reinstate the $G 77th $G Dark $G Angels. I guess you will have that squadron back again.

One thing, as an FDC, you normally stay aboard the flagship, formulating your squadron's battle plans and giving them your briefings and debriefings, you are not required to go into battle. But it's your prerogative to fly with them if you choose to.

$B{ Admiral William Cartwright
7th Battlegroup GTVA $}

", -1)
$end_multi_text
$Voice: none.wav
$Recommendation text:
    XSTR("We have no freaking recommendations for you.", -1)
$end_multi_text

#Alternate Types:
$Alt: 7th Battlegroup

#end


#Players		;! 1 total

$Starting Shipname: alpha 1
$Ship Choices: (
	"GTF Ulysses"	5
	"GTF Ares"	12
	"GTF Erinyes"	12
	"GTF Falcon"	12
	"GTF Phoenix"	12
)

+Weaponry Pool: (
	"Subach HL-7"	24
	"Akheton SDG"	12
	"Morning Star"	12
	"Prometheus R"	24
	"Prometheus S"	24
	"Maxim"	12
	"Skyrail"	24
	"Ripper"	24
	"Devastator"	12
	"Starfury"	12
	"Blizzard"	4
	"Rockeye"	500
	"Tempest"	7000
	"Hornet"	4000
	"Tornado"	2000
	"Harpoon"	500
	"Trebuchet"	500
	"Piranha"	500
	"Infyrno"	500
	"Cyclops"	200
	"Helios"	200
	"Hellstorm"	120
	"UD-8 Kayser"	12
	"Screamer"	4320
	"Hunter"	960
)

#Objects		;! 103 total

$Name: alpha 1		;! Object #0
$Class: GTF Dark Angel
$Team: Friendly
$Location: 499.789398, -6.083735, 697.561218
$Orientation:
	0.020795, 0.000000, 0.999784,
	0.000000, 1.000000, 0.000000,
	-0.999784, 0.000000, 0.020795
$AI Behavior: None
$Cargo 1:  XSTR("Nothing", -1)
+Initial Hull: 100
+Subsystem: Pilot
$Arrival Location: Hyperspace
$Arrival Cue: ( false ) 
$Departure Location: Hyperspace
$Departure Cue: ( false ) 
$Determination: 10
+Flags: ( "cargo-known" "player-start" )
+Flags2: ( )
+Respawn priority: 0
+Group: 0
+Score: 8

$Name: alpha 2		;! Object #1
$Class: GTF Dark Angel
$Team: Friendly
$Location: -109.016006, 21.536972, 67.918320
$Orientation:
	1.000000, 0.000000, 0.000000,
	0.000000, 1.000000, 0.000000,
	0.000000, 0.000000, 1.000000
$AI Behavior: None
$Cargo 1:  XSTR("Nothing", -1)
+Initial Velocity: 33
+Initial Hull: 100
+Subsystem: Pilot
$Arrival Location: Hyperspace
$Arrival Cue: ( false ) 
$Departure Location: Hyperspace
$Departure Cue: ( false ) 
$Determination: 10
+Flags: ( "cargo-known" "guardian" )
+Flags2: ( )
+Respawn priority: 0
+Group: 0
+Use Table Score:
+Score: 10
+Persona Index: 0

$Name: alpha 3		;! Object #2
$Class: GTF Dark Angel
$Team: Friendly
$Location: 28.200241, -23.772429, -23.733610
$Orientation:
	1.000000, 0.000000, 0.000000,
	0.000000, 1.000000, 0.000000,
	0.000000, 0.000000, 1.000000
$AI Behavior: None
$Cargo 1:  XSTR("Nothing", -1)
+Initial Velocity: 33
+Initial Hull: 100
+Subsystem: Pilot
$Arrival Location: Hyperspace
$Arrival Cue: ( false ) 
$Departure Location: Hyperspace
$Departure Cue: ( false ) 
$Determination: 10
+Flags: ( "cargo-known" )
+Flags2: ( )
+Respawn priority: 0
+Group: 0
+Use Table Score:
+Score: 10
+Persona Index: 1

$Name: alpha 4		;! Object #3
$Class: GTF Dark Angel
$Team: Friendly
$Location: -11.134414, 41.044086, 63.250996
$Orientation:
	1.000000, 0.000000, 0.000000,
	0.000000, 1.000000, 0.000000,
	0.000000, 0.000000, 1.000000
$AI Behavior: None
$Cargo 1:  XSTR("Nothing", -1)
+Initial Velocity: 33
+Initial Hull: 100
+Subsystem: Pilot
$Arrival Location: Hyperspace
$Arrival Cue: ( false ) 
$Departure Location: Hyperspace
$Departure Cue: ( false ) 
$Determination: 10
+Flags: ( "cargo-known" )
+Flags2: ( )
+Respawn priority: 0
+Group: 0
+Use Table Score:
+Score: 10
+Persona Index: 3

$Name: beta 1		;! Object #4
$Class: GTF Dark Angel
$Team: Friendly
$Location: 1.369647, 10.927621, 440.412872
$Orientation:
	1.000000, 0.000000, 0.000000,
	0.000000, 1.000000, 0.000000,
	0.000000, 0.000000, 1.000000
$AI Behavior: None
$Cargo 1:  XSTR("Nothing", -1)
+Initial Velocity: 33
+Initial Hull: 100
+Subsystem: Pilot
$Arrival Location: Hyperspace
$Arrival Cue: ( false ) 
$Departure Location: Hyperspace
$Departure Cue: ( false ) 
$Determination: 10
+Flags: ( "cargo-known" )
+Flags2: ( )
+Respawn priority: 0
+Group: 0
+Use Table Score:
+Score: 10
+Persona Index: 3

$Name: beta 2		;! Object #5
$Class: GTF Dark Angel
$Team: Friendly
$Location: -43.511734, 22.528536, 412.709015
$Orientation:
	1.000000, 0.000000, 0.000000,
	0.000000, 1.000000, 0.000000,
	0.000000, 0.000000, 1.000000
$AI Behavior: None
$Cargo 1:  XSTR("Nothing", -1)
+Initial Velocity: 33
+Initial Hull: 100
+Subsystem: Pilot
$Arrival Location: Hyperspace
$Arrival Cue: ( false ) 
$Departure Location: Hyperspace
$Departure Cue: ( false ) 
$Determination: 10
+Flags: ( "cargo-known" )
+Flags2: ( )
+Respawn priority: 0
+Group: 0
+Use Table Score:
+Score: 10
+Persona Index: 4

$Name: beta 3		;! Object #6
$Class: GTF Dark Angel
$Team: Friendly
$Location: 58.218529, 0.000000, 413.423309
$Orientation:
	1.000000, 0.000000, 0.000000,
	0.000000, 1.000000, 0.000000,
	0.000000, 0.000000, 1.000000
$AI Behavior: None
$Cargo 1:  XSTR("Nothing", -1)
+Initial Velocity: 33
+Initial Hull: 100
+Subsystem: Pilot
$Arrival Location: Hyperspace
$Arrival Cue: ( false ) 
$Departure Location: Hyperspace
$Departure Cue: ( false ) 
$Determination: 10
+Flags: ( "cargo-known" )
+Flags2: ( )
+Respawn priority: 0
+Group: 0
+Use Table Score:
+Score: 10
+Persona Index: 2

$Name: beta 4		;! Object #7
$Class: GTF Dark Angel
$Team: Friendly
$Location: 3.234614, -15.047450, 388.811615
$Orientation:
	1.000000, 0.000000, 0.000000,
	0.000000, 1.000000, 0.000000,
	0.000000, 0.000000, 1.000000
$AI Behavior: None
$Cargo 1:  XSTR("Nothing", -1)
+Initial Velocity: 33
+Initial Hull: 100
+Subsystem: Pilot
$Arrival Location: Hyperspace
$Arrival Cue: ( false ) 
$Departure Location: Hyperspace
$Departure Cue: ( false ) 
$Determination: 10
+Flags: ( "cargo-known" )
+Flags2: ( )
+Respawn priority: 0
+Group: 0
+Use Table Score:
+Score: 10
+Persona Index: 3

$Name: gamma 1		;! Object #8
$Class: GTF Dark Angel
$Team: Friendly
$Location: -39.937538, 27.996218, 334.442352
$Orientation:
	1.000000, 0.000000, 0.000000,
	0.000000, 1.000000, 0.000000,
	0.000000, 0.000000, 1.000000
$AI Behavior: None
$Cargo 1:  XSTR("Nothing", -1)
+Initial Velocity: 33
+Initial Hull: 100
+Subsystem: Pilot
$Arrival Location: Hyperspace
$Arrival Cue: ( false ) 
$Departure Location: Hyperspace
$Departure Cue: ( false ) 
$Determination: 10
+Flags: ( "cargo-known" )
+Flags2: ( )
+Respawn priority: 0
+Group: 0
+Use Table Score:
+Score: 10
+Persona Index: 2

$Name: gamma 2		;! Object #9
$Class: GTF Dark Angel
$Team: Friendly
$Location: -140.053680, 62.009182, 224.959595
$Orientation:
	1.000000, 0.000000, 0.000000,
	0.000000, 1.000000, 0.000000,
	0.000000, 0.000000, 1.000000
$AI Behavior: None
$Cargo 1:  XSTR("Nothing", -1)
+Initial Velocity: 33
+Initial Hull: 100
+Subsystem: Pilot
$Arrival Location: Hyperspace
$Arrival Cue: ( false ) 
$Departure Location: Hyperspace
$Departure Cue: ( false ) 
$Determination: 10
+Flags: ( "cargo-known" )
+Flags2: ( )
+Respawn priority: 0
+Group: 0
+Use Table Score:
+Score: 10
+Persona Index: 1

$Name: gamma 3		;! Object #10
$Class: GTF Dark Angel
$Team: Friendly
$Location: -63.876534, -61.588947, 332.971893
$Orientation:
	1.000000, 0.000000, 0.000000,
	0.000000, 1.000000, 0.000000,
	0.000000, 0.000000, 1.000000
$AI Behavior: None
$Cargo 1:  XSTR("Nothing", -1)
+Initial Velocity: 33
+Initial Hull: 100
+Subsystem: Pilot
$Arrival Location: Hyperspace
$Arrival Cue: ( false ) 
$Departure Location: Hyperspace
$Departure Cue: ( false ) 
$Determination: 10
+Flags: ( "cargo-known" )
+Flags2: ( )
+Respawn priority: 0
+Group: 0
+Use Table Score:
+Score: 10
+Persona Index: 0

$Name: gamma 4		;! Object #11
$Class: GTF Dark Angel
$Team: Friendly
$Location: -105.656944, -21.242954, 208.172546
$Orientation:
	1.000000, 0.000000, 0.000000,
	0.000000, 1.000000, 0.000000,
	0.000000, 0.000000, 1.000000
$AI Behavior: None
$Cargo 1:  XSTR("Nothing", -1)
+Initial Velocity: 33
+Initial Hull: 100
+Subsystem: Pilot
$Arrival Location: Hyperspace
$Arrival Cue: ( false ) 
$Departure Location: Hyperspace
$Departure Cue: ( false ) 
$Determination: 10
+Flags: ( "cargo-known" )
+Flags2: ( )
+Respawn priority: 0
+Group: 0
+Use Table Score:
+Score: 10
+Persona Index: 1

$Name: SF Dragon 17		;! Object #12
$Class: SF Dragon
$Team: Hostile
$Location: 80.887726, -56.413483, 348.249634
$Orientation:
	-0.997661, 0.000000, -0.068354,
	0.000000, 1.000000, 0.000000,
	0.068354, 0.000000, -0.997661
$AI Behavior: None
$AI Goals: ( goals ( ai-chase-any 89 ) )
$Cargo 1:  XSTR("Nothing", -1)
+Initial Velocity: 33
+Subsystem: Pilot
$Arrival Location: Hyperspace
$Arrival Cue: ( true ) 
$Departure Location: Hyperspace
$Departure Cue: ( false ) 
$Determination: 10
+Flags: ( )
+Flags2: ( "hide-ship-name" )
+Respawn priority: 0
+Orders Accepted: 0		;! note that this is a bitfield!!!
+Group: 0
+Use Table Score:
+Score: 16

$Name: SF Dragon 20		;! Object #13
$Class: SF Dragon
$Team: Hostile
$Location: 63.695694, -56.413483, 295.918640
$Orientation:
	-0.997661, 0.000000, -0.068354,
	0.000000, 1.000000, 0.000000,
	0.068354, 0.000000, -0.997661
$AI Behavior: None
$AI Goals: ( goals ( ai-chase-any 89 ) )
$Cargo 1:  XSTR("Nothing", -1)
+Initial Velocity: 33
+Subsystem: Pilot
$Arrival Location: Hyperspace
$Arrival Cue: ( true ) 
$Departure Location: Hyperspace
$Departure Cue: ( false ) 
$Determination: 10
+Flags: ( )
+Flags2: ( "hide-ship-name" )
+Respawn priority: 0
+Orders Accepted: 0		;! note that this is a bitfield!!!
+Group: 0
+Use Table Score:
+Score: 16

$Name: SF Dragon 23		;! Object #14
$Class: SF Dragon
$Team: Hostile
$Location: -177.884186, 28.758636, 596.076111
$Orientation:
	-0.997661, 0.000000, -0.068354,
	0.000000, 1.000000, 0.000000,
	0.068354, 0.000000, -0.997661
$AI Behavior: None
$Cargo 1:  XSTR("Nothing", -1)
+Initial Velocity: 33
+Subsystem: Pilot
$Arrival Location: Hyperspace
$Arrival Cue: ( true ) 
$Departure Location: Hyperspace
$Departure Cue: ( false ) 
$Determination: 10
+Flags: ( )
+Flags2: ( "hide-ship-name" )
+Respawn priority: 0
+Orders Accepted: 0		;! note that this is a bitfield!!!
+Group: 0
+Use Table Score:
+Score: 16

$Name: SF Dragon 29		;! Object #15
$Class: SF Dragon
$Team: Hostile
$Location: -283.199829, 57.653969, 621.547546
$Orientation:
	-0.997661, 0.000000, -0.068354,
	0.000000, 1.000000, 0.000000,
	0.068354, 0.000000, -0.997661
$AI Behavior: None
$AI Goals: ( goals ( ai-chase-any 89 ) )
$Cargo 1:  XSTR("Nothing", -1)
+Initial Velocity: 33
+Subsystem: Pilot
$Arrival Location: Hyperspace
$Arrival Cue: ( true ) 
$Departure Location: Hyperspace
$Departure Cue: ( false ) 
$Determination: 10
+Flags: ( )
+Flags2: ( "hide-ship-name" )
+Respawn priority: 0
+Orders Accepted: 0		;! note that this is a bitfield!!!
+Group: 0
+Use Table Score:
+Score: 16

$Name: SF Dragon 30		;! Object #16
$Class: SF Dragon
$Team: Hostile
$Location: -259.541321, 83.633087, 602.477661
$Orientation:
	-0.997661, 0.000000, -0.068354,
	0.000000, 1.000000, 0.000000,
	0.068354, 0.000000, -0.997661
$AI Behavior: None
$AI Goals: ( goals ( ai-chase-any 89 ) )
$Cargo 1:  XSTR("Nothing", -1)
+Initial Velocity: 33
+Subsystem: Pilot
$Arrival Location: Hyperspace
$Arrival Cue: ( true ) 
$Departure Location: Hyperspace
$Departure Cue: ( false ) 
$Determination: 10
+Flags: ( )
+Flags2: ( "hide-ship-name" )
+Respawn priority: 0
+Orders Accepted: 0		;! note that this is a bitfield!!!
+Group: 0
+Use Table Score:
+Score: 16

$Name: SF Dragon 31		;! Object #17
$Class: SF Dragon
$Team: Hostile
$Location: -225.191879, 44.417442, 565.254883
$Orientation:
	-0.997661, 0.000000, -0.068354,
	0.000000, 1.000000, 0.000000,
	0.068354, 0.000000, -0.997661
$AI Behavior: None
$AI Goals: ( goals ( ai-chase-any 89 ) )
$Cargo 1:  XSTR("Nothing", -1)
+Initial Velocity: 33
+Subsystem: Pilot
$Arrival Location: Hyperspace
$Arrival Cue: ( true ) 
$Departure Location: Hyperspace
$Departure Cue: ( false ) 
$Determination: 10
+Flags: ( )
+Flags2: ( "hide-ship-name" )
+Respawn priority: 0
+Orders Accepted: 0		;! note that this is a bitfield!!!
+Group: 0
+Use Table Score:
+Score: 16

$Name: SF Dragon 35		;! Object #18
$Class: SF Dragon
$Team: Hostile
$Location: -415.308105, -124.653839, 710.141541
$Orientation:
	-0.997661, 0.000000, -0.068354,
	0.000000, 1.000000, 0.000000,
	0.068354, 0.000000, -0.997661
$AI Behavior: None
$AI Goals: ( goals ( ai-chase-any 89 ) )
$Cargo 1:  XSTR("Nothing", -1)
+Initial Velocity: 33
+Subsystem: Pilot
$Arrival Location: Hyperspace
$Arrival Cue: ( true ) 
$Departure Location: Hyperspace
$Departure Cue: ( false ) 
$Determination: 10
+Flags: ( )
+Flags2: ( "hide-ship-name" )
+Respawn priority: 0
+Orders Accepted: 0		;! note that this is a bitfield!!!
+Group: 0
+Use Table Score:
+Score: 16

$Name: SF Dragon 36		;! Object #19
$Class: SF Dragon
$Team: Hostile
$Location: -387.803345, -163.344193, 728.375305
$Orientation:
	-0.997661, 0.000000, -0.068354,
	0.000000, 1.000000, 0.000000,
	0.068354, 0.000000, -0.997661
$AI Behavior: None
$AI Goals: ( goals ( ai-chase-any 89 ) )
$Cargo 1:  XSTR("Nothing", -1)
+Initial Velocity: 33
+Subsystem: Pilot
$Arrival Location: Hyperspace
$Arrival Cue: ( true ) 
$Departure Location: Hyperspace
$Departure Cue: ( false ) 
$Determination: 10
+Flags: ( )
+Flags2: ( "hide-ship-name" )
+Respawn priority: 0
+Orders Accepted: 0		;! note that this is a bitfield!!!
+Group: 0
+Use Table Score:
+Score: 16

$Name: SF Dragon 40		;! Object #20
$Class: SF Dragon
$Team: Hostile
$Location: 97.541351, -64.517365, 294.948547
$Orientation:
	-0.997661, 0.000000, -0.068354,
	0.000000, 1.000000, 0.000000,
	0.068354, 0.000000, -0.997661
$AI Behavior: None
$AI Goals: ( goals ( ai-chase-any 89 ) )
$Cargo 1:  XSTR("Nothing", -1)
+Initial Velocity: 33
+Subsystem: Pilot
$Arrival Location: Hyperspace
$Arrival Cue: ( true ) 
$Departure Location: Hyperspace
$Departure Cue: ( false ) 
$Determination: 10
+Flags: ( )
+Flags2: ( "hide-ship-name" )
+Respawn priority: 0
+Orders Accepted: 0		;! note that this is a bitfield!!!
+Group: 0
+Use Table Score:
+Score: 16

$Name: SF Dragon 41		;! Object #21
$Class: SF Dragon
$Team: Hostile
$Location: -116.434990, -108.729919, 299.311371
$Orientation:
	-0.997661, 0.000000, -0.068354,
	0.000000, 1.000000, 0.000000,
	0.068354, 0.000000, -0.997661
$AI Behavior: None
$AI Goals: ( goals ( ai-chase-any 89 ) )
$Cargo 1:  XSTR("Nothing", -1)
+Initial Velocity: 33
+Subsystem: Pilot
$Arrival Location: Hyperspace
$Arrival Cue: ( true ) 
$Departure Location: Hyperspace
$Departure Cue: ( false ) 
$Determination: 10
+Flags: ( )
+Flags2: ( "hide-ship-name" )
+Respawn priority: 0
+Orders Accepted: 0		;! note that this is a bitfield!!!
+Group: 0
+Use Table Score:
+Score: 16

$Name: SF Dragon 42		;! Object #22
$Class: SF Dragon
$Team: Hostile
$Location: -104.413689, -62.992283, 309.979095
$Orientation:
	-0.997661, 0.000000, -0.068354,
	0.000000, 1.000000, 0.000000,
	0.068354, 0.000000, -0.997661
$AI Behavior: None
$AI Goals: ( goals ( ai-chase-any 89 ) )
$Cargo 1:  XSTR("Nothing", -1)
+Initial Velocity: 33
+Subsystem: Pilot
$Arrival Location: Hyperspace
$Arrival Cue: ( true ) 
$Departure Location: Hyperspace
$Departure Cue: ( false ) 
$Determination: 10
+Flags: ( )
+Flags2: ( "hide-ship-name" )
+Respawn priority: 0
+Orders Accepted: 0		;! note that this is a bitfield!!!
+Group: 0
+Use Table Score:
+Score: 16

$Name: SF Dragon 43		;! Object #23
$Class: SF Dragon
$Team: Hostile
$Location: -62.721409, 62.828526, 317.202484
$Orientation:
	-0.997661, 0.000000, -0.068354,
	0.000000, 1.000000, 0.000000,
	0.068354, 0.000000, -0.997661
$AI Behavior: None
$AI Goals: ( goals ( ai-chase-any 89 ) )
$Cargo 1:  XSTR("Nothing", -1)
+Initial Velocity: 33
+Subsystem: Pilot
$Arrival Location: Hyperspace
$Arrival Cue: ( true ) 
$Departure Location: Hyperspace
$Departure Cue: ( false ) 
$Determination: 10
+Flags: ( )
+Flags2: ( "hide-ship-name" )
+Respawn priority: 0
+Orders Accepted: 0		;! note that this is a bitfield!!!
+Group: 0
+Use Table Score:
+Score: 16

$Name: SF Dragon 44		;! Object #24
$Class: SF Dragon
$Team: Hostile
$Location: 230.234604, 62.828419, 726.230713
$Orientation:
	-0.997661, 0.000000, -0.068354,
	0.000000, 1.000000, 0.000000,
	0.068354, 0.000000, -0.997661
$AI Behavior: None
$AI Goals: ( goals ( ai-chase-any 89 ) )
$Cargo 1:  XSTR("Nothing", -1)
+Initial Velocity: 33
+Subsystem: Pilot
$Arrival Location: Hyperspace
$Arrival Cue: ( true ) 
$Departure Location: Hyperspace
$Departure Cue: ( false ) 
$Determination: 10
+Flags: ( )
+Flags2: ( "hide-ship-name" )
+Respawn priority: 0
+Orders Accepted: 0		;! note that this is a bitfield!!!
+Group: 0
+Use Table Score:
+Score: 16

$Name: SF Dragon 45		;! Object #25
$Class: SF Dragon
$Team: Hostile
$Location: 268.675110, 62.828526, 693.754089
$Orientation:
	-0.997661, 0.000000, -0.068354,
	0.000000, 1.000000, 0.000000,
	0.068354, 0.000000, -0.997661
$AI Behavior: None
$AI Goals: ( goals ( ai-chase-any 89 ) )
$Cargo 1:  XSTR("Nothing", -1)
+Initial Velocity: 33
+Subsystem: Pilot
$Arrival Location: Hyperspace
$Arrival Cue: ( true ) 
$Departure Location: Hyperspace
$Departure Cue: ( false ) 
$Determination: 10
+Flags: ( )
+Flags2: ( "hide-ship-name" )
+Respawn priority: 0
+Orders Accepted: 0		;! note that this is a bitfield!!!
+Group: 0
+Use Table Score:
+Score: 16

$Name: SF Dragon 46		;! Object #26
$Class: SF Dragon
$Team: Hostile
$Location: -67.995422, 47.600880, 283.964203
$Orientation:
	-0.997661, 0.000000, -0.068354,
	0.000000, 1.000000, 0.000000,
	0.068354, 0.000000, -0.997661
$AI Behavior: None
$AI Goals: ( goals ( ai-chase-any 89 ) )
$Cargo 1:  XSTR("Nothing", -1)
+Initial Velocity: 33
+Subsystem: Pilot
$Arrival Location: Hyperspace
$Arrival Cue: ( true ) 
$Departure Location: Hyperspace
$Departure Cue: ( false ) 
$Determination: 10
+Flags: ( )
+Flags2: ( "hide-ship-name" )
+Respawn priority: 0
+Orders Accepted: 0		;! note that this is a bitfield!!!
+Group: 0
+Use Table Score:
+Score: 16

$Name: SF Dragon 47		;! Object #27
$Class: SF Dragon
$Team: Hostile
$Location: 255.189377, 42.695206, 387.478851
$Orientation:
	-0.997661, 0.000000, -0.068354,
	0.000000, 1.000000, 0.000000,
	0.068354, 0.000000, -0.997661
$AI Behavior: None
$AI Goals: ( goals ( ai-chase-any 89 ) )
$Cargo 1:  XSTR("Nothing", -1)
+Initial Velocity: 33
+Subsystem: Pilot
$Arrival Location: Hyperspace
$Arrival Cue: ( true ) 
$Departure Location: Hyperspace
$Departure Cue: ( false ) 
$Determination: 10
+Flags: ( )
+Flags2: ( "hide-ship-name" )
+Respawn priority: 0
+Orders Accepted: 0		;! note that this is a bitfield!!!
+Group: 0
+Use Table Score:
+Score: 16

$Name: SF Dragon 48		;! Object #28
$Class: SF Dragon
$Team: Hostile
$Location: 272.957367, 62.828335, 633.687988
$Orientation:
	-0.997661, 0.000000, -0.068354,
	0.000000, 1.000000, 0.000000,
	0.068354, 0.000000, -0.997661
$AI Behavior: None
$AI Goals: ( goals ( ai-chase-any 89 ) )
$Cargo 1:  XSTR("Nothing", -1)
+Initial Velocity: 33
+Subsystem: Pilot
$Arrival Location: Hyperspace
$Arrival Cue: ( true ) 
$Departure Location: Hyperspace
$Departure Cue: ( false ) 
$Determination: 10
+Flags: ( )
+Flags2: ( "hide-ship-name" )
+Respawn priority: 0
+Orders Accepted: 0		;! note that this is a bitfield!!!
+Group: 0
+Use Table Score:
+Score: 16

$Name: SF Dragon 49		;! Object #29
$Class: SF Dragon
$Team: Hostile
$Location: -101.472221, -109.705780, 346.054413
$Orientation:
	-0.997661, 0.000000, -0.068354,
	0.000000, 1.000000, 0.000000,
	0.068354, 0.000000, -0.997661
$AI Behavior: None
$AI Goals: ( goals ( ai-chase-any 89 ) )
$Cargo 1:  XSTR("Nothing", -1)
+Initial Velocity: 33
+Subsystem: Pilot
$Arrival Location: Hyperspace
$Arrival Cue: ( true ) 
$Departure Location: Hyperspace
$Departure Cue: ( false ) 
$Determination: 10
+Flags: ( )
+Flags2: ( "hide-ship-name" )
+Respawn priority: 0
+Orders Accepted: 0		;! note that this is a bitfield!!!
+Group: 0
+Use Table Score:
+Score: 16

$Name: SF Dragon 50		;! Object #30
$Class: SF Dragon
$Team: Hostile
$Location: -101.784843, -200.702255, 360.069672
$Orientation:
	-0.997661, 0.000000, -0.068354,
	0.000000, 1.000000, 0.000000,
	0.068354, 0.000000, -0.997661
$AI Behavior: None
$AI Goals: ( goals ( ai-chase-any 89 ) )
$Cargo 1:  XSTR("Nothing", -1)
+Initial Velocity: 33
+Subsystem: Pilot
$Arrival Location: Hyperspace
$Arrival Cue: ( true ) 
$Departure Location: Hyperspace
$Departure Cue: ( false ) 
$Determination: 10
+Flags: ( )
+Flags2: ( "hide-ship-name" )
+Respawn priority: 0
+Orders Accepted: 0		;! note that this is a bitfield!!!
+Group: 0
+Use Table Score:
+Score: 16

$Name: SF Dragon 51		;! Object #31
$Class: SF Dragon
$Team: Hostile
$Location: 248.721359, 62.828526, 786.002258
$Orientation:
	-0.997661, 0.000000, -0.068354,
	0.000000, 1.000000, 0.000000,
	0.068354, 0.000000, -0.997661
$AI Behavior: None
$AI Goals: ( goals ( ai-chase-any 89 ) )
$Cargo 1:  XSTR("Nothing", -1)
+Initial Velocity: 33
+Subsystem: Pilot
$Arrival Location: Hyperspace
$Arrival Cue: ( true ) 
$Departure Location: Hyperspace
$Departure Cue: ( false ) 
$Determination: 10
+Flags: ( )
+Flags2: ( "hide-ship-name" )
+Respawn priority: 0
+Orders Accepted: 0		;! note that this is a bitfield!!!
+Group: 0
+Use Table Score:
+Score: 16

$Name: SF Dragon 52		;! Object #32
$Class: SF Dragon
$Team: Hostile
$Location: 115.401093, -56.413483, 337.620972
$Orientation:
	-0.997661, 0.000000, -0.068354,
	0.000000, 1.000000, 0.000000,
	0.068354, 0.000000, -0.997661
$AI Behavior: None
$AI Goals: ( goals ( ai-chase-any 89 ) )
$Cargo 1:  XSTR("Nothing", -1)
+Initial Velocity: 33
+Subsystem: Pilot
$Arrival Location: Hyperspace
$Arrival Cue: ( true ) 
$Departure Location: Hyperspace
$Departure Cue: ( false ) 
$Determination: 10
+Flags: ( )
+Flags2: ( "hide-ship-name" )
+Respawn priority: 0
+Orders Accepted: 0		;! note that this is a bitfield!!!
+Group: 0
+Use Table Score:
+Score: 16

$Name: SF Dragon 55		;! Object #33
$Class: SF Dragon
$Team: Hostile
$Location: -136.559113, -70.185143, 563.568604
$Orientation:
	-0.997661, 0.000000, -0.068354,
	0.000000, 1.000000, 0.000000,
	0.068354, 0.000000, -0.997661
$AI Behavior: None
$AI Goals: ( goals ( ai-chase-any 89 ) )
$Cargo 1:  XSTR("Nothing", -1)
+Initial Velocity: 33
+Subsystem: Pilot
$Arrival Location: Hyperspace
$Arrival Cue: ( true ) 
$Departure Location: Hyperspace
$Departure Cue: ( false ) 
$Determination: 10
+Flags: ( )
+Flags2: ( "hide-ship-name" )
+Respawn priority: 0
+Orders Accepted: 0		;! note that this is a bitfield!!!
+Group: 0
+Use Table Score:
+Score: 16

$Name: SF Dragon 56		;! Object #34
$Class: SF Dragon
$Team: Hostile
$Location: -193.320831, 44.417442, 561.898071
$Orientation:
	-0.997661, 0.000000, -0.068354,
	0.000000, 1.000000, 0.000000,
	0.068354, 0.000000, -0.997661
$AI Behavior: None
$AI Goals: ( goals ( ai-chase-any 89 ) )
$Cargo 1:  XSTR("Nothing", -1)
+Initial Velocity: 33
+Subsystem: Pilot
$Arrival Location: Hyperspace
$Arrival Cue: ( true ) 
$Departure Location: Hyperspace
$Departure Cue: ( false ) 
$Determination: 10
+Flags: ( )
+Flags2: ( "hide-ship-name" )
+Respawn priority: 0
+Orders Accepted: 0		;! note that this is a bitfield!!!
+Group: 0
+Use Table Score:
+Score: 16

$Name: SF Dragon 58		;! Object #35
$Class: SF Dragon
$Team: Hostile
$Location: -212.911224, 44.417442, 540.541809
$Orientation:
	-0.997661, 0.000000, -0.068354,
	0.000000, 1.000000, 0.000000,
	0.068354, 0.000000, -0.997661
$AI Behavior: None
$AI Goals: ( goals ( ai-chase-any 89 ) )
$Cargo 1:  XSTR("Nothing", -1)
+Initial Velocity: 33
+Subsystem: Pilot
$Arrival Location: Hyperspace
$Arrival Cue: ( true ) 
$Departure Location: Hyperspace
$Departure Cue: ( false ) 
$Determination: 10
+Flags: ( )
+Flags2: ( "hide-ship-name" )
+Respawn priority: 0
+Orders Accepted: 0		;! note that this is a bitfield!!!
+Group: 0
+Use Table Score:
+Score: 16

$Name: SF Dragon 66		;! Object #36
$Class: SF Dragon
$Team: Hostile
$Location: -61.552589, -73.221962, 351.225494
$Orientation:
	-0.997661, 0.000000, -0.068354,
	0.000000, 1.000000, 0.000000,
	0.068354, 0.000000, -0.997661
$AI Behavior: None
$AI Goals: ( goals ( ai-chase-any 89 ) )
$Cargo 1:  XSTR("Nothing", -1)
+Initial Velocity: 33
+Subsystem: Pilot
$Arrival Location: Hyperspace
$Arrival Cue: ( true ) 
$Departure Location: Hyperspace
$Departure Cue: ( false ) 
$Determination: 10
+Flags: ( )
+Flags2: ( "hide-ship-name" )
+Respawn priority: 0
+Orders Accepted: 0		;! note that this is a bitfield!!!
+Group: 0
+Use Table Score:
+Score: 16

$Name: SF Dragon 68		;! Object #37
$Class: SF Dragon
$Team: Hostile
$Location: 360.018860, -44.286686, 725.281372
$Orientation:
	-0.997661, 0.000000, -0.068354,
	0.000000, 1.000000, 0.000000,
	0.068354, 0.000000, -0.997661
$AI Behavior: None
$AI Goals: ( goals ( ai-chase-any 89 ) )
$Cargo 1:  XSTR("Nothing", -1)
+Initial Velocity: 33
+Subsystem: Pilot
$Arrival Location: Hyperspace
$Arrival Cue: ( true ) 
$Departure Location: Hyperspace
$Departure Cue: ( false ) 
$Determination: 10
+Flags: ( )
+Flags2: ( "hide-ship-name" )
+Respawn priority: 0
+Orders Accepted: 0		;! note that this is a bitfield!!!
+Group: 0
+Use Table Score:
+Score: 16

$Name: Capella		;! Object #38
$Class: GTCv Capella
$Alt: 7th Battlegroup

$Team: Friendly
$Location: -166.880249, 338.595978, 16.589083
$Orientation:
	1.000000, 0.000000, 0.000000,
	0.000000, 1.000000, 0.000000,
	0.000000, 0.000000, 1.000000
$AI Behavior: None
$AI Goals: ( goals ( ai-waypoints-once "Waypoint path 1" 89 ) )
$Cargo 1:  XSTR("Nothing", -1)
+Initial Velocity: 33
+Initial Hull: 100
+Initial Shields: 100
+Subsystem: Pilot
+Subsystem: turret01
+Subsystem: turret02
+Subsystem: turret03
+Subsystem: turret04
+Subsystem: turret05
+Subsystem: turret06
+Subsystem: turret07
+Subsystem: turret08
+Subsystem: turret09
+Subsystem: turret10
+Subsystem: turret11
+Subsystem: turret12
+Subsystem: turret13
+Subsystem: turret14
+Subsystem: turret15
+Subsystem: turret16
+Subsystem: turret17
+Subsystem: turret18
+Subsystem: turret19
+Subsystem: turret20
+Subsystem: turret21
+Subsystem: turret22
+Subsystem: turret23
+Subsystem: turret24
+Subsystem: turret25
+Subsystem: turret26
+Subsystem: turret27
$Arrival Location: Hyperspace
+Arrival Delay: 9
$Arrival Cue: ( true ) 
$Departure Location: Hyperspace
$Departure Cue: ( false ) 
$Determination: 10
+Flags: ( "cargo-known" "no-shields" "escort" )
+Flags2: ( )
+Respawn priority: 0
+Escort priority: 0
+Special Hitpoints: 300000
+Orders Accepted: 1		;! note that this is a bitfield!!!
+Group: 0
+Use Table Score:
+Score: 40

$Name: Ketoz		;! Object #39
$Class: SC Rakshasa
$Team: Hostile
$Location: -4113.565918, 284.672241, 7684.630859
$Orientation:
	-0.856890, 0.000000, -0.515502,
	0.000000, 1.000000, 0.000000,
	0.515502, 0.000000, -0.856890
$AI Behavior: None
+AI Class: Lieutenant
$AI Goals: ( goals ( ai-chase "Dauntless" 70 ) ( ai-chase "alpha 1" 60 ) )
$Cargo 1:  XSTR("Nothing", -1)
+Initial Velocity: 33
+Initial Hull: 100
+Initial Shields: 100
+Subsystem: Pilot
+Subsystem: turret01
+Subsystem: turret02
+Subsystem: turret03
+Subsystem: turret04
+Subsystem: turret05
+Subsystem: turret06
+Subsystem: turret07
+Subsystem: turret08
+Subsystem: turret09
+Subsystem: turret10
+Subsystem: turret11
+Subsystem: turret12
+Subsystem: turret13
+Subsystem: turret14
$Arrival Location: Hyperspace
$Arrival Cue: ( true ) 
$Departure Location: Hyperspace
$Departure Cue: ( false ) 
$Determination: 10
+Flags: ( "no-shields" )
+Flags2: ( )
+Respawn priority: 0
+Orders Accepted: 0		;! note that this is a bitfield!!!
+Group: 0
+Use Table Score:
+Score: 300

$Name: Chiska		;! Object #40
$Class: SC Rakshasa
$Team: Hostile
$Location: -3508.265869, 392.583252, 7594.603027
$Orientation:
	-0.960614, 0.000000, -0.277886,
	0.000000, 1.000000, 0.000000,
	0.277886, 0.000000, -0.960614
$AI Behavior: None
+AI Class: Lieutenant
$AI Goals: ( goals ( ai-chase "Capella" 70 ) ( ai-chase "alpha 1" 60 ) )
$Cargo 1:  XSTR("Nothing", -1)
+Initial Velocity: 33
+Initial Hull: 100
+Initial Shields: 100
+Subsystem: Pilot
+Subsystem: turret01
+Subsystem: turret02
+Subsystem: turret03
+Subsystem: turret04
+Subsystem: turret05
+Subsystem: turret06
+Subsystem: turret07
+Subsystem: turret08
+Subsystem: turret09
+Subsystem: turret10
+Subsystem: turret11
+Subsystem: turret12
+Subsystem: turret13
+Subsystem: turret14
$Arrival Location: Hyperspace
$Arrival Cue: ( true ) 
$Departure Location: Hyperspace
$Departure Cue: ( false ) 
$Determination: 10
+Flags: ( "no-shields" )
+Flags2: ( )
+Respawn priority: 0
+Orders Accepted: 0		;! note that this is a bitfield!!!
+Group: 0
+Use Table Score:
+Score: 300

$Name: Ipris		;! Object #41
$Class: SC Rakshasa
$Team: Hostile
$Location: -5347.285645, 440.938629, 7546.369629
$Orientation:
	-0.643609, 0.000000, -0.765355,
	0.000000, 1.000000, 0.000000,
	0.765355, 0.000000, -0.643609
$AI Behavior: None
+AI Class: Lieutenant
$AI Goals: ( goals ( ai-chase "Dauntless" 70 ) ( ai-chase "alpha 1" 60 ) )
$Cargo 1:  XSTR("Nothing", -1)
+Initial Velocity: 33
+Initial Hull: 100
+Initial Shields: 100
+Subsystem: Pilot
+Subsystem: turret01
+Subsystem: turret02
+Subsystem: turret03
+Subsystem: turret04
+Subsystem: turret05
+Subsystem: turret06
+Subsystem: turret07
+Subsystem: turret08
+Subsystem: turret09
+Subsystem: turret10
+Subsystem: turret11
+Subsystem: turret12
+Subsystem: turret13
+Subsystem: turret14
$Arrival Location: Hyperspace
$Arrival Cue: ( true ) 
$Departure Location: Hyperspace
$Departure Cue: ( false ) 
$Determination: 10
+Flags: ( "no-shields" )
+Flags2: ( )
+Respawn priority: 0
+Orders Accepted: 0		;! note that this is a bitfield!!!
+Group: 0
+Use Table Score:
+Score: 300

$Name: Kozapris		;! Object #42
$Class: SD Garuda
$Team: Hostile
$Location: 5282.399902, 2891.600098, 8444.700195
$Orientation:
	-0.581164, 0.665583, 0.468239,
	0.230364, 0.686402, -0.689771,
	-0.780500, -0.293005, -0.552239
$AI Behavior: None
+AI Class: Lieutenant
$AI Goals: ( goals ( ai-waypoints-once "Waypoint path 2" 70 ) )
$Cargo 1:  XSTR("Nothing", -1)
+Initial Hull: 100
+Initial Shields: 100
+Subsystem: Pilot
+Subsystem: turret01m
+Subsystem: turret02m
+Subsystem: turret03m
+Subsystem: turret04e
+Subsystem: turret05e
+Subsystem: turret06e
+Subsystem: turret07e
+Subsystem: turret08e
+Subsystem: turret09e
+Subsystem: turret10e
+Subsystem: turret11e
+Subsystem: turret12e
+Subsystem: turret13e
+Subsystem: turret14b
+Subsystem: turret15
+Subsystem: turret16
+Subsystem: turret17
+Subsystem: turret18
+Subsystem: turret19
+Subsystem: turret20
+Subsystem: turret21
+Subsystem: turret22
+Subsystem: turret23
+Subsystem: turret24
+Subsystem: turret25
+Subsystem: turret26
+Subsystem: turret27
+Subsystem: turret28
+Subsystem: turret29
+Subsystem: turret30
+Subsystem: turret31
+Subsystem: turret32
+Subsystem: turret33
+Subsystem: turret34
+Subsystem: turret35
+Subsystem: turret36
+Subsystem: turret37
+Subsystem: turret38
$Arrival Location: Hyperspace
$Arrival Cue: ( true ) 
$Departure Location: Hyperspace
$Departure Cue: ( false ) 
$Determination: 10
+Flags: ( "no-shields" )
+Flags2: ( )
+Respawn priority: 0
+Orders Accepted: 0		;! note that this is a bitfield!!!
+Group: 0
+Use Table Score:
+Score: 670

$Name: Enigma 1		;! Object #43
$Class: SF Dragon
$Team: Hostile
$Location: -231.296463, -0.000000, 775.971130
$Orientation:
