#Mission Info

$Version: 0.10
$Name:  XSTR("With Their Pants Down", -1)
$Author: Herkie Del Socorro
$Created: 06/24/11 at 13:32:59
$Modified: 10/12/20 at 03:04:59
$Notes:
This is a FRED2_OPEN created mission.
$End Notes:

$Mission Desc:
 XSTR("July 14, 2370
The First Assault on the United Pirate Coalition in Deneb.
", -1)
$end_multi_text
+Game Type Flags: 1
+Flags: 192
+Fog Near Mult: 1.000000

+Fog Far Mult: 1.000000

+Disallow Support: 0
+Hull Repair Ceiling: 90.000000
+Subsystem Repair Ceiling: 100.000000

+Viewer pos: -8064.164551, 1890.442505, -4539.311523
+Viewer orient:
	0.991593, -0.000000, -0.129395,
	0.050512, 0.920659, 0.387087,
	0.119128, -0.390369, 0.912919


$Load Screen 640:	LoadAct3Sa.dds
$Load Screen 1024:	LoadAct3La.dds

$Skybox Model: SpaceBox.pof

$AI Profile: AF1

#Sexp_variables

$Variables:
(
		0		"Focus"		"1"		"number"
		1		"music"		"0"		"number"
)

#Command Briefing

$Stage Text:
 XSTR("$B{ To Lieutenant John Richter
77th Dark Angels Squadron
GTVA 7th Battlegroup $}

Welcome to Hellhole. As you already know, this fleet will always be at the front line of dangerous missions yet significant and important ones$semicolon missions that can turn the tides of war. Casualties are very high here, Lieutenant. A lot of you will only survive a few days so don't make too many friends.

This is no longer the GTVA Police. Here you will have heavy stuff and sorties that will push you to the limits of sanity. But being here has its benefits. Your squadron will be piloting new class of fighters, but then, I noticed that you already possess a customized interceptor which is even deadlier than our standard issue. You probably acquired it as payment from one of our rejected weapons contractors in a 'special' mission. How you got that ship is none of my concern and don't worry, your property is in our caring custody. From now on, you will only use our military fighters.

I only care about duty and I have only one policy under my command: Fight or die. Good luck.

$B{ Admiral William Cartwright
Commander of the 7th Battlegroup $}", -1)
$end_multi_text
$Ani Filename: cb_Act3a.ani
+Wave Filename: none

$Stage Text:
 XSTR("$B{ To All New Draftees: $}

For those of you who are newly assigned in this squadron, you will be authorized to use the $G GTF $G Falcon. It is a space superiority fighter with better handling and weapons than any GTVA ship in its class. Most of you, I'm sure, will be surprise on how it performs. Even though this ship does not compare with our standard fighter, you will find that this craft is more than adequate in most combat scenarios. Don't worry, if you get enough elite points or be promoted, you will get to know the $bGTF $bDark $bAngel. Info available in the Techroom

", -1)
$end_multi_text
$Ani Filename: cb_Falcon.ani
+Wave Filename: none

$Stage Text:
 XSTR("$B{ New Weapons $}

You will also be authorized to equip our experimental weapon made exclusively for the 7th battlegroup$semicolon the $G UD-9 $G Devastator. It may be less damaging than the UD-8 Kayser but its higher rate of fire makes it a deadly weapon. It is highly recommended by veteran pilots in this fleet. You also have loadout access to the $G GTM-700 $G Screamer heat seeking rocket which is now a military standard issue and a novelty to most pilots because of its fast reload time and the sheer number of missiles per volley. Check the Techroom for information.

$B{ Lt. Commander Greg Virgil
Fleet Quarter Master $}", -1)
$end_multi_text
$Ani Filename: cb_Falcon.ani
+Wave Filename: none

#Briefing
$start_briefing
$num_stages: 4
$start_stage
$multi_text
 XSTR("This is $b Captain $b Steven $b Grant. I will be your squadron leader so listen up. Being a $G Dark $G Angel is not an easy walk in the park. Your life here will be miserable. Follow my orders to the letter. You get careless, you die. If you don't heed my instructions, I will kill you myself. If you want to quit now, there's the door.", -1)
$end_multi_text
$voice: none.wav
$camera_pos: -7593.271484, 95.567734, 921.805664
$camera_orient:
	0.999995, -0.000002, -0.003210,
	0.002746, 0.518464, 0.855095,
	0.001663, -0.855100, 0.518461
$camera_time: 4000
$num_lines: 0
$num_icons: 4
$Flags: 0
$Formula: ( true ) 
$start_icon
$type: 1
$team: Friendly
$class: GTF Falcon
$pos: -7614.255371, -535.498596, 1313.172119
$label: Dark Angels
+id: 1
$hlight: 0
$mirror: 0
$multi_text
$end_multi_text
$end_icon
$start_icon
$type: 1
$team: Friendly
$class: GTF Ulysses
$pos: -6417.885742, -524.565125, 1228.582764
$label: Ice Queens
+id: 4
$hlight: 0
$mirror: 0
$multi_text
$end_multi_text
$end_icon
$start_icon
$type: 1
$team: Friendly
$class: GTF Ulysses
$pos: -6512.410645, -531.406860, 1076.517456
$label: Ice Queens
+id: 5
$hlight: 0
$mirror: 0
$multi_text
$end_multi_text
$end_icon
$start_icon
$type: 1
$team: Friendly
$class: GTF Ulysses
$pos: -6363.328125, -531.406860, 1088.648438
$label: Ice Queens
+id: 6
$hlight: 0
$mirror: 0
$multi_text
$end_multi_text
$end_icon
$end_stage
$start_stage
$multi_text
 XSTR("Now, here is the scenario. Because of their recent failed attempt on $G Andromeda, the pirates or the $R UPC have begun massing again near the $V Vega jump node in $Y Deneb. A second incursion is imminent and we cannot let this happen. $b High $b Command has issued the Navy a direct order $p{ to wipe out the UPC armada $} to the last single fighter craft. The $G 7th $G BG has volunteered for this mission.
", -1)
$end_multi_text
$voice: none.wav
$camera_pos: -7572.651367, 3988.101074, 7341.719238
$camera_orient:
	0.999995, -0.000002, -0.003210,
	0.002746, 0.518464, 0.855095,
	0.001663, -0.855100, 0.518461
$camera_time: 4000
$num_lines: 0
$num_icons: 11
$Flags: 1
$Formula: ( true ) 
$start_icon
$type: 1
$team: Friendly
$class: GTF Falcon
$pos: -7614.255371, -535.498596, 1313.172119
$label: Dark Angels
+id: 1
$hlight: 0
$mirror: 0
$multi_text
$end_multi_text
$end_icon
$start_icon
$type: 1
$team: Friendly
$class: GTF Falcon
$pos: -7608.651367, -530.791565, 1366.939575
$label: Dark Angels
+id: 2
$hlight: 1
$mirror: 0
$multi_text
$end_multi_text
$end_icon
$start_icon
$type: 1
$team: Friendly
$class: GTF Falcon
$pos: -7747.906250, -530.790405, 1256.553589
$label: Dark Angels
+id: 3
$hlight: 0
$mirror: 0
$multi_text
$end_multi_text
$end_icon
$start_icon
$type: 1
$team: Friendly
$class: GTF Ulysses
$pos: -6417.885742, -524.565125, 1228.582764
$label: Ice Queens
+id: 4
$hlight: 0
$mirror: 0
$multi_text
$end_multi_text
$end_icon
$start_icon
$type: 1
$team: Friendly
$class: GTF Ulysses
$pos: -6512.410645, -531.406860, 1076.517456
$label: Ice Queens
+id: 5
$hlight: 0
$mirror: 0
$multi_text
$end_multi_text
$end_icon
$start_icon
$type: 1
$team: Friendly
$class: GTF Ulysses
$pos: -6363.328125, -531.406860, 1088.648438
$label: Ice Queens
+id: 6
$hlight: 0
$mirror: 0
$multi_text
$end_multi_text
$end_icon
$start_icon
$type: 28
$team: Hostile
$class: GTCv Deimos
$pos: -7794.509277, -3671.698975, 13340.136719
$label: UPC Corvettes
+id: 23
$hlight: 0
$mirror: 0
$multi_text
$end_multi_text
$end_icon
$start_icon
$type: 18
$team: Hostile
$class: GTC Aeolus
$pos: -5448.072754, -4136.364258, 12447.718750
$label: UPC Cruisers
+id: 24
$hlight: 0
$mirror: 0
$multi_text
$end_multi_text
$end_icon
$start_icon
$type: 18
$team: Hostile
$class: GTC Fenris
$pos: -9938.955078, -3453.558105, 12224.703125
$label: UPC Cruisers
+id: 25
$hlight: 0
$mirror: 0
$multi_text
$end_multi_text
$end_icon
$start_icon
$type: 1
$team: Hostile
$class: GTF Perseus
$pos: -8313.346680, 167.400421, 9207.594727
$label: Pirate Fighters
+id: 26
$hlight: 0
$mirror: 0
$multi_text
$end_multi_text
$end_icon
$start_icon
$type: 1
$team: Hostile
$class: GTF Ares
$pos: -6679.512207, -5681.027344, 12154.076172
$label: Pirate Fighters
+id: 27
$hlight: 0
$mirror: 0
$multi_text
$end_multi_text
$end_icon
$end_stage
$start_stage
$multi_text
 XSTR("The $G{ 77th Dark Angels $} and the $G{ 76th Ice Queens $} will lead the attack and we will be up against 3 to 7 full $R{ UPC squadrons. $} So we are outnumbered but that is not an obstacle. The $G Excelsior, $G Serenity, $G Babylon, $G Copernicus and the $G Olympus will be in for the main assault.

", -1)
$end_multi_text
$voice: none.wav
$camera_pos: -7604.675781, 7304.247070, -2623.228027
$camera_orient:
	0.999995, -0.000002, -0.003210,
	0.002746, 0.518464, 0.855095,
	0.001663, -0.855100, 0.518461
$camera_time: 4000
$num_lines: 0
$num_icons: 12
$Flags: 2
$Formula: ( true ) 
$start_icon
$type: 1
$team: Friendly
$class: GTF Falcon
$pos: -8639.166992, -535.502808, 3232.618896
$label: Dark Angels
+id: 1
$hlight: 0
$mirror: 0
$multi_text
$end_multi_text
$end_icon
$start_icon
$type: 1
$team: Friendly
$class: GTF Dark Angel
$pos: -7055.104492, -524.567810, 3119.404541
$label: Ice Queens
+id: 4
$hlight: 0
$mirror: 0
$multi_text
$end_multi_text
$end_icon
$start_icon
$type: 28
$team: Hostile
$class: GTCv Deimos
$pos: -7794.509277, -3671.698975, 13340.136719
$label: UPC Corvettes
+id: 23
$hlight: 0
$mirror: 0
$multi_text
$end_multi_text
$end_icon
$start_icon
$type: 18
$team: Hostile
$class: GTC Aeolus
$pos: -5448.072754, -4136.364258, 12447.718750
$label: UPC Cruisers
+id: 24
$hlight: 0
$mirror: 0
$multi_text
$end_multi_text
$end_icon
$start_icon
$type: 18
$team: Hostile
$class: GTC Fenris
$pos: -9938.955078, -3453.558105, 12224.703125
$label: UPC Cruisers
+id: 25
$hlight: 0
$mirror: 0
$multi_text
$end_multi_text
$end_icon
$start_icon
$type: 1
$team: Hostile
$class: GTF Perseus
$pos: -8313.346680, 167.400421, 9207.594727
$label: Pirate Fighters
+id: 26
$hlight: 0
$mirror: 0
$multi_text
$end_multi_text
$end_icon
$start_icon
$type: 1
$team: Hostile
$class: GTF Ares
$pos: -6679.512207, -5681.027344, 12154.076172
$label: Pirate Fighters
+id: 27
$hlight: 0
$mirror: 0
$multi_text
$end_multi_text
$end_icon
$start_icon
$type: 6
$team: Friendly
$class: GTD Excelsior
$pos: -7920.863281, 846.971313, 768.827209
$label: GTD Excelsior
+id: 28
$hlight: 0
$mirror: 0
$multi_text
$end_multi_text
$end_icon
$start_icon
$type: 28
$team: Friendly
$class: GTCv Serenity
$pos: -10096.152344, -747.311462, 973.220093
$label: GTC Serenity
+id: 29
$hlight: 0
$mirror: 0
$multi_text
$end_multi_text
$end_icon
$start_icon
$type: 28
$team: Friendly
$class: GTCv Babylon
$pos: -9957.609375, 423.535553, 2380.788086
$label: GTC Babylon
+id: 30
$hlight: 0
$mirror: 0
$multi_text
$end_multi_text
$end_icon
$start_icon
$type: 28
$team: Friendly
$class: GTCv Copernicus
$pos: -5732.959961, 518.989380, 289.069641
$label: GTC Copernicus
+id: 31
$hlight: 0
$mirror: 0
$multi_text
$end_multi_text
$end_icon
$start_icon
$type: 28
$team: Friendly
$class: GTCv Olympus
$pos: -5262.536133, -570.208252, 3087.321289
$label: GTC Olympus
+id: 32
$hlight: 0
$mirror: 0
$multi_text
$end_multi_text
$end_icon
$end_stage
$start_stage
$multi_text
 XSTR("Once we come in, we must $p{ engage and destroy $} those $R fighter $R squadrons before our fleet arrive. We must also destroy as many $R{ pirate cruisers $} as we possibly can. At least we give our fleet a little hand. That is all, pilots. Suit up, report to the hangar and set your load outs.

", -1)
$end_multi_text
$voice: none.wav
$camera_pos: -7575.512207, 4235.484375, 6449.616211
$camera_orient:
	0.999995, -0.000002, -0.003210,
	0.002746, 0.518464, 0.855095,
	0.001663, -0.855100, 0.518461
$camera_time: 4000
$num_lines: 0
$num_icons: 12
$Flags: 0
$Formula: ( true ) 
$start_icon
$type: 1
$team: Friendly
$class: GTF Falcon
$pos: -8532.721680, -535.504761, 8560.344727
$label: Dark Angels
+id: 1
$hlight: 0
$mirror: 0
$multi_text
$end_multi_text
$end_icon
$start_icon
$type: 1
$team: Friendly
$class: GTF Dark Angel
$pos: -6680.854004, -524.570251, 8586.946289
$label: Ice Queens
+id: 4
$hlight: 0
$mirror: 0
$multi_text
$end_multi_text
$end_icon
$start_icon
$type: 28
$team: Hostile
$class: GTCv Deimos
$pos: -7837.480469, -3671.699219, 12620.965820
$label: UPC Corvettes
+id: 23
$hlight: 0
$mirror: 0
$multi_text
$end_multi_text
$end_icon
$start_icon
$type: 18
$team: Hostile
$class: GTC Aeolus
$pos: -4931.034668, -4136.363281, 12647.972656
$label: UPC Cruisers
+id: 24
$hlight: 0
$mirror: 0
$multi_text
$end_multi_text
$end_icon
$start_icon
$type: 18
$team: Hostile
$class: GTC Fenris
$pos: -10479.914063, -3453.557373, 11888.429688
$label: UPC Cruisers
+id: 25
$hlight: 0
$mirror: 0
$multi_text
$end_multi_text
$end_icon
$start_icon
$type: 1
$team: Hostile
$class: GTF Perseus
$pos: -8431.831055, 167.399551, 9021.916992
$label: Pirate Fighters
+id: 26
$hlight: 0
$mirror: 0
$multi_text
$end_multi_text
$end_icon
$start_icon
$type: 1
$team: Hostile
$class: GTF Ares
$pos: -5713.335938, -5681.027832, 12569.649414
$label: Pirate Fighters
+id: 27
$hlight: 0
$mirror: 0
$multi_text
$end_multi_text
$end_icon
$start_icon
$type: 6
$team: Friendly
$class: GTD Excelsior
$pos: -7920.863281, 846.971313, 768.827209
$label: GTD Excelsior
+id: 28
$hlight: 0
$mirror: 0
$multi_text
$end_multi_text
$end_icon
$start_icon
$type: 28
$team: Friendly
$class: GTCv Serenity
$pos: -10096.152344, -747.311462, 973.220093
$label: GTC Serenity
+id: 29
$hlight: 0
$mirror: 0
$multi_text
$end_multi_text
$end_icon
$start_icon
$type: 28
$team: Friendly
$class: GTCv Babylon
$pos: -9957.609375, 423.535553, 2380.788086
$label: GTC Babylon
+id: 30
$hlight: 0
$mirror: 0
$multi_text
$end_multi_text
$end_icon
$start_icon
$type: 28
$team: Friendly
$class: GTCv Copernicus
$pos: -5732.959961, 518.989380, 289.069641
$label: GTC Copernicus
+id: 31
$hlight: 0
$mirror: 0
$multi_text
$end_multi_text
$end_icon
$start_icon
$type: 28
$team: Friendly
$class: GTCv Olympus
$pos: -5262.536133, -570.208252, 3087.321289
$label: GTC Olympus
+id: 32
$hlight: 0
$mirror: 0
$multi_text
$end_multi_text
$end_icon
$end_stage
$end_briefing

#Debriefing_info

$Num stages: 2

$Formula: ( is-event-false-delay
    "kill a lot"
    0
) 
$Multi text
    XSTR("$B{ To Lieutenant John Richter
77th Dark Angels Squadron
GTVA 7th Battlegroup $}

Well, Lieutenant. You have survived your first sortie as a $G Dark $G Angel pilot and I can see that you do have guts of iron. That's good. I have also reviewed your military records, your records in the GTVA Police and even when you were still engaged in, otherwise, elicit affairs. Yes, pilot, I have seen your past and your life is an open book to me. You will find that it is not the same here in the $b 7th $b BG and you still have to impress me. I'm sure you can do fine or better in my squadron but what I do need is your skills and your balls.

Because of our successful assault on the $R pirate $R armada, we have control of the $Y Deneb system. Its citizens wish to thank us for our gallantry and valor.

Don't bask in your fame, pilot. We don't have that luxury. The war is far from over. There are still half of the $R UPC forces unaccounted for. Until they are totally crushed, only then we can rest easy.

$B{ Captain Steven Grant
Squadron Leader, 77th Dark Angels $}

$P{ LCARS UPDATE: $} $G{New entries in Techroom Database $}", -1)
$end_multi_text
$Voice: none.wav
$Recommendation text:
    XSTR("If you manage to kill more fighters, he would be impressed.", -1)
$end_multi_text

$Formula: ( is-event-true-delay 
   "kill a lot" 
   0 
)
$Multi text
    XSTR("$B{ To Lieutenant John Richter
77th Dark Angels Squadron
GTVA 7th Battlegroup $}

Impressive, Lieutenant. You have survived your first sortie as a $G Dark $G Angel pilot. You have earned my admiration and respect. You have guts of iron. I can see why your superiors in the GTVA Police have high marks on you and even your clients when you were still engaged in, otherwise, elicit affairs. Yes, pilot, I have seen you records and your life is an open book to me. But what you were and who you were do not concern me. What you are now is important. All I need is your skills and your balls.

Because of our successful assault on the $R pirate $R armada, we have control of the $Y Deneb system. Its citizens wish to thank us for our gallantry and valor.

Don't bask in your fame, pilot. We don't have that luxury. The war is far from over. There are still half of the $R UPC forces unaccounted for. Until they are totally crushed, only then we can rest easy.

$B{ Captain Steven Grant
Commander of the 77th Dark Angels $}

$P{ LCARS UPDATE: $} $G{New entries in Techroom Database $}", -1)
$end_multi_text
$Voice: none.wav
$Recommendation text:
    XSTR("Nice. You are an ace pilot.", -1)
$end_multi_text

#Alternate Types:
$Alt: Rear Admiral Richard
$Alt: Commodore Dachengko
$Alt: Admiral Cartright
$Alt: Commodore Tanaka
$Alt: Capt. Philips
$Alt: Capt. Demora
$Alt: Commodore H. Tanaka
$Alt: Admiral W. Cartright
$Alt: Commodore D.Dachengko
$Alt: Rear Admiral S. Richards
$Alt: Capt. H. Philips
$Alt: Capt. J. Demora
$Alt: Capt. Juan Garcia
$Alt: Capt. A. Muhaddin
$Alt: Capt. J. Cromwell
$Alt: Capt. E. Chan
$Alt: Capt. W. Grey
$Alt: Major L. Stromberg
$Alt: Major L. Andretti
$Alt: Major L. Bergenstein
$Alt: 77th Dark Angel
$Alt: 77th Dark Angels
$Alt: 76th Ice Queens
$Alt: Admiral W. Cartwright
$Alt: 7th Battlegroup
$Alt: United Pirate Coalition

#end


#Callsigns:
$Callsign: Grant
$Callsign: Winston
$Callsign: 76th Ice Queens
$Callsign: 

#end


#Players		;! 1 total

$Starting Shipname: Alpha 2
$Ship Choices: (
)

+Weaponry Pool: (
	"Subach HL-7"	2
	"Akheton SDG"	2
	"Morning Star"	1
	"Prometheus R"	1
	"Prometheus S"	1
	"Maxim"	1
	"UD-8 Kayser"	1
	"Ripper"	13
	"Devastator"	13
	"Rockeye"	100
	"Tempest"	500
	"Hornet"	300
	"Tornado"	250
	"Harpoon"	100
	"Trebuchet"	100
	"Screamer"	2880
)

#Objects		;! 294 total

$Name: Alpha 2		;! Object #0
$Class: GTF Falcon
$Alt: 77th Dark Angels

$Team: Friendly
$Location: -7176.752930, -584.108337, 1142.629272
$Orientation:
	0.949429, 0.002028, -0.313976,
	0.103636, 0.941914, 0.319465,
	0.296386, -0.335849, 0.894070
$AI Behavior: None
$Cargo 1:  XSTR("Nothing", -1)
+Initial Hull: 100
+Subsystem: Pilot
$Arrival Location: Hyperspace
$Arrival Cue: ( false ) 
$Departure Location: Hyperspace
$Departure Cue: ( false ) 
$Determination: 10
+Flags: ( "cargo-known" "player-start" )
+Flags2: ( )
+Respawn priority: 0
+Special Hitpoints: 3000
+Orders Accepted: 0		;! note that this is a bitfield!!!
+Group: 0
+Score: 8

$Name: GTD Excelsior		;! Object #1
$Class: GTD Excelsior
$Alt: 7th Battlegroup

$Team: Friendly
$Location: -8727.626953, 846.970215, -2808.115967
$Orientation:
	0.963771, -0.000000, -0.266731,
	0.088951, 0.942755, 0.321405,
	0.251462, -0.333487, 0.908600
$AI Behavior: None
$AI Goals: ( goals ( ai-waypoints-once "Excelsior" 50 ) )
$Cargo 1:  XSTR("Nothing", -1)
+Initial Hull: 100
+Initial Shields: 100
+Subsystem: Pilot
+Subsystem: turret01
+Subsystem: turret02
+Subsystem: turret03
+Subsystem: turret04
+Subsystem: turret05
+Subsystem: turret06
+Subsystem: turret07
+Subsystem: turret08
+Subsystem: turret09
+Subsystem: turret10
+Subsystem: turret11
+Subsystem: turret12
+Subsystem: turret13
+Subsystem: turret14
+Subsystem: turret15
+Subsystem: turret16
+Subsystem: turret17
+Subsystem: turret18
+Subsystem: turret19
+Subsystem: turret20
+Subsystem: turret21
+Subsystem: turret22
+Subsystem: turret23
+Subsystem: turret24
+Subsystem: turret25
+Subsystem: turret26
+Subsystem: turret27
+Subsystem: turret28
+Subsystem: turret29
+Subsystem: turret30
+Subsystem: turret31
+Subsystem: turret32
+Subsystem: turret33
+Subsystem: turret34
+Subsystem: turret35
+Subsystem: turret36
+Subsystem: turret37
+Subsystem: turret38
+Subsystem: turret39
+Subsystem: turret40
+Subsystem: turret41
+Subsystem: turret42
+Subsystem: turret43
+Subsystem: turret44
+Subsystem: turret45
+Subsystem: turret46
+Subsystem: turret47
+Subsystem: turret48
+Subsystem: turret49
+Subsystem: turret50
+Subsystem: turret51
+Subsystem: turret52
+Subsystem: turret53
+Subsystem: turret54
+Subsystem: turret55
+Subsystem: turret56
+Subsystem: turret57
+Subsystem: turret58
+Subsystem: turret59
+Subsystem: turret60
+Subsystem: turret61
+Subsystem: turret62
+Subsystem: turret63
+Subsystem: turret64
+Subsystem: turret65
+Subsystem: turret66
$Arrival Location: Hyperspace
+Arrival Delay: 186
$Arrival Cue: ( true ) 
$Departure Location: Hyperspace
$Departure Cue: ( false ) 
$Determination: 10
+Flags: ( "cargo-known" "no-shields" "escort" )
+Flags2: ( )
+Respawn priority: 0
+Escort priority: 5
+Special Hitpoints: 300000
+Orders Accepted: 0		;! note that this is a bitfield!!!
+Group: 0
+Score: 8

$Name: GTCv Copernicus		;! Object #2
$Class: GTCv Copernicus
$Alt: 7th Battlegroup

$Team: Friendly
$Location: -6568.072266, 518.988159, 1144.546143
$Orientation:
	0.963771, -0.000000, -0.266731,
	0.088951, 0.942755, 0.321405,
	0.251462, -0.333487, 0.908600
$AI Behavior: None
$AI Goals: ( goals ( ai-waypoints-once "Copernicus" 50 ) )
$Cargo 1:  XSTR("Nothing", -1)
+Initial Hull: 100
+Initial Shields: 100
+Subsystem: Pilot
+Subsystem: Turret01
+Subsystem: Turret02
+Subsystem: Turret03
+Subsystem: Turret04
+Subsystem: Turret05
+Subsystem: Turret06
+Subsystem: Turret07
+Subsystem: Turret08
+Subsystem: Turret09
+Subsystem: Turret10
+Subsystem: Turret11
+Subsystem: Turret12
+Subsystem: Turret13
+Subsystem: Turret14
+Subsystem: Turret15
+Subsystem: Turret16
+Subsystem: Turret17
+Subsystem: Turret18
+Subsystem: turret19
+Subsystem: turret20
+Subsystem: turret21
+Subsystem: turret22
+Subsystem: turret23
+Subsystem: turret24
$Arrival Location: Hyperspace
+Arrival Delay: 180
$Arrival Cue: ( true ) 
$Departure Location: Hyperspace
$Departure Cue: ( false ) 
$Determination: 10
+Flags: ( "cargo-known" "no-shields" "escort" "guardian" )
+Flags2: ( )
+Respawn priority: 0
+Escort priority: 4
+Special Hitpoints: 150000
+Orders Accepted: 0		;! note that this is a bitfield!!!
+Group: 0
+Score: 40

$Name: GTCv Babylon		;! Object #3
$Class: GTCv Babylon
$Alt: 7th Battlegroup

$Team: Friendly
$Location: -8435.222656, 423.535767, 1500.128662
$Orientation:
	0.963771, -0.000000, -0.266731,
	0.088951, 0.942755, 0.321405,
	0.251462, -0.333487, 0.908600
$AI Behavior: None
$AI Goals: ( goals ( ai-waypoints-once "Babylon" 50 ) )
$Cargo 1:  XSTR("Nothing", -1)
+Initial Hull: 100
+Initial Shields: 100
+Subsystem: Pilot
+Subsystem: turret01
+Subsystem: turret02
+Subsystem: turret03
+Subsystem: turret04
+Subsystem: turret05
+Subsystem: turret06
+Subsystem: turret07
+Subsystem: turret08
+Subsystem: turret09
+Subsystem: turret10
+Subsystem: turret11
+Subsystem: turret12
+Subsystem: turret13
+Subsystem: turret14
+Subsystem: turret15
+Subsystem: turret16
+Subsystem: turret17
+Subsystem: turret18
+Subsystem: turret19
+Subsystem: turret20
+Subsystem: turret21
+Subsystem: turret22
$Arrival Location: Hyperspace
+Arrival Delay: 182
$Arrival Cue: ( true ) 
$Departure Location: Hyperspace
$Departure Cue: ( false ) 
$Determination: 10
+Flags: ( "cargo-known" "no-shields" "escort" "guardian" )
+Flags2: ( )
+Respawn priority: 0
+Escort priority: 3
+Special Hitpoints: 150000
+Orders Accepted: 0		;! note that this is a bitfield!!!
+Group: 0
+Score: 40

$Name: GTCv Serenity		;! Object #4
$Class: GTCv Serenity
$Alt: 7th Battlegroup

$Team: Friendly
$Location: -9667.126953, -747.312866, 726.111877
$Orientation:
	0.963771, -0.000000, -0.266731,
	0.088951, 0.942755, 0.321405,
	0.251462, -0.333487, 0.908600
$AI Behavior: None
$AI Goals: ( goals ( ai-waypoints-once "Serenity" 50 ) )
$Cargo 1:  XSTR("Nothing", -1)
+Initial Hull: 100
+Initial Shields: 100
+Subsystem: Pilot
+Subsystem: TurretMAIN
+Subsystem: TurretAM
+Subsystem: Turret01
+Subsystem: Turret02
+Subsystem: Turret03
+Subsystem: Turret04
+Subsystem: Turret05
+Subsystem: Turret06
+Subsystem: Turret07
+Subsystem: Turret08b
+Subsystem: Turret09b
+Subsystem: Turret10m
+Subsystem: Turret11m
+Subsystem: Turret12m
+Subsystem: Turret13m
+Subsystem: Turret14a
+Subsystem: Turret15a
+Subsystem: Turret16b
+Subsystem: Turret17b
+Subsystem: Turret18b
+Subsystem: Turret19b
+Subsystem: Turret20a
+Subsystem: Turret21a
+Subsystem: Turret22b
+Subsystem: Turret23b
$Arrival Location: Hyperspace
+Arrival Delay: 183
$Arrival Cue: ( true ) 
$Departure Location: Hyperspace
$Departure Cue: ( false ) 
$Determination: 10
+Flags: ( "cargo-known" "no-shields" "escort" "guardian" )
+Flags2: ( )
+Respawn priority: 0
+Escort priority: 2
+Special Hitpoints: 160000
+Orders Accepted: 0		;! note that this is a bitfield!!!
+Group: 0
+Score: 40

$Name: GTCv Olympus		;! Object #5
$Class: GTCv Olympus
$Alt: 7th Battlegroup

$Team: Friendly
$Location: -5801.156738, -570.210144, -284.843140
$Orientation:
	0.963771, -0.000000, -0.266731,
	0.088951, 0.942755, 0.321405,
	0.251462, -0.333487, 0.908600
$AI Behavior: None
$AI Goals: ( goals ( ai-waypoints-once "Olympus" 50 ) )
$Cargo 1:  XSTR("Nothing", -1)
+Initial Hull: 100
+Initial Shields: 100
+Subsystem: Pilot
+Subsystem: turret01
+Subsystem: turret02
+Subsystem: turret03
+Subsystem: turret04
+Subsystem: turret05
+Subsystem: turret06
+Subsystem: turret07
+Subsystem: turret08
+Subsystem: turret09
+Subsystem: turret10
+Subsystem: turret11
+Subsystem: turret12
+Subsystem: turret13
+Subsystem: turret14
+Subsystem: turret15
+Subsystem: turret16
+Subsystem: turret17
+Subsystem: turret18
+Subsystem: turret19
+Subsystem: turret20
+Subsystem: turret21
+Subsystem: turret22
+Subsystem: turret23
+Subsystem: turret24
$Arrival Location: Hyperspace
+Arrival Delay: 184
$Arrival Cue: ( true ) 
$Departure Location: Hyperspace
$Departure Cue: ( false ) 
$Determination: 10
+Flags: ( "cargo-known" "no-shields" "escort" "guardian" )
+Flags2: ( )
+Respawn priority: 0
+Escort priority: 1
+Special Hitpoints: 160000
+Orders Accepted: 0		;! note that this is a bitfield!!!
+Group: 0
+Score: 8

$Name: Alpha 1		;! Object #6
$Class: GTF Falcon
$Alt: 77th Dark Angels

$Callsign: Grant

$Team: Friendly
$Location: -7186.437988, -582.240967, 1245.410522
$Orientation:
	0.949235, 0.000000, -0.314567,
	0.104904, 0.942755, 0.316558,
	0.296560, -0.333487, 0.894896
$AI Behavior: None
$Cargo 1:  XSTR("Nothing", -1)
+Initial Hull: 100
+Subsystem: Pilot
$Arrival Location: Hyperspace
$Arrival Cue: ( false ) 
$Departure Location: Hyperspace
$Departure Cue: ( false ) 
$Determination: 10
+Flags: ( "cargo-known" )
+Flags2: ( "ship-locked" "weapons-locked" )
+Respawn priority: 0
+Special Hitpoints: 3000
+Orders Accepted: 0		;! note that this is a bitfield!!!
+Group: 0
+Use Table Score:
+Score: 10
+Persona Index: 0

$Name: Alpha 3		;! Object #7
$Class: GTF Falcon
$Alt: 77th Dark Angels

$Team: Friendly
$Location: -7132.350098, -575.928467, 1227.140747
$Orientation:
	0.949235, 0.000000, -0.314567,
	0.104904, 0.942755, 0.316558,
	0.296560, -0.333487, 0.894896
$AI Behavior: None
$Cargo 1:  XSTR("Nothing", -1)
+Initial Hull: 100
+Subsystem: Pilot
$Arrival Location: Hyperspace
$Arrival Cue: ( false ) 
$Departure Location: Hyperspace
$Departure Cue: ( false ) 
$Determination: 10
+Flags: ( "cargo-known" )
+Flags2: ( "ship-locked" "weapons-locked" )
+Respawn priority: 0
+Special Hitpoints: 3000
+Orders Accepted: 0		;! note that this is a bitfield!!!
+Group: 0
+Use Table Score:
+Score: 10
+Persona Index: 1

$Name: Alpha 4		;! Object #8
$Class: GTF Falcon
$Alt: 77th Dark Angels

$Team: Friendly
$Location: -7167.852051, -572.041687, 1215.959717
$Orientation:
	0.949235, 0.000000, -0.314567,
	0.104904, 0.942755, 0.316558,
	0.296560, -0.333487, 0.894896
$AI Behavior: None
$Cargo 1:  XSTR("Nothing", -1)
+Initial Hull: 100
+Subsystem: Pilot
$Arrival Location: Hyperspace
$Arrival Cue: ( false ) 
$Departure Location: Hyperspace
$Departure Cue: ( false ) 
$Determination: 10
+Flags: ( "cargo-known" )
+Flags2: ( "ship-locked" "weapons-locked" )
+Respawn priority: 0
+Special Hitpoints: 3000
+Orders Accepted: 0		;! note that this is a bitfield!!!
+Group: 0
+Use Table Score:
+Score: 10
+Persona Index: 0

$Name: Delta 1		;! Object #9
$Class: GTF Falcon
$Alt: 77th Dark Angels

$Team: Friendly
$Location: -7281.247070, -562.245056, 1220.746094
$Orientation:
	0.949235, 0.000000, -0.314567,
	0.104904, 0.942755, 0.316558,
	0.296560, -0.333487, 0.894896
$AI Behavior: None
$AI Goals: ( goals ( ai-chase-any 50 ) )
$Cargo 1:  XSTR("Nothing", -1)
+Initial Hull: 100
+Subsystem: Pilot
$Arrival Location: Hyperspace
$Arrival Cue: ( false ) 
$Departure Location: Hyperspace
$Departure Cue: ( false ) 
$Determination: 10
+Flags: ( "cargo-known" )
+Flags2: ( "ship-locked" "weapons-locked" )
+Respawn priority: 0
+Special Hitpoints: 3000
+Orders Accepted: 0		;! note that this is a bitfield!!!
+Group: 0
+Use Table Score:
+Score: 10
+Persona Index: 1

$Name: Delta 2		;! Object #10
$Class: GTF Falcon
$Alt: 77th Dark Angels

$Team: Friendly
$Location: -7320.710449, -558.254395, 1209.269287
$Orientation:
	0.949235, 0.000000, -0.314567,
	0.104904, 0.942755, 0.316558,
	0.296560, -0.333487, 0.894896
$AI Behavior: None
$AI Goals: ( goals ( ai-chase-any 50 ) )
$Cargo 1:  XSTR("Nothing", -1)
+Initial Hull: 100
+Subsystem: Pilot
$Arrival Location: Hyperspace
$Arrival Cue: ( false ) 
$Departure Location: Hyperspace
$Departure Cue: ( false ) 
$Determination: 10
+Flags: ( "cargo-known" )
+Flags2: ( "ship-locked" "weapons-locked" )
+Respawn priority: 0
+Special Hitpoints: 3000
+Orders Accepted: 0		;! note that this is a bitfield!!!
+Group: 0
+Use Table Score:
+Score: 10
+Persona Index: 2

$Name: Delta 3		;! Object #11
$Class: GTF Falcon
$Alt: 77th Dark Angels

$Team: Friendly
$Location: -7273.188965, -551.941956, 1191.005981
$Orientation:
	0.949235, 0.000000, -0.314567,
	0.104904, 0.942755, 0.316558,
	0.296560, -0.333487, 0.894896
$AI Behavior: None
$AI Goals: ( goals ( ai-chase-any 50 ) )
$Cargo 1:  XSTR("Nothing", -1)
+Initial Hull: 100
+Subsystem: Pilot
$Arrival Location: Hyperspace
$Arrival Cue: ( false ) 
$Departure Location: Hyperspace
$Departure Cue: ( false ) 
$Determination: 10
+Flags: ( "cargo-known" )
+Flags2: ( "ship-locked" "weapons-locked" )
+Respawn priority: 0
+Special Hitpoints: 3000
+Orders Accepted: 0		;! note that this is a bitfield!!!
+Group: 0
+Use Table Score:
+Score: 10
+Persona Index: 3

$Name: Delta 4		;! Object #12
$Class: GTF Falcon
$Alt: 77th Dark Angels

$Team: Friendly
$Location: -7312.333496, -548.991943, 1182.582886
$Orientation:
	0.949235, 0.000000, -0.314567,
	0.104904, 0.942755, 0.316558,
	0.296560, -0.333487, 0.894896
$AI Behavior: None
$AI Goals: ( goals ( ai-chase-any 50 ) )
$Cargo 1:  XSTR("Nothing", -1)
+Initial Hull: 100
+Subsystem: Pilot
$Arrival Location: Hyperspace
$Arrival Cue: ( false ) 
$Departure Location: Hyperspace
$Departure Cue: ( false ) 
$Determination: 10
+Flags: ( "cargo-known" )
+Flags2: ( "ship-locked" "weapons-locked" )
+Respawn priority: 0
+Special Hitpoints: 3000
+Orders Accepted: 0		;! note that this is a bitfield!!!
+Group: 0
+Use Table Score:
+Score: 10
+Persona Index: 0

$Name: Beta 1		;! Object #13
$Class: GTF Falcon
$Alt: 77th Dark Angels

$Team: Friendly
$Location: -7064.838867, -544.563599, 1169.177856
$Orientation:
	0.949235, 0.000000, -0.314567,
	0.104904, 0.942755, 0.316558,
	0.296560, -0.333487, 0.894896
$AI Behavior: None
$AI Goals: ( goals ( ai-chase-any 50 ) )
$Cargo 1:  XSTR("Nothing", -1)
+Initial Hull: 100
+Subsystem: Pilot
$Arrival Location: Hyperspace
$Arrival Cue: ( false ) 
$Departure Location: Hyperspace
$Departure Cue: ( false ) 
$Determination: 10
+Flags: ( "cargo-known" )
+Flags2: ( "ship-locked" "weapons-locked" )
+Respawn priority: 0
+Special Hitpoints: 3000
+Orders Accepted: 0		;! note that this is a bitfield!!!
+Group: 0
+Use Table Score:
+Score: 10
+Persona Index: 1

$Name: Beta 2		;! Object #14
$Class: GTF Falcon
$Alt: 77th Dark Angels

$Team: Friendly
$Location: -7092.072266, -540.648865, 1157.907959
$Orientation:
	0.949235, 0.000000, -0.314567,
	0.104904, 0.942755, 0.316558,
	0.296560, -0.333487, 0.894896
$AI Behavior: None
$AI Goals: ( goals ( ai-chase-any 50 ) )
$Cargo 1:  XSTR("Nothing", -1)
+Initial Hull: 100
+Subsystem: Pilot
$Arrival Location: Hyperspace
$Arrival Cue: ( false ) 
$Departure Location: Hyperspace
$Departure Cue: ( false ) 
$Determination: 10
+Flags: ( "cargo-known" )
+Flags2: ( "ship-locked" "weapons-locked" )
+Respawn priority: 0
+Special Hitpoints: 3000
+Orders Accepted: 0		;! note that this is a bitfield!!!
+Group: 0
+Use Table Score:
+Score: 10
+Persona Index: 2

$Name: Beta 3		;! Object #15
$Class: GTF Falcon
$Alt: 77th Dark Angels

$Team: Friendly
$Location: -7047.630371, -499.582825, 1154.920776
$Orientation:
	0.949235, 0.000000, -0.314567,
	0.104904, 0.942755, 0.316558,
	0.296560, -0.333487, 0.894896
$AI Behavior: None
$AI Goals: ( goals ( ai-chase-any 50 ) )
$Cargo 1:  XSTR("Nothing", -1)
+Initial Hull: 100
+Subsystem: Pilot
$Arrival Location: Hyperspace
$Arrival Cue: ( false ) 
$Departure Location: Hyperspace
$Departure Cue: ( false ) 
$Determination: 10
+Flags: ( "cargo-known" )
+Flags2: ( "ship-locked" "weapons-locked" )
+Respawn priority: 0
+Special Hitpoints: 3000
+Orders Accepted: 0		;! note that this is a bitfield!!!
+Group: 0
+Use Table Score:
+Score: 10
+Persona Index: 3

$Name: Beta 4		;! Object #16
$Class: GTF Falcon
$Alt: 77th Dark Angels

$Team: Friendly
$Location: -7076.376465, -532.007202, 1132.954590
$Orientation:
	0.949235, 0.000000, -0.314567,
	0.104904, 0.942755, 0.316558,
	0.296560, -0.333487, 0.894896
$AI Behavior: None
$AI Goals: ( goals ( ai-chase-any 50 ) )
$Cargo 1:  XSTR("Nothing", -1)
+Initial Hull: 100
+Subsystem: Pilot
$Arrival Location: Hyperspace
$Arrival Cue: ( false ) 
$Departure Location: Hyperspace
$Departure Cue: ( false ) 
$Determination: 10
+Flags: ( "cargo-known" )
+Flags2: ( "ship-locked" "weapons-locked" )
+Respawn priority: 0
+Special Hitpoints: 3000
+Orders Accepted: 0		;! note that this is a bitfield!!!
+Group: 0
+Use Table Score:
+Score: 10
+Persona Index: 0

$Name: Gamma 1		;! Object #17
$Class: GTF Falcon
$Alt: 77th Dark Angels

$Team: Friendly
$Location: -7173.359863, -498.162689, 1190.464844
$Orientation:
	0.949235, 0.000000, -0.314567,
	0.104904, 0.942755, 0.316558,
	0.296560, -0.333487, 0.894896
$AI Behavior: None
$AI Goals: ( goals ( ai-chase-any 50 ) )
$Cargo 1:  XSTR("Nothing", -1)
+Initial Hull: 100
+Subsystem: Pilot
$Arrival Location: Hyperspace
$Arrival Cue: ( false ) 
$Departure Location: Hyperspace
$Departure Cue: ( false ) 
$Determination: 10
+Flags: ( "cargo-known" )
+Flags2: ( "ship-locked" "weapons-locked" )
+Respawn priority: 0
+Special Hitpoints: 3000
+Orders Accepted: 0		;! note that this is a bitfield!!!
+Group: 0
+Use Table Score:
+Score: 10
+Persona Index: 1

$Name: Gamma 2		;! Object #18
$Class: GTF Falcon
$Alt: 77th Dark Angels

$Team: Friendly
$Location: -7201.006836, -495.406616, 1182.538818
$Orientation:
	0.949235, 0.000000, -0.314567,
	0.104904, 0.942755, 0.316558,
	0.296560, -0.333487, 0.894896
$AI Behavior: None
$AI Goals: ( goals ( ai-chase-any 50 ) )
$Cargo 1:  XSTR("Nothing", -1)
+Initial Hull: 100
+Subsystem: Pilot
$Arrival Location: Hyperspace
$Arrival Cue: ( false ) 
$Departure Location: Hyperspace
$Departure Cue: ( false ) 
$Determination: 10
+Flags: ( "cargo-known" )
+Flags2: ( "ship-locked" "weapons-locked" )
+Respawn priority: 0
+Special Hitpoints: 3000
+Orders Accepted: 0		;! note that this is a bitfield!!!
+Group: 0
+Use Table Score:
+Score: 10
+Persona Index: 2

$Name: Gamma 3		;! Object #19
$Class: GTF Falcon
$Alt: 77th Dark Angels

$Team: Friendly
$Location: -7163.229980, -490.335327, 1167.867432
$Orientation:
	0.949235, 0.000000, -0.314567,
	0.104904, 0.942755, 0.316558,
	0.296560, -0.333487, 0.894896
$AI Behavior: None
$AI Goals: ( goals ( ai-chase-any 50 ) )
$Cargo 1:  XSTR("Nothing", -1)
+Initial Hull: 100
+Subsystem: Pilot
$Arrival Location: Hyperspace
$Arrival Cue: ( false ) 
$Departure Location: Hyperspace
$Departure Cue: ( false ) 
$Determination: 10
+Flags: ( "cargo-known" )
+Flags2: ( "ship-locked" "weapons-locked" )
+Respawn priority: 0
+Special Hitpoints: 3000
+Orders Accepted: 0		;! note that this is a bitfield!!!
+Group: 0
+Use Table Score:
+Score: 10
+Persona Index: 3

$Name: Gamma 4		;! Object #20
$Class: GTF Falcon
$Alt: 77th Dark Angels

$Team: Friendly
$Location: -7190.898438, -486.885223, 1157.938599
$Orientation:
	0.949235, 0.000000, -0.314567,
	0.104904, 0.942755, 0.316558,
	0.296560, -0.333487, 0.894896
$AI Behavior: None
$AI Goals: ( goals ( ai-chase-any 50 ) )
$Cargo 1:  XSTR("Nothing", -1)
+Initial Hull: 100
+Subsystem: Pilot
$Arrival Location: Hyperspace
$Arrival Cue: ( false ) 
$Departure Location: Hyperspace
$Departure Cue: ( false ) 
$Determination: 10
+Flags: ( "cargo-known" )
+Flags2: ( "ship-locked" "weapons-locked" )
+Respawn priority: 0
+Special Hitpoints: 3000
+Orders Accepted: 0		;! note that this is a bitfield!!!
+Group: 0
+Use Table Score:
+Score: 10
+Persona Index: 2

$Name: Echo 1		;! Object #21
$Class: GTF Dark Angel
$Alt: 76th Ice Queens

$Team: Friendly
$Location: -7321.116699, -525.804321, 1115.627075
$Orientation:
	0.949235, 0.000000, -0.314567,
	0.104904, 0.942755, 0.316558,
	0.296560, -0.333487, 0.894896
$AI Behavior: None
$AI Goals: ( goals ( ai-chase-any 50 ) )
$Cargo 1:  XSTR("Nothing", -1)
+Initial Hull: 100
+Subsystem: Pilot
$Arrival Location: Hyperspace
$Arrival Cue: ( false ) 
$Departure Location: Hyperspace
$Departure Cue: ( false ) 
$Determination: 10
+Flags: ( "cargo-known" )
+Flags2: ( )
+Respawn priority: 0
+Special Hitpoints: 3000
+Orders Accepted: 0		;! note that this is a bitfield!!!
+Group: 0
+Score: 15
+Persona Index: 1
$Texture Replace:
+old: ahull1
+new: ahull1b

$Name: Echo 2		;! Object #22
$Class: GTF Dark Angel
$Alt: 76th Ice Queens

$Team: Friendly
$Location: -7361.717285, -523.522461, 1109.082031
$Orientation:
	0.949235, 0.000000, -0.314567,
	0.104904, 0.942755, 0.316558,
	0.296560, -0.333487, 0.894896
$AI Behavior: None
$AI Goals: ( goals ( ai-chase-any 50 ) )
$Cargo 1:  XSTR("Nothing", -1)
+Initial Hull: 100
+Subsystem: Pilot
$Arrival Location: Hyperspace
$Arrival Cue: ( false ) 
$Departure Location: Hyperspace
$Departure Cue: ( false ) 
$Determination: 10
+Flags: ( "cargo-known" )
+Flags2: ( )
+Respawn priority: 0
+Special Hitpoints: 3000
+Orders Accepted: 0		;! note that this is a bitfield!!!
+Group: 0
+Score: 15
+Persona Index: 0
$Texture Replace:
+old: ahull1
+new: ahull1b

$Name: Echo 3		;! Object #23
$Class: GTF Dark Angel
$Alt: 76th Ice Queens

$Team: Friendly
$Location: -7296.656738, -516.381470, 1088.410522
$Orientation:
	0.949235, 0.000000, -0.314567,
	0.104904, 0.942755, 0.316558,
	0.296560, -0.333487, 0.894896
$AI Behavior: None
$AI Goals: ( goals ( ai-chase-any 50 ) )
$Cargo 1:  XSTR("Nothing", -1)
+Initial Hull: 100
+Subsystem: Pilot
$Arrival Location: Hyperspace
$Arrival Cue: ( false ) 
$Departure Location: Hyperspace
$Departure Cue: ( false ) 
$Determination: 10
+Flags: ( "cargo-known" )
+Flags2: ( )
+Respawn priority: 0
+Special Hitpoints: 3000
+Orders Accepted: 0		;! note that this is a bitfield!!!
+Group: 0
+Score: 15
+Persona Index: 0
$Texture Replace:
+old: ahull1
+new: ahull1b

$Name: Echo 4		;! Object #24
$Class: GTF Dark Angel
$Alt: 76th Ice Queens

$Team: Friendly
$Location: -7341.347656, -510.066956, 1070.233032
$Orientation:
	0.949235, 0.000000, -0.314567,
	0.104904, 0.942755, 0.316558,
	0.296560, -0.333487, 0.894896
$AI Behavior: None
$AI Goals: ( goals ( ai-chase-any 50 ) )
$Cargo 1:  XSTR("Nothing", -1)
+Initial Hull: 100
+Subsystem: Pilot
$Arrival Location: Hyperspace
$Arrival Cue: ( false ) 
$Departure Location: Hyperspace
$Departure Cue: ( false ) 
$Determination: 10
+Flags: ( "cargo-known" )
+Flags2: ( )
+Respawn priority: 0
+Special Hitpoints: 3000
+Orders Accepted: 0		;! note that this is a bitfield!!!
+Group: 0
+Score: 15
+Persona Index: 1
$Texture Replace:
+old: ahull1
+new: ahull1b

$Name: Ioita 1		;! Object #25
$Class: GTF Dark Angel
$Alt: 76th Ice Queens

$Team: Friendly
$Location: -7071.620117, -506.266388, 1058.998047
$Orientation:
	0.949235, 0.000000, -0.314567,
	0.104904, 0.942755, 0.316558,
	0.296560, -0.333487, 0.894896
$AI Behavior: None
$AI Goals: ( goals ( ai-chase-any 50 ) )
$Cargo 1:  XSTR("Nothing", -1)
+Initial Hull: 100
+Subsystem: Pilot
$Arrival Location: Hyperspace
$Arrival Cue: ( false ) 
$Departure Location: Hyperspace
$Departure Cue: ( false ) 
$Determination: 10
+Flags: ( "cargo-known" )
+Flags2: ( )
+Respawn priority: 0
+Special Hitpoints: 3000
