#Mission Info

$Version: 0.10
$Name:  XSTR("Victory At Last - movie", -1)
$Author: Herkie
$Created: 05/16/12 at 08:43:08
$Modified: 03/16/20 at 14:07:14
$Notes:
This is a FRED2_OPEN created mission.
$End Notes:

$Mission Desc:
 XSTR("December 15 2371
", -1)
$end_multi_text
+Game Type Flags: 1
+Flags: 3080
+Fog Near Mult: 1.000000

+Fog Far Mult: 1.000000

+Disallow Support: 1
+Hull Repair Ceiling: 0.000000
+Subsystem Repair Ceiling: 100.000000

+Viewer pos: -554.780396, 3136.494141, -5609.265137
+Viewer orient:
	0.999916, 0.000003, -0.012927,
	0.005669, 0.898607, 0.438718,
	0.011618, -0.438755, 0.898532


$Load Screen 640:	LoadAct10Sa.dds
$Load Screen 1024:	LoadAct10La.dds

$Skybox Model: earthskybox.pof

$AI Profile: FS2 RETAIL

#Sexp_variables

$Variables:
(
		0		"Camera"		"0"		"number"
)

#Command Briefing

#Briefing
$start_briefing
$num_stages: 0
$end_briefing

#Debriefing_info

$Num stages: 0

#Players		;! 1 total

$Starting Shipname: alpha 1
$Ship Choices: (
)

+Weaponry Pool: (
	"Subach HL-7"	1
	"Prometheus R"	1
	"Harpoon"	16
)

#Objects		;! 48 total

$Name: alpha 1		;! Object #0
$Class: GTF Ulysses
$Team: Friendly
$Location: 3572.422607, -0.000000, 4348.345703
$Orientation:
	1.000000, 0.000000, 0.000000,
	0.000000, 0.921061, 0.389418,
	0.000000, -0.389418, 0.921061
$AI Behavior: None
$Cargo 1:  XSTR("Nothing", -1)
+Initial Velocity: 33
+Initial Hull: 100
+Subsystem: Pilot
$Arrival Location: Hyperspace
$Arrival Cue: ( false ) 
$Departure Location: Hyperspace
$Departure Cue: ( false ) 
$Determination: 10
+Flags: ( "cargo-known" "player-start" )
+Flags2: ( )
+Respawn priority: 0
+Group: 0
+Use Table Score:
+Score: 8

$Name: GTD Jupiter 1		;! Object #1
$Class: GTSD Jupiter
$Team: Friendly
$Location: 1330.787476, 1366.537476, -913.062927
$Orientation:
	1.000000, 0.000000, -0.000000,
	0.000000, 0.921061, 0.389418,
	0.000000, -0.389418, 0.921061
$AI Behavior: None
$Cargo 1:  XSTR("Nothing", -1)
+Initial Hull: 100
+Initial Shields: 100
+Subsystem: Pilot
+Subsystem: turret01-main
+Subsystem: turret02
+Subsystem: turret03
+Subsystem: turret04
+Subsystem: turret05
+Subsystem: turret06
+Subsystem: turret07
+Subsystem: turret08
+Subsystem: turret09
+Subsystem: turret10
+Subsystem: turret11
+Subsystem: turret12
+Subsystem: turret13
+Subsystem: turret14
+Subsystem: turret15
+Subsystem: turret16
+Subsystem: turret17
+Subsystem: turret18
+Subsystem: turret19
+Subsystem: turret20
+Subsystem: turret21
+Subsystem: turret22
+Subsystem: turret23
+Subsystem: turret24
+Subsystem: turret25
+Subsystem: turret26
+Subsystem: turret27
+Subsystem: turret28
+Subsystem: turret29
+Subsystem: turret30
+Subsystem: turret31
+Subsystem: turret32
+Subsystem: turret33
+Subsystem: turret34
+Subsystem: turret35
+Subsystem: turret36
+Subsystem: turret37
+Subsystem: turret38
+Subsystem: turret39
+Subsystem: turret40
+Subsystem: turret41
+Subsystem: turret42
+Subsystem: turret43
+Subsystem: turret44
+Subsystem: turret45
+Subsystem: turret46
+Subsystem: turret47
+Subsystem: turret48
+Subsystem: turret49
+Subsystem: turret50
+Subsystem: turret51
+Subsystem: turret52
+Subsystem: turret53
+Subsystem: turret54
$Arrival Location: Hyperspace
$Arrival Cue: ( true ) 
$Departure Location: Hyperspace
$Departure Cue: ( false ) 
$Determination: 10
+Flags: ( "cargo-known" "no-shields" )
+Flags2: ( )
+Respawn priority: 0
+Group: 0
+Score: 8

$Name: GTDn Archangel 2		;! Object #2
$Class: GTVA Archangel
$Team: Friendly
$Location: -551.174561, 381.126617, -3012.234619
$Orientation:
	1.000000, 0.000000, -0.000000,
	0.000000, 0.921061, 0.389418,
	0.000000, -0.389418, 0.921061
$AI Behavior: None
$Cargo 1:  XSTR("Nothing", -1)
+Initial Hull: 100
+Initial Shields: 100
+Subsystem: Pilot
+Subsystem: turret01
+Subsystem: turret02
+Subsystem: turret03
+Subsystem: turret04
+Subsystem: turret05
+Subsystem: turret06
+Subsystem: turret07
+Subsystem: turret08
+Subsystem: turret09
+Subsystem: turret10
+Subsystem: turret11
+Subsystem: turret12
+Subsystem: turret13
+Subsystem: turret14
+Subsystem: turret15
+Subsystem: turret16
+Subsystem: turret17
+Subsystem: turret18
+Subsystem: turret19
+Subsystem: turret20
+Subsystem: turret21
+Subsystem: turret22
+Subsystem: turret23
+Subsystem: turret24
+Subsystem: turret25
+Subsystem: turret26
+Subsystem: turret27
+Subsystem: turret28
+Subsystem: turret29
+Subsystem: turret30
+Subsystem: turret31
+Subsystem: turret32
+Subsystem: turret33
+Subsystem: turret34
+Subsystem: turret35
+Subsystem: turret36
+Subsystem: turret37
+Subsystem: turret38
+Subsystem: turret39
+Subsystem: turret40
+Subsystem: turret41
+Subsystem: turret42
+Subsystem: turret43
+Subsystem: turret44
+Subsystem: turret45
+Subsystem: turret46
+Subsystem: turret47
+Subsystem: turret48
+Subsystem: turret49
+Subsystem: turret50
+Subsystem: turret51
+Subsystem: turret52
+Subsystem: turret53
+Subsystem: turret54
+Subsystem: turret55
+Subsystem: turret56
+Subsystem: turret57
+Subsystem: turret58
+Subsystem: turret59
+Subsystem: turret60
+Subsystem: turret61
+Subsystem: turret62
+Subsystem: turret63
+Subsystem: turret64
+Subsystem: turret65
+Subsystem: turret66
+Subsystem: turret67
+Subsystem: turret68
+Subsystem: turret69
+Subsystem: turret70
+Subsystem: turret71
+Subsystem: turret72
+Subsystem: turret73
+Subsystem: turret74
+Subsystem: turret75
+Subsystem: turret76
+Subsystem: turret77
+Subsystem: turret78
+Subsystem: turret79
+Subsystem: turret80
+Subsystem: turret81
+Subsystem: turret82
+Subsystem: turret83
+Subsystem: turret84
+Subsystem: turret85
+Subsystem: turret86
+Subsystem: turret87
+Subsystem: turret88
+Subsystem: turret89
+Subsystem: turret90
+Subsystem: turret91
+Subsystem: turret92
+Subsystem: turret93
+Subsystem: turret94
+Subsystem: turret95
+Subsystem: turret96
+Subsystem: turret97
+Subsystem: turret98
+Subsystem: turret99
+Subsystem: turret100
+Subsystem: turret101
+Subsystem: turret102
+Subsystem: turret103
+Subsystem: turret104
+Subsystem: turret105
+Subsystem: turret106
+Subsystem: turret107
$Arrival Location: Hyperspace
$Arrival Cue: ( true ) 
$Departure Location: Hyperspace
$Departure Cue: ( false ) 
$Determination: 10
+Flags: ( "cargo-known" "no-shields" )
+Flags2: ( )
+Respawn priority: 0
+Group: 0
+Score: 8

$Name: GTD Taurus 3		;! Object #3
$Class: GTD Sovereign
$Team: Friendly
$Location: -2753.312744, 448.118866, 6.644997
$Orientation:
	1.000000, 0.000000, -0.000000,
	0.000000, 0.921061, 0.389418,
	0.000000, -0.389418, 0.921061
$AI Behavior: None
$Cargo 1:  XSTR("Nothing", -1)
+Initial Hull: 100
+Initial Shields: 100
+Subsystem: Pilot
+Subsystem: turret01
+Subsystem: turret02
+Subsystem: turret03
+Subsystem: turret04
+Subsystem: turret05
+Subsystem: turret06
+Subsystem: turret07
+Subsystem: turret08
+Subsystem: turret09
+Subsystem: turret10
+Subsystem: turret11
+Subsystem: turret12
+Subsystem: turret13
+Subsystem: turret14
+Subsystem: turret15
+Subsystem: turret16
+Subsystem: turret17
+Subsystem: turret18
+Subsystem: turret19
+Subsystem: turret20
+Subsystem: turret21
+Subsystem: turret22
+Subsystem: turret23
+Subsystem: turret24
+Subsystem: turret25
+Subsystem: turret26
+Subsystem: turret27
+Subsystem: turret28
+Subsystem: turret29
+Subsystem: turret30
+Subsystem: turret31
+Subsystem: turret32
+Subsystem: turret33
+Subsystem: turret34
+Subsystem: turret35
+Subsystem: turret36
+Subsystem: turret37
+Subsystem: turret38
+Subsystem: turret39
+Subsystem: turret40
+Subsystem: turret41
$Arrival Location: Hyperspace
$Arrival Cue: ( true ) 
$Departure Location: Hyperspace
$Departure Cue: ( false ) 
$Determination: 10
+Flags: ( "cargo-known" "no-shields" )
+Flags2: ( )
+Respawn priority: 0
+Group: 0
+Score: 8

$Name: GTD Alexander 4		;! Object #4
$Class: GTD Alexander
$Team: Friendly
$Location: -2505.939941, 1514.603882, -4205.433105
$Orientation:
	1.000000, 0.000000, -0.000000,
	0.000000, 0.921061, 0.389418,
	0.000000, -0.389418, 0.921061
$AI Behavior: None
$Cargo 1:  XSTR("Nothing", -1)
+Initial Velocity: 33
+Initial Hull: 100
+Initial Shields: 100
+Subsystem: Pilot
+Subsystem: turret01a
+Subsystem: turret02a
+Subsystem: turret03a
+Subsystem: turret04a
+Subsystem: turret05a
+Subsystem: turret06a
+Subsystem: turret07
+Subsystem: turret08
+Subsystem: turret09
+Subsystem: turret10
+Subsystem: turret11
+Subsystem: turret12
+Subsystem: turret13
+Subsystem: turret14
+Subsystem: turret15
+Subsystem: turret16
+Subsystem: turret17
+Subsystem: turret18
+Subsystem: turret19
+Subsystem: turret20
+Subsystem: turret21
+Subsystem: turret22
+Subsystem: turret23
+Subsystem: turret24
+Subsystem: turret25
+Subsystem: turret26
+Subsystem: turret27
+Subsystem: turret28
+Subsystem: turret29
+Subsystem: turret30
+Subsystem: turret31
+Subsystem: turret32
+Subsystem: turret33
+Subsystem: turret34
+Subsystem: turret35
+Subsystem: turret36
+Subsystem: turret37
+Subsystem: turret38
+Subsystem: turret39
+Subsystem: turret40
+Subsystem: turret41
+Subsystem: turret42
+Subsystem: turret43
+Subsystem: turret44
+Subsystem: turret45
+Subsystem: turret46
+Subsystem: turret47
+Subsystem: turret48
+Subsystem: turret49
+Subsystem: turret50
$Arrival Location: Hyperspace
$Arrival Cue: ( true ) 
$Departure Location: Hyperspace
$Departure Cue: ( false ) 
$Determination: 10
+Flags: ( "cargo-known" "no-shields" )
+Flags2: ( )
+Respawn priority: 0
+Orders Accepted: 0		;! note that this is a bitfield!!!
+Group: 0
+Use Table Score:
+Score: 10000

$Name: GTCv Avenger 5		;! Object #5
$Class: GTD Excalibur
$Team: Friendly
$Location: -1480.043457, 1099.873413, 839.510803
$Orientation:
	1.000000, 0.000000, -0.000000,
	0.000000, 0.921061, 0.389418,
	0.000000, -0.389418, 0.921061
$AI Behavior: None
$Cargo 1:  XSTR("Nothing", -1)
+Initial Hull: 100
+Initial Shields: 100
+Subsystem: Pilot
+Subsystem: turret01
+Subsystem: turret02
+Subsystem: turret03
+Subsystem: turret04
+Subsystem: turret05
+Subsystem: turret06
+Subsystem: turret07
+Subsystem: turret08
+Subsystem: turret09
+Subsystem: turret10
+Subsystem: turret11
+Subsystem: turret12
+Subsystem: turret13
+Subsystem: turret14
+Subsystem: turret15
+Subsystem: turret16
+Subsystem: turret17
+Subsystem: turret18
+Subsystem: turret19
+Subsystem: turret20
+Subsystem: turret21
+Subsystem: turret22
+Subsystem: turret23
+Subsystem: turret24
+Subsystem: turret25
+Subsystem: turret26
+Subsystem: turret27
+Subsystem: turret28
+Subsystem: turret29
+Subsystem: turret30
+Subsystem: turret31
+Subsystem: turret32
+Subsystem: turret33
+Subsystem: turret34
+Subsystem: turret35
+Subsystem: turret36
+Subsystem: turret37
+Subsystem: turret38
+Subsystem: turret39
+Subsystem: turret40
+Subsystem: turret41
+Subsystem: turret42
+Subsystem: turret43
+Subsystem: turret44
$Arrival Location: Hyperspace
$Arrival Cue: ( true ) 
$Departure Location: Hyperspace
$Departure Cue: ( false ) 
$Determination: 10
+Flags: ( "cargo-known" "no-shields" )
+Flags2: ( )
+Respawn priority: 0
+Group: 0
+Score: 8

$Name: GTD Orion 6		;! Object #6
$Class: GTD Stromberg
$Team: Friendly
$Location: 2136.232910, 1262.216064, -3588.125244
$Orientation:
	1.000000, 0.000000, -0.000000,
	0.000000, 0.921061, 0.389418,
	0.000000, -0.389418, 0.921061
$AI Behavior: None
$Cargo 1:  XSTR("Nothing", -1)
+Initial Hull: 100
+Initial Shields: 100
+Subsystem: Pilot
+Subsystem: turret01
+Subsystem: turret02
+Subsystem: turret03
+Subsystem: turret04
+Subsystem: turret05
+Subsystem: turret06
+Subsystem: turret07
+Subsystem: turret08
+Subsystem: turret09
+Subsystem: turret10
+Subsystem: turret11
+Subsystem: turret12
+Subsystem: turret13
+Subsystem: turret14
+Subsystem: turret15
+Subsystem: turret16
+Subsystem: turret17
+Subsystem: turret18
+Subsystem: turret19
+Subsystem: turret20
+Subsystem: turret21
+Subsystem: turret22
+Subsystem: turret23
+Subsystem: turret24
+Subsystem: turret25
+Subsystem: turret26
+Subsystem: turret27
+Subsystem: turret28
+Subsystem: turret29
+Subsystem: turret30
+Subsystem: turret31
+Subsystem: turret32
+Subsystem: turret33
+Subsystem: turret34
+Subsystem: turret35
+Subsystem: turret36
$Arrival Location: Hyperspace
$Arrival Cue: ( true ) 
$Departure Location: Hyperspace
$Departure Cue: ( false ) 
$Determination: 10
+Flags: ( "cargo-known" "no-shields" )
+Flags2: ( )
+Respawn priority: 0
+Orders Accepted: 0		;! note that this is a bitfield!!!
+Group: 0
+Score: 1000

$Name: GTD Hecate 7		;! Object #7
$Class: GVD Archania
$Team: Friendly
$Location: 472.367065, -336.548004, 4028.492188
$Orientation:
	1.000000, 0.000000, -0.000000,
	0.000000, 0.921061, 0.389418,
	0.000000, -0.389418, 0.921061
$AI Behavior: None
$Cargo 1:  XSTR("Nothing", -1)
+Initial Hull: 100
+Initial Shields: 100
+Subsystem: Pilot
+Subsystem: turret01
+Subsystem: turret02
+Subsystem: turret03
+Subsystem: turret04
+Subsystem: turret05
+Subsystem: turret06
+Subsystem: turret07
+Subsystem: turret08
+Subsystem: turret09-base
+Subsystem: turret10-base
+Subsystem: turret11-base
+Subsystem: turret12-base
+Subsystem: turret13-base
+Subsystem: turret14-base
+Subsystem: turret15-base
+Subsystem: turret16-base
+Subsystem: turret17-base
+Subsystem: turret18-base
+Subsystem: turret19-base
+Subsystem: turret20-base
+Subsystem: turret21
+Subsystem: turret22
+Subsystem: turret23
+Subsystem: turret24
+Subsystem: turret25
+Subsystem: turret26
+Subsystem: turret27
+Subsystem: turret28
+Subsystem: turret29
+Subsystem: turret30
+Subsystem: turret31
+Subsystem: turret32
+Subsystem: turret33
+Subsystem: turret34
+Subsystem: turret35
+Subsystem: turret36
+Subsystem: turret37
+Subsystem: turret38
+Subsystem: turret39
+Subsystem: turret40
+Subsystem: turret41
+Subsystem: turret42
+Subsystem: turret43
+Subsystem: turret44
+Subsystem: turret45
+Subsystem: turret46
+Subsystem: turret47
+Subsystem: turret48
+Subsystem: turret49
+Subsystem: turret50
+Subsystem: turret51
+Subsystem: turret52
+Subsystem: turret53
+Subsystem: turret54
+Subsystem: turret55-base
+Subsystem: turret56-base
$Arrival Location: Hyperspace
$Arrival Cue: ( true ) 
$Departure Location: Hyperspace
$Departure Cue: ( false ) 
$Determination: 10
+Flags: ( "cargo-known" "no-shields" )
+Flags2: ( )
+Respawn priority: 0
+Orders Accepted: 0		;! note that this is a bitfield!!!
+Group: 0
+Score: 1300

$Name: GTCv Deimos 8		;! Object #8
$Class: GTCv Rigel
$Team: Friendly
$Location: 175.484558, 1624.614990, 505.770172
$Orientation:
	1.000000, 0.000000, -0.000000,
	0.000000, 0.921061, 0.389418,
	0.000000, -0.389418, 0.921061
$AI Behavior: None
$Cargo 1:  XSTR("Nothing", -1)
+Initial Hull: 100
+Initial Shields: 100
+Subsystem: Pilot
+Subsystem: turret01
+Subsystem: turret02
+Subsystem: turret03
+Subsystem: turret04
+Subsystem: turret05
+Subsystem: turret06
+Subsystem: turret07
+Subsystem: turret08
+Subsystem: turret09
+Subsystem: turret10
+Subsystem: turret11
+Subsystem: turret12
+Subsystem: turret13
+Subsystem: turret14
$Arrival Location: Hyperspace
$Arrival Cue: ( true ) 
$Departure Location: Hyperspace
$Departure Cue: ( false ) 
$Determination: 10
+Flags: ( "cargo-known" "no-shields" )
+Flags2: ( )
+Respawn priority: 0
+Orders Accepted: 1		;! note that this is a bitfield!!!
+Group: 0
+Score: 800

$Name: GTCv Deimos 9		;! Object #9
$Class: GVCv Hathor
$Team: Friendly
$Location: -785.045288, 370.683136, 1288.220093
$Orientation:
	1.000000, 0.000000, -0.000000,
	0.000000, 0.921061, 0.389418,
	0.000000, -0.389418, 0.921061
$AI Behavior: None
$Cargo 1:  XSTR("Nothing", -1)
+Initial Hull: 100
+Initial Shields: 100
+Subsystem: Pilot
+Subsystem: turret01-base
+Subsystem: turret02-base
+Subsystem: turret03
+Subsystem: turret04
+Subsystem: turret05
+Subsystem: turret06
+Subsystem: turret07
+Subsystem: turret08
+Subsystem: turret09-base
+Subsystem: turret10-base
+Subsystem: turret11-base
+Subsystem: turret12-base
+Subsystem: turret13-base
+Subsystem: turret14-base
+Subsystem: turret15-base
+Subsystem: turret16-base
+Subsystem: turret17
+Subsystem: turret18
+Subsystem: turret19
+Subsystem: turret20
+Subsystem: turret21
+Subsystem: turret22
+Subsystem: turret23
+Subsystem: turret24
+Subsystem: turret25
+Subsystem: turret26
+Subsystem: turret27
+Subsystem: turret28
+Subsystem: turret29
+Subsystem: turret30
+Subsystem: turret31
+Subsystem: turret32
+Subsystem: turret33
$Arrival Location: Hyperspace
$Arrival Cue: ( true ) 
$Departure Location: Hyperspace
$Departure Cue: ( false ) 
$Determination: 10
+Flags: ( "cargo-known" "no-shields" "don't-collide-invisible" )
+Flags2: ( )
+Respawn priority: 0
+Orders Accepted: 1		;! note that this is a bitfield!!!
+Group: 0
+Score: 800

$Name: GTCv Phobos 10		;! Object #10
$Class: GTCv Coronis
$Team: Friendly
$Location: -780.511169, -1154.762573, 5152.173340
$Orientation:
	1.000000, 0.000000, -0.000000,
	0.000000, 0.921061, 0.389418,
	0.000000, -0.389418, 0.921061
$AI Behavior: None
$Cargo 1:  XSTR("Nothing", -1)
+Initial Hull: 100
+Initial Shields: 100
+Subsystem: Pilot
+Subsystem: turret01
+Subsystem: turret02
+Subsystem: turret03
+Subsystem: turret04
+Subsystem: turret05
+Subsystem: turret06
+Subsystem: turret07
+Subsystem: turret08
+Subsystem: turret09
+Subsystem: turret10
+Subsystem: turret11
+Subsystem: turret12
+Subsystem: turret13
+Subsystem: turret14
+Subsystem: turret15
+Subsystem: turret16
+Subsystem: turret17
+Subsystem: turret18
+Subsystem: turret19
+Subsystem: turret20
+Subsystem: turret21
+Subsystem: turret22
+Subsystem: turret23
+Subsystem: turret24
$Arrival Location: Hyperspace
$Arrival Cue: ( true ) 
$Departure Location: Hyperspace
$Departure Cue: ( false ) 
$Determination: 10
+Flags: ( "cargo-known" "no-shields" )
+Flags2: ( )
+Respawn priority: 0
+Group: 0
+Score: 8

$Name: GTCv Deimos 11		;! Object #11
$Class: GTCv Euphoria
$Team: Friendly
$Location: -1668.152588, -1493.755859, 3618.953125
$Orientation:
	1.000000, 0.000000, -0.000000,
	0.000000, 0.921061, 0.389418,
	0.000000, -0.389418, 0.921061
$AI Behavior: None
$Cargo 1:  XSTR("Nothing", -1)
+Initial Hull: 100
+Initial Shields: 100
+Subsystem: Pilot
+Subsystem: turret01
+Subsystem: turret02
+Subsystem: turret03
+Subsystem: turret04
+Subsystem: turret05
+Subsystem: turret06
+Subsystem: turret07
+Subsystem: turret08
+Subsystem: turret09
+Subsystem: turret10
+Subsystem: turret11
+Subsystem: turret12
+Subsystem: turret13
+Subsystem: turret14
+Subsystem: turret15
+Subsystem: turret16
+Subsystem: turret17
+Subsystem: turret18
+Subsystem: turretm01
+Subsystem: turretm02
+Subsystem: turretm03
+Subsystem: turretm04
+Subsystem: turretb1
$Arrival Location: Hyperspace
$Arrival Cue: ( true ) 
$Departure Location: Hyperspace
$Departure Cue: ( false ) 
$Determination: 10
+Flags: ( "cargo-known" "no-shields" )
+Flags2: ( )
+Respawn priority: 0
+Orders Accepted: 1		;! note that this is a bitfield!!!
+Group: 0
+Use Table Score:
+Score: 800

$Name: GTC Aeolus 12		;! Object #12
$Class: GTC Bajoran
$Team: Friendly
$Location: -837.433350, -2082.377441, 7417.620605
$Orientation:
	1.000000, 0.000000, -0.000000,
	0.000000, 0.921061, 0.389418,
	0.000000, -0.389418, 0.921061
$AI Behavior: None
$Cargo 1:  XSTR("Nothing", -1)
+Initial Hull: 100
+Initial Shields: 100
+Subsystem: Pilot
+Subsystem: turret01a
+Subsystem: turret02a
+Subsystem: turret03a
+Subsystem: turret04a
+Subsystem: turret5
+Subsystem: turret6
+Subsystem: turret7
+Subsystem: turret8
+Subsystem: turret9
+Subsystem: turret10
+Subsystem: Turret11
+Subsystem: Turret12
+Subsystem: Turret13
+Subsystem: Turret14
$Arrival Location: Hyperspace
$Arrival Cue: ( true ) 
$Departure Location: Hyperspace
$Departure Cue: ( false ) 
$Determination: 10
+Flags: ( "cargo-known" "no-shields" )
+Flags2: ( )
+Respawn priority: 0
+Orders Accepted: 1		;! note that this is a bitfield!!!
+Group: 0
+Use Table Score:
+Score: 500

$Name: GTC Aeolus 13		;! Object #13
$Class: GTC Khitomer
$Team: Friendly
$Location: -528.709106, -2413.239258, 8424.482422
$Orientation:
	1.000000, 0.000000, -0.000000,
	0.000000, 0.921061, 0.389418,
	0.000000, -0.389418, 0.921061
$AI Behavior: None
$Cargo 1:  XSTR("Nothing", -1)
+Initial Hull: 100
+Initial Shields: 100
+Subsystem: Pilot
+Subsystem: Turret01a
+Subsystem: Turret02a
+Subsystem: Turret03a
+Subsystem: Turret04a
+Subsystem: Turret05
+Subsystem: Turret06
+Subsystem: Turret07
+Subsystem: Turret08
+Subsystem: Turret09
+Subsystem: Turret10
+Subsystem: Turret11
+Subsystem: Turret12
+Subsystem: Turret13
$Arrival Location: Hyperspace
$Arrival Cue: ( true ) 
$Departure Location: Hyperspace
$Departure Cue: ( false ) 
$Determination: 10
+Flags: ( "cargo-known" "no-shields" )
+Flags2: ( )
+Respawn priority: 0
+Orders Accepted: 1		;! note that this is a bitfield!!!
+Group: 0
+Use Table Score:
+Score: 500

$Name: GTC Alcyone 14		;! Object #14
$Class: GTc Hestia
$Team: Friendly
$Location: 10.929934, -2167.637939, 7674.369629
$Orientation:
	1.000000, 0.000000, -0.000000,
	0.000000, 0.921061, 0.389418,
	0.000000, -0.389418, 0.921061
$AI Behavior: None
$Cargo 1:  XSTR("Nothing", -1)
+Initial Hull: 100
+Initial Shields: 100
+Subsystem: Pilot
+Subsystem: turret1
+Subsystem: turret2
+Subsystem: turret3
+Subsystem: turret4
+Subsystem: turret5
+Subsystem: turret6
+Subsystem: turret7
+Subsystem: turret8
+Subsystem: turretbase
$Arrival Location: Hyperspace
$Arrival Cue: ( true ) 
$Departure Location: Hyperspace
$Departure Cue: ( false ) 
$Determination: 10
+Flags: ( "cargo-known" "no-shields" )
+Flags2: ( )
+Respawn priority: 0
+Orders Accepted: 1		;! note that this is a bitfield!!!
+Group: 0
+Score: 8

$Name: GTC Alcyone 15		;! Object #15
$Class: GTC Orca
$Team: Friendly
$Location: 408.481842, -1700.322510, 7261.524414
$Orientation:
	1.000000, 0.000000, -0.000000,
	0.000000, 0.921061, 0.389418,
	0.000000, -0.389418, 0.921061
$AI Behavior: None
$Cargo 1:  XSTR("Nothing", -1)
+Initial Hull: 100
+Initial Shields: 100
+Subsystem: Pilot
+Subsystem: turret01a
+Subsystem: turret02a
+Subsystem: turret03a
+Subsystem: turret04a
+Subsystem: turret05a
+Subsystem: turret06a
+Subsystem: turret07a
+Subsystem: turret08a
+Subsystem: turret09
+Subsystem: turret10
+Subsystem: turret11
+Subsystem: turret12
+Subsystem: turret13
+Subsystem: turret14
+Subsystem: turret15
+Subsystem: turret16
+Subsystem: turret17
+Subsystem: turret18
+Subsystem: turret19
+Subsystem: turret20
+Subsystem: turret21
+Subsystem: turretB1
+Subsystem: turretB2
+Subsystem: turretB3
$Arrival Location: Hyperspace
$Arrival Cue: ( true ) 
$Departure Location: Hyperspace
$Departure Cue: ( false ) 
$Determination: 10
+Flags: ( "cargo-known" "no-shields" )
+Flags2: ( )
+Respawn priority: 0
+Orders Accepted: 1		;! note that this is a bitfield!!!
+Group: 0
+Score: 8

$Name: GTC Orca 16		;! Object #16
$Class: GTC Orca
$Team: Friendly
$Location: -953.378906, -2076.931396, 6491.143066
$Orientation:
	1.000000, 0.000000, -0.000000,
	0.000000, 0.921061, 0.389418,
	0.000000, -0.389418, 0.921061
$AI Behavior: None
$Cargo 1:  XSTR("Nothing", -1)
+Initial Velocity: 33
+Initial Hull: 100
+Initial Shields: 100
+Subsystem: Pilot
+Subsystem: turret01a
+Subsystem: turret02a
+Subsystem: turret03a
+Subsystem: turret04a
+Subsystem: turret05a
+Subsystem: turret06a
+Subsystem: turret07a
+Subsystem: turret08a
+Subsystem: turret09
+Subsystem: turret10
+Subsystem: turret11
+Subsystem: turret12
+Subsystem: turret13
+Subsystem: turret14
+Subsystem: turret15
+Subsystem: turret16
+Subsystem: turret17
+Subsystem: turret18
+Subsystem: turret19
+Subsystem: turret20
+Subsystem: turret21
+Subsystem: turretB1
+Subsystem: turretB2
+Subsystem: turretB3
$Arrival Location: Hyperspace
$Arrival Cue: ( true ) 
$Departure Location: Hyperspace
$Departure Cue: ( false ) 
$Determination: 10
+Flags: ( "cargo-known" "no-shields" )
+Flags2: ( )
+Respawn priority: 0
+Orders Accepted: 1		;! note that this is a bitfield!!!
+Group: 0
+Use Table Score:
+Score: 180

$Name: GTC Orca 17		;! Object #17
$Class: GVC Anubis
$Team: Friendly
$Location: -91.088737, -1739.540161, 5962.954590
$Orientation:
	1.000000, 0.000000, -0.000000,
	0.000000, 0.921061, 0.389418,
	0.000000, -0.389418, 0.921061
$AI Behavior: None
$Cargo 1:  XSTR("Nothing", -1)
+Initial Hull: 100
+Initial Shields: 100
+Subsystem: Pilot
+Subsystem: turret01-base
+Subsystem: turret02-base
+Subsystem: turret03-base
+Subsystem: turret04-base
+Subsystem: turret05-base
+Subsystem: turret06-base
+Subsystem: turret07-base
+Subsystem: turret08-base
+Subsystem: turret09-base
+Subsystem: turret10-base
+Subsystem: turret11-base
+Subsystem: turret12-base
+Subsystem: turret13-base
+Subsystem: turret14-base
+Subsystem: turret15-base
+Subsystem: turret16-base
+Subsystem: turret17-base
+Subsystem: turret18-base
+Subsystem: turret19-base
+Subsystem: turret20-base
+Subsystem: turret21-base
+Subsystem: turret22-base
$Arrival Location: Hyperspace
$Arrival Cue: ( true ) 
$Departure Location: Hyperspace
$Departure Cue: ( false ) 
$Determination: 10
+Flags: ( "cargo-known" "no-shields" )
+Flags2: ( )
+Respawn priority: 0
+Orders Accepted: 1		;! note that this is a bitfield!!!
+Group: 0
+Score: 180

$Name: GTCv Euphoria 18		;! Object #18
$Class: GVCv Hathor
$Team: Friendly
$Location: 837.497131, -1258.258789, 4176.148438
$Orientation:
	1.000000, 0.000000, -0.000000,
	0.000000, 0.921061, 0.389418,
	0.000000, -0.389418, 0.921061
$AI Behavior: None
$Cargo 1:  XSTR("Nothing", -1)
+Initial Hull: 100
+Initial Shields: 100
+Subsystem: Pilot
+Subsystem: turret01-base
+Subsystem: turret02-base
+Subsystem: turret03
+Subsystem: turret04
+Subsystem: turret05
+Subsystem: turret06
+Subsystem: turret07
+Subsystem: turret08
+Subsystem: turret09-base
+Subsystem: turret10-base
+Subsystem: turret11-base
+Subsystem: turret12-base
+Subsystem: turret13-base
+Subsystem: turret14-base
+Subsystem: turret15-base
+Subsystem: turret16-base
+Subsystem: turret17
+Subsystem: turret18
+Subsystem: turret19
+Subsystem: turret20
+Subsystem: turret21
+Subsystem: turret22
+Subsystem: turret23
+Subsystem: turret24
+Subsystem: turret25
+Subsystem: turret26
+Subsystem: turret27
+Subsystem: turret28
+Subsystem: turret29
+Subsystem: turret30
+Subsystem: turret31
+Subsystem: turret32
+Subsystem: turret33
$Arrival Location: Hyperspace
$Arrival Cue: ( true ) 
$Departure Location: Hyperspace
$Departure Cue: ( false ) 
$Determination: 10
+Flags: ( "cargo-known" "no-shields" "don't-collide-invisible" )
+Flags2: ( )
+Respawn priority: 0
+Orders Accepted: 1		;! note that this is a bitfield!!!
+Group: 0
+Score: 800

$Name: GTCv Alexandria 19		;! Object #19
$Class: GTCv Alexandria
$Team: Friendly
$Location: -320.869049, -769.321899, 3732.892578
$Orientation:
	1.000000, 0.000000, -0.000000,
	0.000000, 0.921061, 0.389418,
	0.000000, -0.389418, 0.921061
$AI Behavior: None
$Cargo 1:  XSTR("Nothing", -1)
+Initial Velocity: 33
+Initial Hull: 100
+Initial Shields: 100
+Subsystem: Pilot
+Subsystem: Turret01
+Subsystem: Turret02
+Subsystem: Turret03
+Subsystem: Turret04
+Subsystem: Turret05
+Subsystem: Turret06
+Subsystem: Turret07
+Subsystem: Turret08
+Subsystem: Turret09
+Subsystem: Turret10
+Subsystem: Turret11
+Subsystem: Turret12
+Subsystem: Turret13
+Subsystem: Turret14
+Subsystem: Turret15
+Subsystem: Turret16
+Subsystem: Turret17
+Subsystem: Turret18
+Subsystem: Turret19
+Subsystem: Turret20
+Subsystem: Turret21
+Subsystem: Turret22
+Subsystem: Turret23
+Subsystem: Turret24
+Subsystem: Turret25
+Subsystem: Turret26
+Subsystem: Turret27
+Subsystem: Turret28
+Subsystem: Turret29
+Subsystem: Turret30
$Arrival Location: Hyperspace
$Arrival Cue: ( true ) 
$Departure Location: Hyperspace
$Departure Cue: ( false ) 
$Determination: 10
+Flags: ( "cargo-known" "no-shields" )
+Flags2: ( )
+Respawn priority: 0
+Orders Accepted: 1		;! note that this is a bitfield!!!
+Group: 0
+Use Table Score:
+Score: 800

$Name: GTD Hecate 20		;! Object #20
$Class: GTD Damocles
$Team: Friendly
$Location: -1801.673340, 3530.276611, -4001.544189
$Orientation:
	1.000000, 0.000000, -0.000000,
	0.000000, 0.921061, 0.389418,
	0.000000, -0.389418, 0.921061
$AI Behavior: None
$Cargo 1:  XSTR("Nothing", -1)
+Initial Hull: 100
+Initial Shields: 100
+Subsystem: Pilot
+Subsystem: gunturret-0a
+Subsystem: gunturret-1a
+Subsystem: gunturret-2a
+Subsystem: gunturret-3a
+Subsystem: gunturret-4a
+Subsystem: gunturret-5a
+Subsystem: gunturret-6a
+Subsystem: gunturret-7a
+Subsystem: gunturret-36a
+Subsystem: gunturret-8
+Subsystem: gunturret-9
+Subsystem: gunturret-10
+Subsystem: gunturret-11
+Subsystem: gunturret-12
+Subsystem: gunturret-13
+Subsystem: gunturret-14
+Subsystem: gunturret-15
+Subsystem: gunturret-16
+Subsystem: gunturret-17
+Subsystem: gunturret-18
+Subsystem: gunturret-19
+Subsystem: gunturret-20
+Subsystem: gunturret-21
+Subsystem: gunturret-22
+Subsystem: gunturret-23
+Subsystem: gunturret-24
+Subsystem: gunturret-25
+Subsystem: gunturret-26
+Subsystem: gunturret-27
+Subsystem: gunturret-28
+Subsystem: gunturret-29
+Subsystem: gunturret-30
+Subsystem: gunturret-31
+Subsystem: gunturret-32
+Subsystem: gunturret-33
+Subsystem: gunturret-34
+Subsystem: gunturret-35
+Subsystem: missileturret-0
+Subsystem: missileturret-1
$Arrival Location: Hyperspace
$Arrival Cue: ( true ) 
$Departure Location: Hyperspace
$Departure Cue: ( false ) 
$Determination: 10
+Flags: ( "cargo-known" "no-shields" )
+Flags2: ( )
+Respawn priority: 0
+Orders Accepted: 0		;! note that this is a bitfield!!!
+Group: 0
+Score: 1300

$Name: GTD Orion 21		;! Object #21
$Class: GTF Ulysses
$Team: Friendly
$Location: 274.610748, 3766.646973, -3054.078125
$Orientation:
	1.000000, 0.000000, -0.000000,
	0.000000, 0.921061, 0.389418,
	0.000000, -0.389418, 0.921061
$AI Behavior: None
$Cargo 1:  XSTR("Nothing", -1)
+Initial Hull: 100
+Initial Shields: 100
+Subsystem: Pilot
$Arrival Location: Hyperspace
$Arrival Cue: ( true ) 
$Departure Location: Hyperspace
$Departure Cue: ( false ) 
$Determination: 10
+Flags: ( "cargo-known" "no-shields" )
+Flags2: ( )
+Respawn priority: 0
+Orders Accepted: 0		;! note that this is a bitfield!!!
+Group: 0
+Use Table Score:
+Score: 8

$Name: UET Kadmos 22		;! Object #22
$Class: GTC Minos
$Team: Friendly
$Location: -647.582153, -3267.973145, 10637.612305
$Orientation:
	1.000000, 0.000000, -0.000000,
	0.000000, 0.921061, 0.389418,
	0.000000, -0.389418, 0.921061
$AI Behavior: None
$Cargo 1:  XSTR("Nothing", -1)
+Initial Hull: 100
+Initial Shields: 100
+Subsystem: Pilot
+Subsystem: turret01
+Subsystem: turret02
+Subsystem: turret03
+Subsystem: turret04
+Subsystem: turret05
+Subsystem: turret06
$Arrival Location: Hyperspace
$Arrival Cue: ( true ) 
$Departure Location: Hyperspace
$Departure Cue: ( false ) 
$Determination: 10
+Flags: ( "cargo-known" "no-shields" )
+Flags2: ( )
+Respawn priority: 0
+Group: 0
+Score: 8

$Name: UET Kadmos 23		;! Object #23
$Class: GTT Cradle
$Team: Friendly
$Location: -510.894623, -3216.261230, 10944.293945
$Orientation:
	1.000000, 0.000000, -0.000000,
	0.000000, 0.921061, 0.389418,
	0.000000, -0.389418, 0.921061
$AI Behavior: None
$Cargo 1:  XSTR("Nothing", -1)
+Initial Hull: 100
+Initial Shields: 100
+Subsystem: Pilot
+Subsystem: turret01
+Subsystem: turret02
+Subsystem: turret03
+Subsystem: turret04
+Subsystem: turret05
+Subsystem: turret06
$Arrival Location: Hyperspace
$Arrival Cue: ( true ) 
$Departure Location: Hyperspace
$Departure Cue: ( false ) 
$Determination: 10
+Flags: ( "cargo-known" "no-shields" )
+Flags2: ( )
+Respawn priority: 0
+Orders Accepted: 257		;! note that this is a bitfield!!!
+Group: 0
+Score: 8

$Name: UET Kadmos 24		;! Object #24
$Class: GTT Cradle
$Team: Friendly
$Location: -316.730438, -3350.745361, 11012.881836
$Orientation:
	1.000000, 0.000000, -0.000000,
	0.000000, 0.921061, 0.389418,
	0.000000, -0.389418, 0.921061
$AI Behavior: None
$Cargo 1:  XSTR("Nothing", -1)
+Initial Hull: 100
+Initial Shields: 100
+Subsystem: Pilot
+Subsystem: turret01
+Subsystem: turret02
+Subsystem: turret03
+Subsystem: turret04
+Subsystem: turret05
+Subsystem: turret06
$Arrival Location: Hyperspace
$Arrival Cue: ( true ) 
$Departure Location: Hyperspace
$Departure Cue: ( false ) 
$Determination: 10
+Flags: ( "cargo-known" "no-shields" )
+Flags2: ( )
+Respawn priority: 0
+Orders Accepted: 257		;! note that this is a bitfield!!!
+Group: 0
+Score: 8

$Name: UEC Sanctus 25		;! Object #25
$Class: GTT Neptune
$Team: Friendly
$Location: -198.030991, -2911.800537, 9453.105469
$Orientation:
	1.000000, 0.000000, -0.000000,
	0.000000, 0.921061, 0.389418,
	0.000000, -0.389418, 0.921061
$AI Behavior: None
$Cargo 1:  XSTR("Nothing", -1)
+Initial Hull: 100
+Initial Shields: 100
+Subsystem: Pilot
+Subsystem: turret01
+Subsystem: turret02
+Subsystem: turret03
+Subsystem: turret04
$Arrival Location: Hyperspace
$Arrival Cue: ( true ) 
$Departure Location: Hyperspace
$Departure Cue: ( false ) 
$Determination: 10
+Flags: ( "cargo-known" "no-shields" )
+Flags2: ( )
+Respawn priority: 0
+Orders Accepted: 1		;! note that this is a bitfield!!!
+Group: 0
+Score: 8

$Name: GTCv Deimos 26		;! Object #26
$Class: GTCv Deimos
$Team: Friendly
$Location: -2099.183105, -1949.676147, 7145.252930
$Orientation:
	1.000000, 0.000000, 0.000000,
	0.000000, 0.932328, 0.361616,
	0.000000, -0.361616, 0.932328
$AI Behavior: None
$Cargo 1:  XSTR("Nothing", -1)
+Initial Velocity: 33
+Initial Hull: 100
+Initial Shields: 100
+Subsystem: Pilot
+Subsystem: turret01
+Subsystem: turret02
+Subsystem: turret03
+Subsystem: turret04
+Subsystem: turret05
+Subsystem: turret06
+Subsystem: turret07
+Subsystem: turret08
+Subsystem: turret09
+Subsystem: turret10
+Subsystem: turret11
+Subsystem: turret12
+Subsystem: turret13
+Subsystem: turret14
+Subsystem: turret15
+Subsystem: turret16
+Subsystem: turret17
+Subsystem: turret18
+Subsystem: turret19
+Subsystem: turret20
+Subsystem: turret21
+Subsystem: turret22
+Subsystem: turret23
+Subsystem: turret24
+Subsystem: turret25
+Subsystem: turret26
$Arrival Location: Hyperspace
$Arrival Cue: ( true ) 
$Departure Location: Hyperspace
$Departure Cue: ( false ) 
$Determination: 10
+Flags: ( "cargo-known" "no-shields" )
+Flags2: ( )
+Respawn priority: 0
+Orders Accepted: 1		;! note that this is a bitfield!!!
+Group: 0
+Use Table Score:
+Score: 800

$Name: GTCv Deimos 27		;! Object #27
$Class: GTCv Rigel
$Team: Friendly
$Location: -2408.752197, -1353.126587, 10989.469727
$Orientation:
	1.000000, 0.000000, 0.000000,
	0.000000, 0.955336, 0.295520,
	0.000000, -0.295520, 0.955336
$AI Behavior: None
$Cargo 1:  XSTR("Nothing", -1)
+Initial Hull: 100
+Initial Shields: 100
+Subsystem: Pilot
+Subsystem: turret01
+Subsystem: turret02
+Subsystem: turret03
+Subsystem: turret04
+Subsystem: turret05
+Subsystem: turret06
+Subsystem: turret07
+Subsystem: turret08
+Subsystem: turret09
+Subsystem: turret10
+Subsystem: turret11
+Subsystem: turret12
+Subsystem: turret13
+Subsystem: turret14
$Arrival Location: Hyperspace
$Arrival Cue: ( true ) 
$Departure Location: Hyperspace
$Departure Cue: ( false ) 
$Determination: 10
+Flags: ( "cargo-known" "no-shields" )
+Flags2: ( )
+Respawn priority: 0
+Orders Accepted: 1		;! note that this is a bitfield!!!
+Group: 0
+Score: 800

$Name: GTCv Deimos 28		;! Object #28
$Class: GTCv Euphoria
$Team: Friendly
$Location: -2702.063477, -1402.177246, 8537.265625
$Orientation:
	1.000000, 0.000000, 0.000000,
	0.000000, 0.955336, 0.295520,
	0.000000, -0.295520, 0.955336
$AI Behavior: None
$Cargo 1:  XSTR("Nothing", -1)
+Initial Hull: 100
+Initial Shields: 100
+Subsystem: Pilot
+Subsystem: turret01
+Subsystem: turret02
+Subsystem: turret03
+Subsystem: turret04
+Subsystem: turret05
+Subsystem: turret06
+Subsystem: turret07
+Subsystem: turret08
+Subsystem: turret09
+Subsystem: turret10
+Subsystem: turret11
+Subsystem: turret12
+Subsystem: turret13
+Subsystem: turret14
+Subsystem: turret15
+Subsystem: turret16
+Subsystem: turret17
+Subsystem: turret18
+Subsystem: turretm01
+Subsystem: turretm02
+Subsystem: turretm03
+Subsystem: turretm04
+Subsystem: turretb1
$Arrival Location: Hyperspace
$Arrival Cue: ( true ) 
$Departure Location: Hyperspace
$Departure Cue: ( false ) 
$Determination: 10
+Flags: ( "cargo-known" "no-shields" )
+Flags2: ( )
+Respawn priority: 0
+Orders Accepted: 1		;! note that this is a bitfield!!!
+Group: 0
+Use Table Score:
+Score: 800

$Name: GTCv Deimos 29		;! Object #29
$Class: GTCv Comet
$Team: Friendly
$Location: -1515.290894, -2244.357422, 10745.727539
$Orientation:
	1.000000, 0.000000, 0.000000,
	0.000000, 0.955336, 0.295520,
	0.000000, -0.295520, 0.955336
$AI Behavior: None
$Cargo 1:  XSTR("Nothing", -1)
+Initial Hull: 100
+Initial Shields: 100
+Subsystem: Pilot
+Subsystem: turret01
+Subsystem: turret02
+Subsystem: turret03
+Subsystem: turret04
+Subsystem: turret05
+Subsystem: turret06
+Subsystem: turret07
+Subsystem: turret08
+Subsystem: turret09
+Subsystem: turret10
+Subsystem: turret11
+Subsystem: turret12
+Subsystem: turret13
+Subsystem: turret14
+Subsystem: turret15
+Subsystem: turret16
+Subsystem: turret17
+Subsystem: turret18
+Subsystem: turret19
+Subsystem: turret20
$Arrival Location: Hyperspace
$Arrival Cue: ( true ) 
$Departure Location: Hyperspace
$Departure Cue: ( false ) 
$Determination: 10
+Flags: ( "cargo-known" "no-shields" )
+Flags2: ( )
+Respawn priority: 0
+Orders Accepted: 1		;! note that this is a bitfield!!!
+Group: 0
+Score: 800

$Name: GTC Aeolus 30		;! Object #30
$Class: GTC Khitomer
$Team: Friendly
$Location: -1828.865112, -1409.772949, 8157.528320
$Orientation:
	1.000000, 0.000000, 0.000000,
	0.000000, 0.955336, 0.295520,
	0.000000, -0.295520, 0.955336
$AI Behavior: None
$Cargo 1:  XSTR("Nothing", -1)
+Initial Hull: 100
+Initial Shields: 100
+Subsystem: Pilot
+Subsystem: Turret01a
+Subsystem: Turret02a
+Subsystem: Turret03a
+Subsystem: Turret04a
+Subsystem: Turret05
+Subsystem: Turret06
+Subsystem: Turret07
+Subsystem: Turret08
+Subsystem: Turret09
+Subsystem: Turret10
+Subsystem: Turret11
+Subsystem: Turret12
+Subsystem: Turret13
$Arrival Location: Hyperspace
$Arrival Cue: ( true ) 
$Departure Location: Hyperspace
$Departure Cue: ( false ) 
$Determination: 10
+Flags: ( "cargo-known" "no-shields" )
+Flags2: ( )
+Respawn priority: 0
+Orders Accepted: 1		;! note that this is a bitfield!!!
+Group: 0
+Use Table Score:
+Score: 500

$Name: GTC Aeolus 31		;! Object #31
$Class: GTC Bajoran
$Team: Friendly
$Location: -1901.548340, -1423.547485, 7468.890625
$Orientation:
	1.000000, 0.000000, 0.000000,
	0.000000, 0.955336, 0.295520,
	0.000000, -0.295520, 0.955336
$AI Behavior: None
$Cargo 1:  XSTR("Nothing", -1)
+Initial Hull: 100
+Initial Shields: 100
+Subsystem: Pilot
+Subsystem: turret01a
+Subsystem: turret02a
+Subsystem: turret03a
+Subsystem: turret04a
+Subsystem: turret5
+Subsystem: turret6
+Subsystem: turret7
+Subsystem: turret8
+Subsystem: turret9
+Subsystem: turret10
+Subsystem: Turret11
+Subsystem: Turret12
+Subsystem: Turret13
+Subsystem: Turret14
$Arrival Location: Hyperspace
$Arrival Cue: ( true ) 
$Departure Location: Hyperspace
$Departure Cue: ( false ) 
$Determination: 10
+Flags: ( "cargo-known" "no-shields" )
+Flags2: ( )
+Respawn priority: 0
+Orders Accepted: 1		;! note that this is a bitfield!!!
+Group: 0
+Use Table Score:
+Score: 500

$Name: GTC Aeolus 32		;! Object #32
$Class: GVC Anubis
$Team: Friendly
$Location: 1164.377197, -1891.779785, 10829.001953
$Orientation:
	1.000000, 0.000000, 0.000000,
	0.000000, 0.958244, 0.285952,
	0.000000, -0.285952, 0.958244
$AI Behavior: None
$Cargo 1:  XSTR("Nothing", -1)
+Initial Hull: 100
+Initial Shields: 100
+Subsystem: Pilot
+Subsystem: turret01-base
+Subsystem: turret02-base
+Subsystem: turret03-base
+Subsystem: turret04-base
+Subsystem: turret05-base
+Subsystem: turret06-base
+Subsystem: turret07-base
+Subsystem: turret08-base
+Subsystem: turret09-base
+Subsystem: turret10-base
+Subsystem: turret11-base
+Subsystem: turret12-base
+Subsystem: turret13-base
+Subsystem: turret14-base
+Subsystem: turret15-base
+Subsystem: turret16-base
+Subsystem: turret17-base
+Subsystem: turret18-base
+Subsystem: turret19-base
+Subsystem: turret20-base
+Subsystem: turret21-base
+Subsystem: turret22-base
$Arrival Location: Hyperspace
$Arrival Cue: ( true ) 
$Departure Location: Hyperspace
$Departure Cue: ( false ) 
$Determination: 10
+Flags: ( "cargo-known" "no-shields" )
+Flags2: ( )
+Respawn priority: 0
+Orders Accepted: 1		;! note that this is a bitfield!!!
+Group: 0
+Score: 500

$Name: GTC Aeolus 33		;! Object #33
$Class: GTC Aeolus
$Team: Friendly
