#Mission Info

$Version: 0.10
$Name:  XSTR("The Price of Fuel", -1)
$Author: Herkie
$Created: 05/29/16 at 14:53:15
$Modified: 09/28/20 at 01:37:44
$Notes:
This is a FRED2_OPEN created mission.
$End Notes:

$Mission Desc:
 XSTR("August 24, 2370. The Titan reached Sector Comms and the pilots were given their much needed rest. 
", -1)
$end_multi_text
+Game Type Flags: 1
+Flags: 192
+Fog Near Mult: 1.000000

+Fog Far Mult: 1.000000

+Disallow Support: 0
+Hull Repair Ceiling: 50.000000
+Subsystem Repair Ceiling: 100.000000

+Viewer pos: 17676.107422, 1214.609253, 2405.915771
+Viewer orient:
	-0.583644, 0.000001, 0.812010,
	-0.078382, 0.995330, -0.056339,
	-0.808218, -0.096529, -0.580918


$Load Screen 640:	LoadAct5Sa.dds
$Load Screen 1024:	LoadAct5La.dds

$Skybox Model: Draconis.pof

$AI Profile: AF2

#Sexp_variables

$Variables:
(
		0		"CamCatchUp"		"0"		"number"
		1		"CamToPOV"		"0"		"number"
		2		"MinerArrived"		"0"		"number"
		3		"MovingTracker"		"0"		"number"
		4		"TrackCoronis"		"0"		"number"
		5		"TrackHerc"		"0"		"number"
)

#Command Briefing

$Stage Text:
 XSTR("$B{To All Officers, Pilots and Crew of the Warships
GTD Titan, GTD Hercules and GTCv Babylon $}

We are once again back in square one. After our failed invasion of the planet $R Shiva, we have been sent back reeling into $Y Gamma $Y Draconis. We are still fortunate, however, that we are able to hold off the enemy from further going into $Y GTVA $Y space. Since there are no reports of incursions in other Terran or Vasudan systems except $Y Adhara, we can assume that the enemy have not found another entry point into our territory. We can consider ourselves lucky. For now, we are going to restructure our battle plans which will be crucial in turning the tides of war. We have to destroy key targets of interest like $P communications $P craft, $P supply $P convoys and $P mining $P ships and most importantly $V command $V crafts if there is any. We are just starting to really get to know the enemy and we have to find their weaknesses. While other battlegroups are in the frontline engaging enemy fleets scattered in this system, we will be behind the scene stabbing the enemy at the back. Strategy, clinical precision and speed will be the key here. We have to find ways in weakening the enemy force and send them back to their home system where we can have the advantage of cornering them there. The $G GTVA $G High $G Command will give you your next set of assignments in a few days. For now, enjoy your one week leave. We will keep you posted.

$B{Admiral William Cartwright 
7th Battlegroup, GTVA.$}", -1)
$end_multi_text
$Ani Filename: cb_Act5d.ani
+Wave Filename: none

#Briefing
$start_briefing
$num_stages: 1
$start_stage
$multi_text
 XSTR("Well, Dark Angels, there is not much to be said here but have a good vacation. We will launch in the next few minutes and report to $b Sector $b Command. In case you're wondering how the military managed to put up a large star base out here in a short time, the station's segments were actually constructed a year ago and they were towed by a dozen of detachable boosters, transported via subspace and assembled here. In fact, we have a refitting way station set up in Adhara as well. That is all, pilots. I will see you in a week. ", -1)
$end_multi_text
$voice: none.wav
$camera_pos: 0.000000, 893.206177, -1570.328247
$camera_orient:
	1.000000, 0.000000, -0.000000,
	0.000000, 0.866025, 0.500000,
	0.000000, -0.500000, 0.866025
$camera_time: 500
$num_lines: 0
$num_icons: 1
$Flags: 0
$Formula: ( true ) 
$start_icon
$type: 32
$team: Friendly
$class: Sector Comms
$pos: 0.000000, 0.000000, 0.000000
$label: Sector Command Station
+id: 1
$hlight: 0
$mirror: 0
$multi_text
$end_multi_text
$end_icon
$end_stage
$end_briefing

#Debriefing_info

$Num stages: 1

$Formula: ( is-goal-true-delay 
   "Report To Sector Comms" 
   0 
)
$Multi text
    XSTR("$B{Personal Log:
August 24, 2370
Gamma Draconis $}

I went to the debriefing room and found nobody there. I thought I was late but apparently, our Flight Division Commander dismissed the pilots immediately. Greg Sanders told me that the man was rather shaken, just wave the pilots away the moment they stepped through the door. I think it's not about the seemingly endless attack from the $R Shivans. We are already way too callous for that. It is the new standing imperative from High Command, $P 'Order $P 66.' This protocol that extend not only to the military but to civilians as well. Our superiors sending our own to their deaths. One of the destroyers from the $G 6th $G Fleet self-detonated to ensure the destruction of another $R Lucifer destroyer a few days past. A Hippocrates medicaft, the $G GTM $G Amara, on a rescue mission rammed a $R Shivan $R Asmodeus freighter that happened to be in the location, killing everyone onboard including the wounded patients. $b Fleet $b Net is full of these news feeds. I am pretty disturbed. Are we all expendable? Is this who we are now? We are beginning to be like the $R Shivans. This war have shaved off a part of our humanity. And what about those civilians aboard the Pandora gas miners? The price of fuel is high indeed. It costs thousands of lives.

$P{ LCARS UPDATE: $} $G{New entry in Techroom Database $}", -1)
$end_multi_text
$Voice: none.wav
$Recommendation text:
    XSTR("", -1)
$end_multi_text

#Alternate Types:
$Alt: 8th SOC Battlegroup
$Alt: GTVA Forward Base
$Alt: 7th Battlgroup
$Alt: 77th Dark Angels
$Alt: 242nd Suicide Kings
$Alt: 76th Ice Queens
$Alt: Subach Corporation

#end


#Callsigns:
$Callsign: Under Repairs

#end


#Players		;! 1 total

$Starting Shipname: alpha 1
$Ship Choices: (
)

+Weaponry Pool: (
	"Akheton SDG"	12
	"Prometheus R"	12
	"Skyrail"	24
	"Ripper"	12
	"Devastator"	12
	"Starfury"	12
	"Rockeye"	500
	"Tempest"	4000
	"Hornet"	2000
	"Tornado"	2000
	"Harpoon"	500
	"Trebuchet"	500
	"UD-8 Kayser"	12
	"Screamer"	4320
	"Hunter"	960
)

#Objects		;! 218 total

$Name: alpha 1		;! Object #0
$Class: GTF Dark Angel
$Team: Friendly
$Location: 4591.200195, 0.000000, 570.200012
$Orientation:
	-0.985850, 0.001676, -0.167604,
	0.000000, 0.999947, 0.010000,
	0.167611, 0.009858, -0.985802
$AI Behavior: None
$Cargo 1:  XSTR("Nothing", -1)
+Initial Hull: 100
+Subsystem: Pilot
$Arrival Location: Hyperspace
$Arrival Cue: ( false ) 
$Departure Location: Hyperspace
$Departure Cue: ( false ) 
$Determination: 10
+Flags: ( "cargo-known" "player-start" )
+Flags2: ( )
+Respawn priority: 0
+Orders Accepted: 33023		;! note that this is a bitfield!!!
+Group: 0
+Score: 8

$Name: Sector Command		;! Object #1
$Class: Sector Comms
$Alt: GTVA Forward Base

$Team: Friendly
$Location: 448.287506, 1079.087402, -3601.000000
$Orientation:
	-0.999596, 0.000000, -0.028403,
	0.000000, 1.000000, 0.000000,
	0.028403, 0.000000, -0.999596
$AI Behavior: None
$Cargo 1:  XSTR("Nothing", -1)
+Initial Velocity: 33
+Initial Hull: 100
+Initial Shields: 100
+Subsystem: Pilot
$Arrival Location: Hyperspace
$Arrival Cue: ( true ) 
$Departure Location: Hyperspace
$Departure Cue: ( false ) 
$Determination: 10
+Flags: ( "cargo-known" "no-shields" )
+Flags2: ( )
+Respawn priority: 0
+Orders Accepted: 0		;! note that this is a bitfield!!!
+Group: 0
+Use Table Score:
+Score: 0

$Name: Titan		;! Object #2
$Class: GTDc Titan
$Alt: 7th Battlgroup

$Callsign: Under Repairs

$Team: Friendly
$Location: 1398.445313, 789.875183, -8091.004395
$Orientation:
	0.563012, -0.089879, -0.821547,
	0.050808, 0.995952, -0.074139,
	0.824886, 0.000000, 0.565299
$AI Behavior: None
$Cargo 1:  XSTR("Nothing", -1)
+Initial Velocity: 33
+Initial Hull: 100
+Initial Shields: 100
+Subsystem: Pilot
+Subsystem: turret01
+Subsystem: turret02
+Subsystem: turret03
+Subsystem: turret04
+Subsystem: turret05
+Subsystem: turret06
+Subsystem: turret07
+Subsystem: turret08
+Subsystem: turret09
+Subsystem: turret10
+Subsystem: turret11
+Subsystem: turret12
+Subsystem: turret13
+Subsystem: turret14
+Subsystem: turret15
+Subsystem: turret16
+Subsystem: turret17
+Subsystem: turret18
+Subsystem: turret19
+Subsystem: turret20
+Subsystem: turret21
+Subsystem: turret22
+Subsystem: turret23
+Subsystem: turret24
+Subsystem: turret25
+Subsystem: turret26
+Subsystem: turret27
+Subsystem: turret28
+Subsystem: turret29
+Subsystem: turret30
+Subsystem: turret31
+Subsystem: turret32
+Subsystem: turret33
+Subsystem: turret34
+Subsystem: turret35
+Subsystem: turret36
+Subsystem: turret37
+Subsystem: turret38
+Subsystem: turret39
+Subsystem: turret40
+Subsystem: turret41
+Subsystem: turret42
+Subsystem: turret43
+Subsystem: turret44
+Subsystem: turret45
+Subsystem: turret46
+Subsystem: turret47
+Subsystem: turret48
+Subsystem: turret49
+Subsystem: turret50
+Subsystem: turret51
+Subsystem: turret52
+Subsystem: turret53
+Subsystem: turret54
$Arrival Location: Hyperspace
$Arrival Cue: ( true ) 
$Departure Location: Hyperspace
$Departure Cue: ( false ) 
$Determination: 10
+Flags: ( "cargo-known" "no-shields" )
+Flags2: ( )
+Respawn priority: 0
+Orders Accepted: 0		;! note that this is a bitfield!!!
+Group: 0
+Use Table Score:
+Score: 40

$Name: Enterprise		;! Object #3
$Class: GTL Enterprise
$Alt: 7th Battlgroup

$Team: Friendly
$Location: 1235.930054, 1739.081787, -9781.705078
$Orientation:
	0.579329, -0.089879, -0.810123,
	0.052281, 0.995952, -0.073109,
	0.813415, 0.000000, 0.581683
$AI Behavior: None
$Cargo 1:  XSTR("Nothing", -1)
+Initial Velocity: 33
+Initial Hull: 100
+Initial Shields: 100
+Subsystem: Pilot
+Subsystem: turret01
+Subsystem: turret02
+Subsystem: turret03
+Subsystem: turret04
+Subsystem: turret05
+Subsystem: turret06
$Arrival Location: Hyperspace
$Arrival Cue: ( true ) 
$Departure Location: Hyperspace
$Departure Cue: ( false ) 
$Determination: 10
+Flags: ( "cargo-known" "no-shields" )
+Flags2: ( )
+Respawn priority: 0
+Orders Accepted: 0		;! note that this is a bitfield!!!
+Group: 0
+Use Table Score:
+Score: 1300

$Name: Hercules		;! Object #4
$Class: GTD Hercules
$Alt: 7th Battlgroup

$Team: Friendly
$Location: 4042.113525, -199.121994, -186.079758
$Orientation:
	-0.938349, -0.314566, -0.143347,
	-0.310959, 0.949235, -0.047504,
	0.151013, 0.000000, -0.988532
$AI Behavior: None
$Cargo 1:  XSTR("Nothing", -1)
+Initial Velocity: 33
+Initial Hull: 100
+Initial Shields: 100
+Subsystem: Pilot
+Subsystem: turret01a-base
+Subsystem: turret02a-base
+Subsystem: turret03a-base
+Subsystem: turret04a-base
+Subsystem: turret05a
+Subsystem: turret06a
+Subsystem: turret07a
+Subsystem: turret08a
+Subsystem: turret09a
+Subsystem: turret10a
+Subsystem: turret11a
+Subsystem: turret12a
+Subsystem: turret13a
+Subsystem: turret14a
+Subsystem: turret15a
+Subsystem: turret16a
+Subsystem: turret17a-base
+Subsystem: turret18a-base
+Subsystem: turret19a-base
+Subsystem: turret20a-base
+Subsystem: turret21a-base
+Subsystem: turret22a-base
+Subsystem: turret23a-base
+Subsystem: turret24a-base
+Subsystem: turret25a
+Subsystem: turret26a
+Subsystem: turret27a
+Subsystem: turret28a
+Subsystem: turret29a
+Subsystem: turret30a
+Subsystem: turret31a
+Subsystem: turret32a
+Subsystem: turret33a
+Subsystem: turret34a
+Subsystem: turret35a
+Subsystem: turret36a
+Subsystem: turret37a
+Subsystem: turret38a
+Subsystem: turret39a
+Subsystem: turret40a
+Subsystem: turret41a
+Subsystem: turret42a
+Subsystem: turret43a
+Subsystem: turret44a
+Subsystem: turret45a
+Subsystem: turret46a
+Subsystem: turret47a
+Subsystem: turret48a
+Subsystem: turret49a
+Subsystem: turret50a
+Subsystem: turret51a
+Subsystem: turret52a
+Subsystem: turret53a
+Subsystem: turret54a
+Subsystem: turret55a
+Subsystem: turret56a
+Subsystem: turret57a
+Subsystem: turret58a
+Subsystem: turret59a
+Subsystem: turret60a
$Arrival Location: Hyperspace
$Arrival Cue: ( true ) 
$Departure Location: Hyperspace
$Departure Cue: ( false ) 
$Determination: 10
+Flags: ( "cargo-known" "no-shields" )
+Flags2: ( )
+Respawn priority: 0
+Orders Accepted: 0		;! note that this is a bitfield!!!
+Group: 0
+Use Table Score:
+Score: 1800

$Name: Alexander		;! Object #5
$Class: GTD Alexander
$Alt: 8th SOC Battlegroup

$Team: Friendly
$Location: 1654.665405, 2316.982178, -3306.894531
$Orientation:
	-0.995162, 0.000000, 0.098248,
	0.000000, 1.000000, 0.000000,
	-0.098248, 0.000000, -0.995162
$AI Behavior: None
$Cargo 1:  XSTR("Nothing", -1)
+Initial Velocity: 33
+Initial Hull: 100
+Initial Shields: 100
+Subsystem: Pilot
+Subsystem: turret01a
+Subsystem: turret02a
+Subsystem: turret03a
+Subsystem: turret04a
+Subsystem: turret05a
+Subsystem: turret06a
+Subsystem: turret07
+Subsystem: turret08
+Subsystem: turret09
+Subsystem: turret10
+Subsystem: turret11
+Subsystem: turret12
+Subsystem: turret13
+Subsystem: turret14
+Subsystem: turret15
+Subsystem: turret16
+Subsystem: turret17
+Subsystem: turret18
+Subsystem: turret19
+Subsystem: turret20
+Subsystem: turret21
+Subsystem: turret22
+Subsystem: turret23
+Subsystem: turret24
+Subsystem: turret25
+Subsystem: turret26
+Subsystem: turret27
+Subsystem: turret28
+Subsystem: turret29
+Subsystem: turret30
+Subsystem: turret31
+Subsystem: turret32
+Subsystem: turret33
+Subsystem: turret34
+Subsystem: turret35
+Subsystem: turret36
+Subsystem: turret37
+Subsystem: turret38
+Subsystem: turret39
+Subsystem: turret40
+Subsystem: turret41
+Subsystem: turret42
+Subsystem: turret43
+Subsystem: turret44
+Subsystem: turret45
+Subsystem: turret46
+Subsystem: turret47
+Subsystem: turret48
+Subsystem: turret49
+Subsystem: turret50
$Arrival Location: Hyperspace
$Arrival Cue: ( true ) 
$Departure Location: Hyperspace
$Departure Cue: ( false ) 
$Determination: 10
+Flags: ( "cargo-known" "no-shields" )
+Flags2: ( )
+Respawn priority: 0
+Orders Accepted: 0		;! note that this is a bitfield!!!
+Group: 0
+Use Table Score:
+Score: 10000

$Name: Serenity		;! Object #6
$Class: GTCv Serenity
$Alt: 7th Battlgroup

$Team: Friendly
$Location: 350.218719, 2500.276123, -6060.803223
$Orientation:
	0.982004, -0.000000, 0.188859,
	0.000000, 1.000000, 0.000000,
	-0.188859, 0.000000, 0.982004
$AI Behavior: None
$Cargo 1:  XSTR("Nothing", -1)
+Initial Velocity: 33
+Initial Hull: 100
+Initial Shields: 100
+Subsystem: Pilot
+Subsystem: TurretMAIN
+Subsystem: TurretAM
+Subsystem: Turret01
+Subsystem: Turret02
+Subsystem: Turret03
+Subsystem: Turret04
+Subsystem: Turret05
+Subsystem: Turret06
+Subsystem: Turret07
+Subsystem: Turret08b
+Subsystem: Turret09b
+Subsystem: Turret10m
+Subsystem: Turret11m
+Subsystem: Turret12m
+Subsystem: Turret13m
+Subsystem: Turret14a
+Subsystem: Turret15a
+Subsystem: Turret16b
+Subsystem: Turret17b
+Subsystem: Turret18b
+Subsystem: Turret19b
+Subsystem: Turret20a
+Subsystem: Turret21a
+Subsystem: Turret22b
+Subsystem: Turret23b
$Arrival Location: Hyperspace
$Arrival Cue: ( true ) 
$Departure Location: Hyperspace
$Departure Cue: ( false ) 
$Determination: 10
+Flags: ( "cargo-known" "no-shields" )
+Flags2: ( )
+Respawn priority: 0
+Orders Accepted: 0		;! note that this is a bitfield!!!
+Group: 0
+Use Table Score:
+Score: 800

$Name: Coronis		;! Object #7
$Class: GTCv Coronis
$Alt: 8th SOC Battlegroup

$Team: Friendly
$Location: 1215.619141, 1403.138428, -5882.203125
$Orientation:
	0.982004, -0.000000, 0.188859,
	0.000000, 1.000000, 0.000000,
	-0.188859, 0.000000, 0.982004
$AI Behavior: None
$Cargo 1:  XSTR("Nothing", -1)
+Initial Velocity: 33
+Initial Hull: 100
+Initial Shields: 100
+Subsystem: Pilot
+Subsystem: turret01
+Subsystem: turret02
+Subsystem: turret03
+Subsystem: turret04
+Subsystem: turret05
+Subsystem: turret06
+Subsystem: turret07
+Subsystem: turret08
+Subsystem: turret09
+Subsystem: turret10
+Subsystem: turret11
+Subsystem: turret12
+Subsystem: turret13
+Subsystem: turret14
+Subsystem: turret15
+Subsystem: turret16
+Subsystem: turret17
+Subsystem: turret18
+Subsystem: turret19
+Subsystem: turret20
+Subsystem: turret21
+Subsystem: turret22
+Subsystem: turret23
+Subsystem: turret24
$Arrival Location: Hyperspace
$Arrival Cue: ( true ) 
$Departure Location: Hyperspace
$Departure Cue: ( false ) 
$Determination: 10
+Flags: ( "cargo-known" "no-shields" )
+Flags2: ( )
+Respawn priority: 0
+Orders Accepted: 0		;! note that this is a bitfield!!!
+Group: 0
+Use Table Score:
+Score: 1100

$Name: Babylon		;! Object #8
$Class: GTCv Babylon
$Alt: 8th SOC Battlegroup

$Callsign: Under Repairs

$Team: Friendly
$Location: 176.234116, 1483.004761, -6785.177734
$Orientation:
	0.982004, -0.000000, 0.188859,
	0.000000, 1.000000, 0.000000,
	-0.188859, 0.000000, 0.982004
$AI Behavior: None
$Cargo 1:  XSTR("Nothing", -1)
+Initial Hull: 100
+Initial Shields: 100
+Subsystem: Pilot
+Subsystem: turret01
+Subsystem: turret02
+Subsystem: turret03
+Subsystem: turret04
+Subsystem: turret05
+Subsystem: turret06
+Subsystem: turret07
+Subsystem: turret08
+Subsystem: turret09
+Subsystem: turret10
+Subsystem: turret11
+Subsystem: turret12
+Subsystem: turret13
+Subsystem: turret14
+Subsystem: turret15
+Subsystem: turret16
+Subsystem: turret17
+Subsystem: turret18
+Subsystem: turret19
+Subsystem: turret20
+Subsystem: turret21
+Subsystem: turret22
$Arrival Location: Hyperspace
$Arrival Cue: ( true ) 
$Departure Location: Hyperspace
$Departure Cue: ( false ) 
$Determination: 10
+Flags: ( "cargo-known" "no-shields" )
+Flags2: ( )
+Respawn priority: 0
+Orders Accepted: 0		;! note that this is a bitfield!!!
+Group: 0
+Score: 800

$Name: alpha 2		;! Object #9
$Class: GTF Dark Angel
$Alt: 77th Dark Angels

$Team: Friendly
$Location: 4633.068359, 36.691383, 615.498352
$Orientation:
	-0.985853, 0.000000, -0.167613,
	0.000000, 1.000000, 0.000000,
	0.167613, 0.000000, -0.985853
$AI Behavior: None
$Cargo 1:  XSTR("Nothing", -1)
+Initial Velocity: 33
+Initial Hull: 100
+Subsystem: Pilot
$Arrival Location: Hyperspace
$Arrival Cue: ( false ) 
$Departure Location: Hyperspace
$Departure Cue: ( false ) 
$Determination: 10
+Flags: ( "cargo-known" )
+Flags2: ( )
+Respawn priority: 0
+Orders Accepted: 33023		;! note that this is a bitfield!!!
+Group: 0
+Use Table Score:
+Score: 10

$Name: alpha 3		;! Object #10
$Class: GTF Dark Angel
$Alt: 77th Dark Angels

$Team: Friendly
$Location: 4542.708984, 31.153715, 596.078186
$Orientation:
	-0.985853, 0.000000, -0.167613,
	0.000000, 1.000000, 0.000000,
	0.167613, 0.000000, -0.985853
$AI Behavior: None
$Cargo 1:  XSTR("Nothing", -1)
+Initial Velocity: 33
+Initial Hull: 100
+Subsystem: Pilot
$Arrival Location: Hyperspace
$Arrival Cue: ( false ) 
$Departure Location: Hyperspace
$Departure Cue: ( false ) 
$Determination: 10
+Flags: ( "cargo-known" )
+Flags2: ( )
+Respawn priority: 0
+Orders Accepted: 33023		;! note that this is a bitfield!!!
+Group: 0
+Use Table Score:
+Score: 10

$Name: alpha 4		;! Object #11
$Class: GTF Dark Angel
$Alt: 77th Dark Angels

$Team: Friendly
$Location: 4570.749512, 17.851482, 655.288086
$Orientation:
	-0.985853, 0.000000, -0.167613,
	0.000000, 1.000000, 0.000000,
	0.167613, 0.000000, -0.985853
$AI Behavior: None
$Cargo 1:  XSTR("Nothing", -1)
+Initial Velocity: 33
+Initial Hull: 100
+Subsystem: Pilot
$Arrival Location: Hyperspace
$Arrival Cue: ( false ) 
$Departure Location: Hyperspace
$Departure Cue: ( false ) 
$Determination: 10
+Flags: ( "cargo-known" )
+Flags2: ( )
+Respawn priority: 0
+Orders Accepted: 33023		;! note that this is a bitfield!!!
+Group: 0
+Use Table Score:
+Score: 10

$Name: beta 1		;! Object #12
$Class: GTF Dark Angel
$Alt: 77th Dark Angels

$Team: Friendly
$Location: 4615.908691, -64.725182, 429.514435
$Orientation:
	-0.985853, 0.000000, -0.167613,
	0.000000, 1.000000, 0.000000,
	0.167613, 0.000000, -0.985853
$AI Behavior: None
$Cargo 1:  XSTR("Nothing", -1)
+Initial Velocity: 33
+Initial Hull: 100
+Subsystem: Pilot
$Arrival Location: Hyperspace
$Arrival Cue: ( false ) 
$Departure Location: Hyperspace
$Departure Cue: ( false ) 
$Determination: 10
+Flags: ( "cargo-known" )
+Flags2: ( )
+Respawn priority: 0
+Orders Accepted: 33023		;! note that this is a bitfield!!!
+Group: 0
+Use Table Score:
+Score: 10

$Name: beta 2		;! Object #13
$Class: GTF Dark Angel
$Alt: 77th Dark Angels

$Team: Friendly
$Location: 4657.392090, -44.941811, 481.886505
$Orientation:
	-0.985853, 0.000000, -0.167613,
	0.000000, 1.000000, 0.000000,
	0.167613, 0.000000, -0.985853
$AI Behavior: None
$Cargo 1:  XSTR("Nothing", -1)
+Initial Velocity: 33
+Initial Hull: 100
+Subsystem: Pilot
$Arrival Location: Hyperspace
$Arrival Cue: ( false ) 
$Departure Location: Hyperspace
$Departure Cue: ( false ) 
$Determination: 10
+Flags: ( "cargo-known" )
+Flags2: ( )
+Respawn priority: 0
+Orders Accepted: 33023		;! note that this is a bitfield!!!
+Group: 0
+Use Table Score:
+Score: 10

$Name: beta 3		;! Object #14
$Class: GTF Dark Angel
$Alt: 77th Dark Angels

$Team: Friendly
$Location: 4557.016602, -84.669907, 465.040894
$Orientation:
	-0.985853, 0.000000, -0.167613,
	0.000000, 1.000000, 0.000000,
	0.167613, 0.000000, -0.985853
$AI Behavior: None
$Cargo 1:  XSTR("Nothing", -1)
+Initial Velocity: 33
+Initial Hull: 100
+Subsystem: Pilot
$Arrival Location: Hyperspace
$Arrival Cue: ( false ) 
$Departure Location: Hyperspace
$Departure Cue: ( false ) 
$Determination: 10
+Flags: ( "cargo-known" )
+Flags2: ( )
+Respawn priority: 0
+Orders Accepted: 33023		;! note that this is a bitfield!!!
+Group: 0
+Use Table Score:
+Score: 10

$Name: beta 4		;! Object #15
$Class: GTF Dark Angel
$Alt: 77th Dark Angels

$Team: Friendly
$Location: 4596.663086, -54.779823, 510.389557
$Orientation:
	-0.985853, 0.000000, -0.167613,
	0.000000, 1.000000, 0.000000,
	0.167613, 0.000000, -0.985853
$AI Behavior: None
$Cargo 1:  XSTR("Nothing", -1)
+Initial Velocity: 33
+Initial Hull: 100
+Subsystem: Pilot
$Arrival Location: Hyperspace
$Arrival Cue: ( false ) 
$Departure Location: Hyperspace
$Departure Cue: ( false ) 
$Determination: 10
+Flags: ( "cargo-known" )
+Flags2: ( )
+Respawn priority: 0
+Orders Accepted: 33023		;! note that this is a bitfield!!!
+Group: 0
+Use Table Score:
+Score: 10

$Name: gamma 1		;! Object #16
$Class: GTF Dark Angel
$Alt: 77th Dark Angels

$Team: Friendly
$Location: 4521.479004, 55.356651, 269.873840
$Orientation:
	-0.985853, 0.000000, -0.167613,
	0.000000, 1.000000, 0.000000,
	0.167613, 0.000000, -0.985853
$AI Behavior: None
$Cargo 1:  XSTR("Nothing", -1)
+Initial Velocity: 33
+Initial Hull: 100
+Subsystem: Pilot
$Arrival Location: Hyperspace
$Arrival Cue: ( false ) 
$Departure Location: Hyperspace
$Departure Cue: ( false ) 
$Determination: 10
+Flags: ( "cargo-known" )
+Flags2: ( )
+Respawn priority: 0
+Orders Accepted: 33023		;! note that this is a bitfield!!!
+Group: 0
+Use Table Score:
+Score: 10

$Name: gamma 2		;! Object #17
$Class: GTF Dark Angel
$Alt: 77th Dark Angels

$Team: Friendly
$Location: 4548.034668, 32.960957, 330.715149
$Orientation:
	-0.985853, 0.000000, -0.167613,
	0.000000, 1.000000, 0.000000,
	0.167613, 0.000000, -0.985853
$AI Behavior: None
$Cargo 1:  XSTR("Nothing", -1)
+Initial Velocity: 33
+Initial Hull: 100
+Subsystem: Pilot
$Arrival Location: Hyperspace
$Arrival Cue: ( false ) 
$Departure Location: Hyperspace
$Departure Cue: ( false ) 
$Determination: 10
+Flags: ( "cargo-known" )
+Flags2: ( )
+Respawn priority: 0
+Orders Accepted: 33023		;! note that this is a bitfield!!!
+Group: 0
+Use Table Score:
+Score: 10

$Name: gamma 3		;! Object #18
$Class: GTF Dark Angel
$Alt: 77th Dark Angels

$Team: Friendly
$Location: 4479.062988, 84.107941, 326.989655
$Orientation:
	-0.985656, -0.019716, -0.167613,
	-0.019999, 0.999800, -0.000000,
	0.167579, 0.003352, -0.985853
$AI Behavior: None
$Cargo 1:  XSTR("Nothing", -1)
+Initial Velocity: 33
+Initial Hull: 100
+Subsystem: Pilot
$Arrival Location: Hyperspace
$Arrival Cue: ( false ) 
$Departure Location: Hyperspace
$Departure Cue: ( false ) 
$Determination: 10
+Flags: ( "cargo-known" )
+Flags2: ( )
+Respawn priority: 0
+Orders Accepted: 33023		;! note that this is a bitfield!!!
+Group: 0
+Use Table Score:
+Score: 10

$Name: gamma 4		;! Object #19
$Class: GTF Dark Angel
$Alt: 77th Dark Angels

$Team: Friendly
$Location: 4505.331055, 67.009140, 370.745605
$Orientation:
	-0.985853, 0.000000, -0.167613,
	0.000000, 1.000000, 0.000000,
	0.167613, 0.000000, -0.985853
$AI Behavior: None
$Cargo 1:  XSTR("Nothing", -1)
+Initial Velocity: 33
+Initial Hull: 100
+Subsystem: Pilot
$Arrival Location: Hyperspace
$Arrival Cue: ( false ) 
$Departure Location: Hyperspace
$Departure Cue: ( false ) 
$Determination: 10
+Flags: ( "cargo-known" )
+Flags2: ( )
+Respawn priority: 0
+Orders Accepted: 33023		;! note that this is a bitfield!!!
+Group: 0
+Use Table Score:
+Score: 10

$Name: delta 1		;! Object #20
$Class: GTF Dark Angel
$Alt: 77th Dark Angels

$Team: Friendly
$Location: 4732.895996, -0.206371, 299.136536
$Orientation:
	-0.985853, 0.000000, -0.167613,
	0.000000, 1.000000, 0.000000,
	0.167613, 0.000000, -0.985853
$AI Behavior: None
$Cargo 1:  XSTR("Nothing", -1)
+Initial Velocity: 33
+Initial Hull: 100
+Subsystem: Pilot
$Arrival Location: Hyperspace
$Arrival Cue: ( false ) 
$Departure Location: Hyperspace
$Departure Cue: ( false ) 
$Determination: 10
+Flags: ( "cargo-known" )
+Flags2: ( )
+Respawn priority: 0
+Orders Accepted: 33023		;! note that this is a bitfield!!!
+Group: 0
+Use Table Score:
+Score: 10

$Name: delta 2		;! Object #21
$Class: GTF Dark Angel
$Alt: 77th Dark Angels

$Team: Friendly
$Location: 4760.288574, -21.759523, 359.323364
$Orientation:
	-0.985853, 0.000000, -0.167613,
	0.000000, 1.000000, 0.000000,
	0.167613, 0.000000, -0.985853
$AI Behavior: None
$Cargo 1:  XSTR("Nothing", -1)
+Initial Velocity: 33
+Initial Hull: 100
+Subsystem: Pilot
$Arrival Location: Hyperspace
$Arrival Cue: ( false ) 
$Departure Location: Hyperspace
$Departure Cue: ( false ) 
$Determination: 10
+Flags: ( "cargo-known" )
+Flags2: ( )
+Respawn priority: 0
+Orders Accepted: 33023		;! note that this is a bitfield!!!
+Group: 0
+Use Table Score:
+Score: 10

$Name: delta 3		;! Object #22
$Class: GTF Dark Angel
$Alt: 77th Dark Angels

$Team: Friendly
$Location: 4680.491699, 11.818961, 352.295258
$Orientation:
	-0.985853, 0.000000, -0.167613,
	0.000000, 1.000000, 0.000000,
	0.167613, 0.000000, -0.985853
$AI Behavior: None
$Cargo 1:  XSTR("Nothing", -1)
+Initial Velocity: 33
+Initial Hull: 100
+Subsystem: Pilot
$Arrival Location: Hyperspace
$Arrival Cue: ( false ) 
$Departure Location: Hyperspace
$Departure Cue: ( false ) 
$Determination: 10
+Flags: ( "cargo-known" )
+Flags2: ( )
+Respawn priority: 0
+Orders Accepted: 33023		;! note that this is a bitfield!!!
+Group: 0
+Use Table Score:
+Score: 10

$Name: delta 4		;! Object #23
$Class: GTF Dark Angel
$Alt: 77th Dark Angels

$Team: Friendly
$Location: 4712.374512, 26.321251, 404.623962
$Orientation:
	-0.985853, 0.000000, -0.167613,
	0.000000, 1.000000, 0.000000,
	0.167613, 0.000000, -0.985853
$AI Behavior: None
$Cargo 1:  XSTR("Nothing", -1)
+Initial Velocity: 33
+Initial Hull: 100
+Subsystem: Pilot
$Arrival Location: Hyperspace
$Arrival Cue: ( false ) 
$Departure Location: Hyperspace
$Departure Cue: ( false ) 
$Determination: 10
+Flags: ( "cargo-known" )
+Flags2: ( )
+Respawn priority: 0
+Orders Accepted: 33023		;! note that this is a bitfield!!!
+Group: 0
+Use Table Score:
+Score: 10

$Name: bravo 1		;! Object #24
$Class: GTF Erinyes
$Alt: 242nd Suicide Kings

$Team: Friendly
$Location: 1842.739258, 2389.992676, -4735.246094
$Orientation:
	-0.108987, 0.000000, -0.994043,
	0.000000, 1.000000, 0.000000,
	0.994043, 0.000000, -0.108987
$AI Behavior: None
$Cargo 1:  XSTR("Nothing", -1)
+Initial Velocity: 33
+Initial Hull: 100
+Subsystem: Pilot
+Primary Banks: ( "Ripper" "Subach HL-7" )
$Arrival Location: Hyperspace
$Arrival Cue: ( false ) 
$Departure Location: Hyperspace
$Departure Cue: ( false ) 
$Determination: 10
+Flags: ( "cargo-known" )
+Flags2: ( )
+Respawn priority: 0
+Orders Accepted: 0		;! note that this is a bitfield!!!
+Group: 0
+Use Table Score:
+Score: 12

$Name: bravo 2		;! Object #25
$Class: GTF Erinyes
$Alt: 242nd Suicide Kings

$Team: Friendly
$Location: 1837.951416, 2389.992676, -4763.771484
$Orientation:
	-0.108987, 0.000000, -0.994043,
	0.000000, 1.000000, 0.000000,
	0.994043, 0.000000, -0.108987
$AI Behavior: None
$Cargo 1:  XSTR("Nothing", -1)
+Initial Velocity: 33
+Initial Hull: 100
+Subsystem: Pilot
+Primary Banks: ( "Ripper" "Subach HL-7" )
$Arrival Location: Hyperspace
$Arrival Cue: ( false ) 
$Departure Location: Hyperspace
$Departure Cue: ( false ) 
$Determination: 10
+Flags: ( "cargo-known" )
+Flags2: ( )
+Respawn priority: 0
+Orders Accepted: 0		;! note that this is a bitfield!!!
+Group: 0
+Use Table Score:
+Score: 12

$Name: bravo 3		;! Object #26
$Class: GTF Erinyes
$Alt: 242nd Suicide Kings

$Team: Friendly
$Location: 1848.717163, 2389.992676, -4702.092285
$Orientation:
	-0.108987, 0.000000, -0.994043,
	0.000000, 1.000000, 0.000000,
	0.994043, 0.000000, -0.108987
$AI Behavior: None
$Cargo 1:  XSTR("Nothing", -1)
+Initial Velocity: 33
+Initial Hull: 100
+Subsystem: Pilot
+Primary Banks: ( "Ripper" "Subach HL-7" )
$Arrival Location: Hyperspace
$Arrival Cue: ( false ) 
$Departure Location: Hyperspace
$Departure Cue: ( false ) 
$Determination: 10
+Flags: ( "cargo-known" )
+Flags2: ( )
+Respawn priority: 0
+Orders Accepted: 0		;! note that this is a bitfield!!!
+Group: 0
+Use Table Score:
+Score: 12

$Name: bravo 4		;! Object #27
$Class: GTF Erinyes
$Alt: 242nd Suicide Kings

$Team: Friendly
$Location: 1836.878296, 2389.992676, -4791.240723
$Orientation:
	-0.108987, 0.000000, -0.994043,
	0.000000, 1.000000, 0.000000,
	0.994043, 0.000000, -0.108987
$AI Behavior: None
$Cargo 1:  XSTR("Nothing", -1)
+Initial Velocity: 33
+Initial Hull: 100
+Subsystem: Pilot
+Primary Banks: ( "Ripper" "Subach HL-7" )
$Arrival Location: Hyperspace
$Arrival Cue: ( false ) 
$Departure Location: Hyperspace
$Departure Cue: ( false ) 
$Determination: 10
+Flags: ( "cargo-known" )
+Flags2: ( )
+Respawn priority: 0
+Orders Accepted: 0		;! note that this is a bitfield!!!
+Group: 0
+Use Table Score:
+Score: 12

$Name: charlie 1		;! Object #28
$Class: GTF Erinyes
$Alt: 242nd Suicide Kings

$Team: Friendly
$Location: 1859.389282, 2389.992676, -4573.129395
$Orientation:
	-0.108987, 0.000000, -0.994043,
	0.000000, 1.000000, 0.000000,
	0.994043, 0.000000, -0.108987
$AI Behavior: None
$Cargo 1:  XSTR("Nothing", -1)
+Initial Velocity: 33
+Initial Hull: 100
+Subsystem: Pilot
+Primary Banks: ( "Ripper" "Subach HL-7" )
$Arrival Location: Hyperspace
$Arrival Cue: ( false ) 
$Departure Location: Hyperspace
$Departure Cue: ( false ) 
$Determination: 10
+Flags: ( "cargo-known" )
+Flags2: ( )
+Respawn priority: 0
+Orders Accepted: 0		;! note that this is a bitfield!!!
+Group: 0
+Use Table Score:
+Score: 12

$Name: charlie 2		;! Object #29
$Class: GTF Erinyes
$Alt: 242nd Suicide Kings

$Team: Friendly
$Location: 1865.372925, 2389.992676, -4515.263672
$Orientation:
	-0.108987, 0.000000, -0.994043,
	0.000000, 1.000000, 0.000000,
	0.994043, 0.000000, -0.108987
$AI Behavior: None
$Cargo 1:  XSTR("Nothing", -1)
+Initial Velocity: 33
+Initial Hull: 100
+Subsystem: Pilot
+Primary Banks: ( "Ripper" "Subach HL-7" )
$Arrival Location: Hyperspace
$Arrival Cue: ( false ) 
$Departure Location: Hyperspace
$Departure Cue: ( false ) 
$Determination: 10
+Flags: ( "cargo-known" )
+Flags2: ( )
+Respawn priority: 0
+Orders Accepted: 0		;! note that this is a bitfield!!!
+Group: 0
+Use Table Score:
+Score: 12

$Name: charlie 3		;! Object #30
$Class: GTF Erinyes
$Alt: 242nd Suicide Kings

$Team: Friendly
$Location: 1870.492065, 2389.992676, -4488.508301
$Orientation:
	-0.108987, 0.000000, -0.994043,
	0.000000, 1.000000, 0.000000,
	0.994043, 0.000000, -0.108987
$AI Behavior: None
$Cargo 1:  XSTR("Nothing", -1)
+Initial Velocity: 33
+Initial Hull: 100
+Subsystem: Pilot
+Primary Banks: ( "Ripper" "Subach HL-7" )
$Arrival Location: Hyperspace
$Arrival Cue: ( false ) 
$Departure Location: Hyperspace
$Departure Cue: ( false ) 
$Determination: 10
+Flags: ( "cargo-known" )
+Flags2: ( )
+Respawn priority: 0
+Orders Accepted: 0		;! note that this is a bitfield!!!
+Group: 0
+Use Table Score:
+Score: 12

$Name: charlie 4		;! Object #31
$Class: GTF Erinyes
$Alt: 242nd Suicide Kings

$Team: Friendly
$Location: 1861.613403, 2389.992676, -4543.736328
$Orientation:
	-0.108987, 0.000000, -0.994043,
	0.000000, 1.000000, 0.000000,
	0.994043, 0.000000, -0.108987
$AI Behavior: None
$Cargo 1:  XSTR("Nothing", -1)
+Initial Velocity: 33
+Initial Hull: 100
+Subsystem: Pilot
+Primary Banks: ( "Ripper" "Subach HL-7" )
$Arrival Location: Hyperspace
$Arrival Cue: ( false ) 
$Departure Location: Hyperspace
$Departure Cue: ( false ) 
$Determination: 10
+Flags: ( "cargo-known" )
+Flags2: ( )
+Respawn priority: 0
+Orders Accepted: 0		;! note that this is a bitfield!!!
+Group: 0
+Use Table Score:
+Score: 12

$Name: foxtrot 1		;! Object #32
$Class: GTF Erinyes
$Alt: 242nd Suicide Kings

$Team: Friendly
$Location: 1885.107300, 2389.992676, -4366.005371
$Orientation:
	-0.108987, 0.000000, -0.994043,
	0.000000, 1.000000, 0.000000,
	0.994043, 0.000000, -0.108987
$AI Behavior: None
$Cargo 1:  XSTR("Nothing", -1)
+Initial Velocity: 33
+Initial Hull: 100
+Subsystem: Pilot
+Primary Banks: ( "Ripper" "Subach HL-7" )
$Arrival Location: Hyperspace
$Arrival Cue: ( false ) 
$Departure Location: Hyperspace
$Departure Cue: ( false ) 
$Determination: 10
+Flags: ( "cargo-known" )
+Flags2: ( )
+Respawn priority: 0
+Orders Accepted: 0		;! note that this is a bitfield!!!
+Group: 0
+Use Table Score:
+Score: 12

$Name: foxtrot 2		;! Object #33
$Class: GTF Erinyes
$Alt: 242nd Suicide Kings

$Team: Friendly
$Location: 1890.693115, 2389.992676, -4308.292480
$Orientation:
	-0.108987, 0.000000, -0.994043,
	0.000000, 1.000000, 0.000000,
	0.994043, 0.000000, -0.108987
$AI Behavior: None
$Cargo 1:  XSTR("Nothing", -1)
+Initial Velocity: 33
+Initial Hull: 100
+Subsystem: Pilot
+Primary Banks: ( "Ripper" "Subach HL-7" )
$Arrival Location: Hyperspace
$Arrival Cue: ( false ) 
$Departure Location: Hyperspace
$Departure Cue: ( false ) 
$Determination: 10
+Flags: ( "cargo-known" )
+Flags2: ( )
+Respawn priority: 0
+Orders Accepted: 0		;! note that this is a bitfield!!!
+Group: 0
+Use Table Score:
+Score: 12

$Name: foxtrot 3		;! Object #34
$Class: GTF Erinyes
$Alt: 242nd Suicide Kings

$Team: Friendly
$Location: 1888.674194, 2389.992676, -4337.856445
$Orientation:
	-0.108987, 0.000000, -0.994043,
	0.000000, 1.000000, 0.000000,
	0.994043, 0.000000, -0.108987
$AI Behavior: None
$Cargo 1:  XSTR("Nothing", -1)
+Initial Velocity: 33
+Initial Hull: 100
+Subsystem: Pilot
+Primary Banks: ( "Ripper" "Subach HL-7" )
$Arrival Location: Hyperspace
$Arrival Cue: ( false ) 
$Departure Location: Hyperspace
$Departure Cue: ( false ) 
$Determination: 10
+Flags: ( "cargo-known" )
+Flags2: ( )
+Respawn priority: 0
+Orders Accepted: 0		;! note that this is a bitfield!!!
+Group: 0
+Use Table Score:
+Score: 12

$Name: foxtrot 4		;! Object #35
$Class: GTF Erinyes
$Alt: 242nd Suicide Kings

$Team: Friendly
$Location: 1897.269531, 2389.992676, -4279.307129
$Orientation:
	-0.108987, 0.000000, -0.994043,
	0.000000, 1.000000, 0.000000,
	0.994043, 0.000000, -0.108987
$AI Behavior: None
$Cargo 1:  XSTR("Nothing", -1)
+Initial Velocity: 33
+Initial Hull: 100
+Subsystem: Pilot
+Primary Banks: ( "Ripper" "Subach HL-7" )
$Arrival Location: Hyperspace
$Arrival Cue: ( false ) 
$Departure Location: Hyperspace
$Departure Cue: ( false ) 
$Determination: 10
+Flags: ( "cargo-known" )
+Flags2: ( )
+Respawn priority: 0
+Orders Accepted: 0		;! note that this is a bitfield!!!
+Group: 0
+Use Table Score:
+Score: 12

$Name: echo 1		;! Object #36
$Class: GTF Erinyes
$Alt: 242nd Suicide Kings

$Team: Friendly
$Location: 1903.590820, 2389.992676, -4157.920898
$Orientation:
	-0.108987, 0.000000, -0.994043,
	0.000000, 1.000000, 0.000000,
	0.994043, 0.000000, -0.108987
$AI Behavior: None
$Cargo 1:  XSTR("Nothing", -1)
+Initial Velocity: 33
+Initial Hull: 100
+Subsystem: Pilot
+Primary Banks: ( "Ripper" "Subach HL-7" )
$Arrival Location: Hyperspace
$Arrival Cue: ( false ) 
$Departure Location: Hyperspace
$Departure Cue: ( false ) 
$Determination: 10
+Flags: ( "cargo-known" )
+Flags2: ( )
+Respawn priority: 0
+Orders Accepted: 0		;! note that this is a bitfield!!!
+Group: 0
+Use Table Score:
+Score: 12

$Name: echo 2		;! Object #37
$Class: GTF Erinyes
$Alt: 242nd Suicide Kings

$Team: Friendly
$Location: 1907.430054, 2389.992676, -4125.574707
$Orientation:
	-0.108987, 0.000000, -0.994043,
	0.000000, 1.000000, 0.000000,
	0.994043, 0.000000, -0.108987
$AI Behavior: None
$Cargo 1:  XSTR("Nothing", -1)
+Initial Velocity: 33
+Initial Hull: 100
+Subsystem: Pilot
+Primary Banks: ( "Ripper" "Subach HL-7" )
$Arrival Location: Hyperspace
$Arrival Cue: ( false ) 
$Departure Location: Hyperspace
$Departure Cue: ( false ) 
$Determination: 10
+Flags: ( "cargo-known" )
+Flags2: ( )
+Respawn priority: 0
+Orders Accepted: 0		;! note that this is a bitfield!!!
+Group: 0
+Use Table Score:
+Score: 12

$Name: echo 3		;! Object #38
$Class: GTF Erinyes
$Alt: 242nd Suicide Kings

$Team: Friendly
$Location: 1914.723633, 2389.992676, -4054.836426
$Orientation:
	-0.108987, 0.000000, -0.994043,
	0.000000, 1.000000, 0.000000,
	0.994043, 0.000000, -0.108987
$AI Behavior: None
$Cargo 1:  XSTR("Nothing", -1)
+Initial Velocity: 33
+Initial Hull: 100
+Subsystem: Pilot
+Primary Banks: ( "Ripper" "Subach HL-7" )
$Arrival Location: Hyperspace
$Arrival Cue: ( false ) 
$Departure Location: Hyperspace
$Departure Cue: ( false ) 
$Determination: 10
+Flags: ( "cargo-known" )
+Flags2: ( )
+Respawn priority: 0
+Orders Accepted: 0		;! note that this is a bitfield!!!
+Group: 0
+Use Table Score:
+Score: 12

$Name: echo 4		;! Object #39
$Class: GTF Erinyes
$Alt: 242nd Suicide Kings

$Team: Friendly
$Location: 1910.773193, 2389.992676, -4092.002441
$Orientation:
	-0.108987, 0.000000, -0.994043,
	0.000000, 1.000000, 0.000000,
	0.994043, 0.000000, -0.108987
$AI Behavior: None
$Cargo 1:  XSTR("Nothing", -1)
+Initial Velocity: 33
+Initial Hull: 100
+Subsystem: Pilot
+Primary Banks: ( "Ripper" "Subach HL-7" )
$Arrival Location: Hyperspace
$Arrival Cue: ( false ) 
$Departure Location: Hyperspace
$Departure Cue: ( false ) 
$Determination: 10
+Flags: ( "cargo-known" )
+Flags2: ( )
+Respawn priority: 0
+Orders Accepted: 0		;! note that this is a bitfield!!!
+Group: 0
+Use Table Score:
+Score: 12

$Name: theta 1		;! Object #40
$Class: GTF Falcon
$Alt: 76th Ice Queens

$Team: Friendly
$Location: 1818.181030, 1509.500610, -8555.633789
$Orientation:
	1.000000, 0.000000, 0.000000,
	0.000000, 1.000000, 0.000000,
	0.000000, 0.000000, 1.000000
$AI Behavior: None
$Cargo 1:  XSTR("Nothing", -1)
+Initial Velocity: 33
+Initial Hull: 100
+Subsystem: Pilot
$Arrival Location: Hyperspace
$Arrival Cue: ( false ) 
$Departure Location: Hyperspace
$Departure Cue: ( false ) 
$Determination: 10
+Flags: ( "cargo-known" )
+Flags2: ( )
+Respawn priority: 0
+Orders Accepted: 0		;! note that this is a bitfield!!!
+Group: 0
+Use Table Score:
+Score: 10
$Texture Replace:
+old: falcon
+new: falconb

$Name: theta 2		;! Object #41
$Class: GTF Falcon
$Alt: 76th Ice Queens

$Team: Friendly
$Location: 1966.157837, 1509.500610, -8457.445313
$Orientation:
	1.000000, 0.000000, 0.000000,
	0.000000, 1.000000, 0.000000,
	0.000000, 0.000000, 1.000000
$AI Behavior: None
$Cargo 1:  XSTR("Nothing", -1)
+Initial Velocity: 33
+Initial Hull: 100
+Subsystem: Pilot
$Arrival Location: Hyperspace
$Arrival Cue: ( false ) 
$Departure Location: Hyperspace
$Departure Cue: ( false ) 
$Determination: 10
+Flags: ( "cargo-known" )
+Flags2: ( )
+Respawn priority: 0
+Orders Accepted: 0		;! note that this is a bitfield!!!
+Group: 0
+Use Table Score:
+Score: 10
$Texture Replace:
+old: falcon
+new: falconb

$Name: theta 3		;! Object #42
$Class: GTF Falcon
$Alt: 76th Ice Queens

$Team: Friendly
$Location: 1910.017212, 1509.500610, -8317.555664
$Orientation:
	1.000000, 0.000000, 0.000000,
	0.000000, 1.000000, 0.000000,
	0.000000, 0.000000, 1.000000
$AI Behavior: None
$Cargo 1:  XSTR("Nothing", -1)
+Initial Velocity: 33
+Initial Hull: 100
+Subsystem: Pilot
$Arrival Location: Hyperspace
$Arrival Cue: ( false ) 
$Departure Location: Hyperspace
$Departure Cue: ( false ) 
$Determination: 10
+Flags: ( "cargo-known" )
+Flags2: ( )
+Respawn priority: 0
