#Mission Info

$Version: 0.10
$Name:  XSTR("Galileo's Demise", -1)
$Author: Herkie Del Socorro
$Created: 08/31/11 at 22:34:02
$Modified: 09/01/20 at 23:25:00
$Notes:
This is a FRED2_OPEN created mission.
$End Notes:

$Mission Desc:
 XSTR("July 19, 2370 
The Destruction of the GTD Galileo
", -1)
$end_multi_text
+Game Type Flags: 1
+Flags: 393352
+Fog Near Mult: 1.000000

+Fog Far Mult: 1.000000

+Disallow Support: 1
+Hull Repair Ceiling: 0.000000
+Subsystem Repair Ceiling: 100.000000

+Viewer pos: 4463.330078, 19.665947, 81.585190
+Viewer orient:
	0.990124, 0.000000, 0.140193,
	-0.026705, 0.981690, 0.188603,
	-0.137626, -0.190484, 0.971995


$Load Screen 640:	LoadAct3Sa.dds
$Load Screen 1024:	LoadAct3La.dds

$Skybox Model: Adhara.pof

$AI Profile: AF1

#Sexp_variables

$Variables:
(
		0		"Dice"		"0"		"number"
)

#Command Briefing

#Briefing
$start_briefing
$num_stages: 2
$start_stage
$multi_text
 XSTR("All hands abandon ship! All hands abandon ship!", -1)
$end_multi_text
$voice: none.wav
$camera_pos: 3476.495361, 1213.776978, 2962.515625
$camera_orient:
	-0.001989, 0.000002, 0.999998,
	-0.418910, 0.908027, -0.000835,
	-0.908026, -0.418911, -0.001805
$camera_time: 500
$num_lines: 0
$num_icons: 1
$Flags: 0
$Formula: ( true ) 
$start_icon
$type: 6
$team: Friendly
$class: GTD Galileo
$pos: 3385.359131, 1174.280151, 2962.995361
$label: GTD Galileo
+id: 2
$hlight: 0
$mirror: 0
$multi_text
$end_multi_text
$end_icon
$end_stage
$start_stage
$multi_text
 XSTR("We have a critical meltdown in all reactors. Massive system failures! Escape shuttles are inoperative. All crews get into your spacesuits!", -1)
$end_multi_text
$voice: none.wav
$camera_pos: 3476.495361, 1213.776978, 2962.515625
$camera_orient:
	-0.001989, 0.000002, 0.999998,
	-0.418910, 0.908027, -0.000835,
	-0.908026, -0.418911, -0.001805
$camera_time: 500
$num_lines: 0
$num_icons: 1
$Flags: 0
$Formula: ( true ) 
$start_icon
$type: 6
$team: Friendly
$class: GTD Galileo
$pos: 3385.359131, 1174.280151, 2962.995361
$label: GTD Galileo
+id: 2
$hlight: 0
$mirror: 0
$multi_text
$end_multi_text
$end_icon
$end_stage
$end_briefing

#Debriefing_info

$Num stages: 1

$Formula: ( true ) 
$Multi text
    XSTR("$B{To Lt. commander John Richter
77th Squadron Dark Angels
7th Battlegroup $}

You are lucky to be alive. You were able to survive such a situation. Without a ship, no weapons, just your spacesuit. Unfortunately, most of your companions died in their attempt to escape. 300 pilots, both from the $G 77th and $G 76th squadron, did not make it. You were only one of the lucky few who managed to board safely on the $G Nightingale. The $G GTD $G Galileo was already suffering major damage due to the recent engagement which was also the cause of its destruction. We have lost 10,000 lives, one good ranking officer and one good ship. I'm taking the brunt from $b High $b Command because of this tragedy.

$B{Admiral William Cartwright
7th Battlegroup GTVA $}", -1)
$end_multi_text
$Voice: none.wav
$Recommendation text:
    XSTR("", -1)
$end_multi_text

#Alternate Types:
$Alt: Galileo Crew
$Alt: 76th Ice Queens
$Alt: Shivan Super Destroyer
$Alt: Shivan Destroyer

#end


#Callsigns:
$Callsign: Pete
$Callsign: Greg

#end


#Players		;! 1 total

$Starting Shipname: Alpha 1
$Ship Choices: (
	"GTF Ulysses"	5
	"GTF Hercules"	5
	"GTF Hercules Mark II"	5
	"GTF Ares"	5
	"GTF Erinyes"	5
	"GTF Loki"	5
	"GTF Pegasus"	5
	"GTF Perseus"	5
	"GTF Myrmidon"	5
	"SF Mara (terrans)"	5
	"GTB Artemis"	5
	"GTB Artemis D.H."	5
	"GTB Medusa"	5
	"GTB Ursa"	5
	"GTB Zeus"	5
	"GTB Boanerges"	5
	"GVF Ptah"	5
	"Spacesuit"	5
)

+Weaponry Pool: (
	"Subach HL-7"	16
	"Subach HL-D"	16
	"Mekhu HL-7"	16
	"Mekhu HL-7D"	16
	"Akheton SDG"	16
	"Morning Star"	16
	"MorningStar D"	16
	"Prometheus R"	16
	"Prometheus S"	16
	"Prometheus D"	16
	"Maxim"	16
	"Maxim D"	16
	"UD-8 Kayser"	16
	"UD-D Kayser"	16
	"Circe"	16
	"Lamprey"	16
	"Targeting Laser"	16
	"Rockeye"	500
	"Rockeye D"	500
	"Tempest"	500
	"Tempest D"	500
	"Hornet"	500
	"Hornet D"	500
	"Tornado"	500
	"Tornado D"	500
	"Harpoon"	500
	"Harpoon D"	500
	"Harpoon#Weak"	500
	"Trebuchet"	500
	"TAG-A"	500
	"TAG-B"	500
	"TAG-C"	500
	"Piranha"	500
	"Stiletto II"	500
	"Infyrno"	500
	"Infyrno D"	500
	"Cyclops"	500
	"Cyclops#short"	500
	"Helios"	500
	"EMP Adv."	500
)

#Objects		;! 242 total

$Name: Alpha 1		;! Object #0
$Class: Spacesuit
$Team: Friendly
$Location: 4457.958008, 0.000000, 132.710938
$Orientation:
	0.907487, -0.010527, 0.419948,
	0.012520, 0.999920, -0.001987,
	-0.419894, 0.007061, 0.907546
$AI Behavior: None
$Cargo 1:  XSTR("Nothing", -1)
+Initial Hull: 100
+Initial Shields: 100
+Subsystem: Pilot
$Arrival Location: Hyperspace
$Arrival Cue: ( false ) 
$Departure Location: Hyperspace
$Departure Cue: ( false ) 
$Determination: 10
+Flags: ( "cargo-known" "no-shields" "player-start" "don't-collide-invisible" )
+Flags2: ( )
+Respawn priority: 0
+Special Hitpoints: 1000
+Special Shield Points: 200
+Orders Accepted: 32		;! note that this is a bitfield!!!
+Group: 0
+Score: 8

$Name: GTD Galileo		;! Object #1
$Class: GTD Galileo
$Team: Friendly
$Location: 4277.312500, -126.857384, 126.211716
$Orientation:
	0.557023, 0.000000, -0.830497,
	-0.000000, 1.000000, 0.000000,
	0.830497, 0.000000, 0.557023
$AI Behavior: None
+AI Class: None
$Cargo 1:  XSTR("Nothing", -1)
+Initial Hull: 100
+Initial Shields: 100
+Subsystem: Pilot
+Subsystem: turret01
+AI Class: None
+Subsystem: turret02
+AI Class: None
+Subsystem: turret03
+AI Class: None
+Subsystem: turret04
+AI Class: None
+Subsystem: turret05
+AI Class: None
+Subsystem: turret06
+AI Class: None
+Subsystem: turret07
+AI Class: None
+Subsystem: turret08
+AI Class: None
+Subsystem: turret09
+AI Class: None
+Subsystem: turret10
+AI Class: None
+Subsystem: turret11
+AI Class: Coward
+Subsystem: turret12
+AI Class: None
+Subsystem: turret13
+AI Class: None
+Subsystem: turret14
+AI Class: None
+Subsystem: turret15
+AI Class: None
+Subsystem: turret16
+AI Class: None
+Subsystem: turret17
+AI Class: None
+Subsystem: turret18
+AI Class: None
+Subsystem: turret19
+AI Class: None
+Subsystem: turret20
+AI Class: None
+Subsystem: turret21
+AI Class: None
+Subsystem: turret22
+AI Class: None
+Subsystem: turret23
+AI Class: None
+Subsystem: turret24
+AI Class: None
+Subsystem: turret25
+AI Class: None
+Subsystem: turret26
+AI Class: None
+Subsystem: turret27
+AI Class: None
+Subsystem: turret28
+AI Class: None
+Subsystem: turret29
+AI Class: None
+Subsystem: turret30
+AI Class: None
+Subsystem: turret31
+AI Class: None
+Subsystem: turret32
+AI Class: None
+Subsystem: turret33
+AI Class: None
+Subsystem: turret34
+AI Class: None
+Subsystem: turret35
+AI Class: None
+Subsystem: turret36
+AI Class: None
+Subsystem: turret37
+AI Class: None
+Subsystem: turret38
+AI Class: None
+Subsystem: turret39
+AI Class: None
+Subsystem: turret40
+AI Class: None
+Subsystem: turret41
+AI Class: None
+Sbank Ammo: ( 0 0 )
+Subsystem: turret42
+AI Class: None
+Sbank Ammo: ( 0 0 )
+Subsystem: turret43
+AI Class: None
+Sbank Ammo: ( 0 0 )
+Subsystem: turret44
+AI Class: None
+Sbank Ammo: ( 0 0 )
+Subsystem: turret45
+AI Class: None
+Primary Banks: ( "" )
+Subsystem: turret46
+AI Class: None
+Primary Banks: ( "" )
$Arrival Location: Hyperspace
$Arrival Cue: ( true ) 
$Departure Location: Hyperspace
$Departure Cue: ( false ) 
$Determination: 10
+Flags: ( "cargo-known" "no-shields" )
+Flags2: ( "lock-all-turrets" )
+Respawn priority: 0
$Special Explosion:
+Special Exp Damage: 0
+Special Exp Blast: 2000
+Special Exp Inner Radius: 100
+Special Exp Outer Radius: 2400
+Orders Accepted: 0		;! note that this is a bitfield!!!
+Group: 0
+Use Table Score:
+Score: 1300

$Name: GTD Titan		;! Object #2
$Class: GTDc Titan
$Team: Friendly
$Location: -1922.827515, 105.254745, 13923.023438
$Orientation:
	0.557023, 0.000000, -0.830497,
	-0.000000, 1.000000, 0.000000,
	0.830497, 0.000000, 0.557023
$AI Behavior: None
$Cargo 1:  XSTR("Nothing", -1)
+Initial Hull: 100
+Initial Shields: 100
+Subsystem: Pilot
+Subsystem: turret01
+Subsystem: turret02
+Subsystem: turret03
+Subsystem: turret04
+Subsystem: turret05
+Subsystem: turret06
+Subsystem: turret07
+Subsystem: turret08
+Subsystem: turret09
+Subsystem: turret10
+Subsystem: turret11
+Subsystem: turret12
+Subsystem: turret13
+Subsystem: turret14
+Subsystem: turret15
+Subsystem: turret16
+Subsystem: turret17
+Subsystem: turret18
+Subsystem: turret19
+Subsystem: turret20
+Subsystem: turret21
+Subsystem: turret22
+Subsystem: turret23
+Subsystem: turret24
+Subsystem: turret25
+Subsystem: turret26
+Subsystem: turret27
+Subsystem: turret28
+Subsystem: turret29
+Subsystem: turret30
+Subsystem: turret31
+Subsystem: turret32
+Subsystem: turret33
+Subsystem: turret34
+Subsystem: turret35
+Subsystem: turret36
+Subsystem: turret37
+Subsystem: turret38
+Subsystem: turret39
+Subsystem: turret40
+Subsystem: turret41
+Subsystem: turret42
+Subsystem: turret43
+Subsystem: turret44
+Subsystem: turret45
+Subsystem: turret46
+Subsystem: turret47
+Subsystem: turret48
+Subsystem: turret49
+Subsystem: turret50
+Subsystem: turret51
+Subsystem: turret52
+Subsystem: turret53
+Subsystem: turret54
$Arrival Location: Hyperspace
$Arrival Cue: ( true ) 
$Departure Location: Hyperspace
$Departure Cue: ( is-event-true-delay 
   "Titan leaves" 
   0 
)
$Determination: 10
+Flags: ( "cargo-known" "no-shields" "escort" "guardian" )
+Flags2: ( )
+Respawn priority: 0
+Escort priority: 0
+Special Hitpoints: 400000
+Orders Accepted: 0		;! note that this is a bitfield!!!
+Group: 0
+Score: 8

$Name: crew1 1		;! Object #3
$Class: Spacesuit
$Alt: Galileo Crew

$Team: Friendly
$Location: 4459.960449, -1.623390, 148.973297
$Orientation:
	0.907244, -0.010618, 0.420471,
	0.012628, 0.999918, -0.001997,
	-0.420415, 0.007122, 0.907304
$AI Behavior: None
$Cargo 1:  XSTR("Nothing", -1)
+Initial Velocity: 33
+Initial Shields: 100
+Subsystem: Pilot
$Arrival Location: Hyperspace
$Arrival Cue: ( false ) 
$Departure Location: Hyperspace
$Departure Cue: ( false ) 
$Determination: 10
+Flags: ( "cargo-known" "no-shields" "no-departure-warp" "don't-collide-invisible" )
+Flags2: ( "hide-ship-name" )
+Respawn priority: 0
+Orders Accepted: 0		;! note that this is a bitfield!!!
+Group: 0
+Use Table Score:
+Score: 1

$Name: crew1 2		;! Object #4
$Class: Spacesuit
$Alt: Galileo Crew

$Team: Friendly
$Location: 4466.303223, -5.238754, 156.427231
$Orientation:
	0.906995, -0.010540, 0.421009,
	0.012536, 0.999919, -0.001975,
	-0.420954, 0.007069, 0.907054
$AI Behavior: None
$Cargo 1:  XSTR("Nothing", -1)
+Initial Velocity: 33
+Initial Shields: 100
+Subsystem: Pilot
$Arrival Location: Hyperspace
$Arrival Cue: ( false ) 
$Departure Location: Hyperspace
$Departure Cue: ( false ) 
$Determination: 10
+Flags: ( "cargo-known" "no-shields" "no-departure-warp" "don't-collide-invisible" )
+Flags2: ( "hide-ship-name" )
+Respawn priority: 0
+Orders Accepted: 0		;! note that this is a bitfield!!!
+Group: 0
+Use Table Score:
+Score: 1

$Name: crew1 3		;! Object #5
$Class: Spacesuit
$Alt: Galileo Crew

$Team: Friendly
$Location: 4471.602051, -0.282194, 152.050964
$Orientation:
	0.906914, -0.010536, 0.421184,
	0.012532, 0.999919, -0.001972,
	-0.421130, 0.007067, 0.906973
$AI Behavior: None
$Cargo 1:  XSTR("Nothing", -1)
+Initial Velocity: 33
+Initial Shields: 100
+Subsystem: Pilot
$Arrival Location: Hyperspace
$Arrival Cue: ( false ) 
$Departure Location: Hyperspace
$Departure Cue: ( false ) 
$Determination: 10
+Flags: ( "cargo-known" "no-shields" "no-departure-warp" "don't-collide-invisible" )
+Flags2: ( "hide-ship-name" )
+Respawn priority: 0
+Orders Accepted: 0		;! note that this is a bitfield!!!
+Group: 0
+Use Table Score:
+Score: 1

$Name: crew1 4		;! Object #6
$Class: Spacesuit
$Alt: Galileo Crew

$Team: Friendly
$Location: 4464.537109, 1.396058, 152.107834
$Orientation:
	0.907094, -0.010448, 0.420799,
	0.012427, 0.999921, -0.001961,
	-0.420745, 0.007008, 0.907152
$AI Behavior: None
$Cargo 1:  XSTR("Nothing", -1)
+Initial Velocity: 33
+Initial Shields: 100
+Subsystem: Pilot
$Arrival Location: Hyperspace
$Arrival Cue: ( false ) 
$Departure Location: Hyperspace
$Departure Cue: ( false ) 
$Determination: 10
+Flags: ( "cargo-known" "no-shields" "no-departure-warp" "don't-collide-invisible" )
+Flags2: ( "hide-ship-name" )
+Respawn priority: 0
+Orders Accepted: 0		;! note that this is a bitfield!!!
+Group: 0
+Use Table Score:
+Score: 1

$Name: crew1 5		;! Object #7
$Class: Spacesuit
$Alt: Galileo Crew

$Team: Friendly
$Location: 4465.021973, -1.637701, 143.563278
$Orientation:
	0.907179, -0.010615, 0.420610,
	0.012624, 0.999918, -0.001994,
	-0.420555, 0.007119, 0.907239
$AI Behavior: None
$Cargo 1:  XSTR("Nothing", -1)
+Initial Velocity: 33
+Initial Shields: 100
+Subsystem: Pilot
$Arrival Location: Hyperspace
$Arrival Cue: ( false ) 
$Departure Location: Hyperspace
$Departure Cue: ( false ) 
$Determination: 10
+Flags: ( "cargo-known" "no-shields" "no-departure-warp" "don't-collide-invisible" )
+Flags2: ( "hide-ship-name" )
+Respawn priority: 0
+Orders Accepted: 0		;! note that this is a bitfield!!!
+Group: 0
+Use Table Score:
+Score: 1

$Name: crew1 6		;! Object #8
$Class: Spacesuit
$Alt: Galileo Crew

$Team: Friendly
$Location: 4458.472168, 5.023458, 143.613754
$Orientation:
	0.907347, -0.010622, 0.420249,
	0.012633, 0.999918, -0.002001,
	-0.420193, 0.007124, 0.907407
$AI Behavior: None
$Cargo 1:  XSTR("Nothing", -1)
+Initial Velocity: 33
+Initial Shields: 100
+Subsystem: Pilot
$Arrival Location: Hyperspace
$Arrival Cue: ( false ) 
$Departure Location: Hyperspace
$Departure Cue: ( false ) 
$Determination: 10
+Flags: ( "cargo-known" "no-shields" "no-departure-warp" "don't-collide-invisible" )
+Flags2: ( "hide-ship-name" )
+Respawn priority: 0
+Orders Accepted: 0		;! note that this is a bitfield!!!
+Group: 0
+Use Table Score:
+Score: 1

$Name: crew2 1		;! Object #9
$Class: Spacesuit
$Alt: Galileo Crew

$Team: Friendly
$Location: 4439.394043, 0.059299, 140.452255
$Orientation:
	0.907866, -0.010538, 0.419128,
	0.012530, 0.999920, -0.002001,
	-0.419073, 0.007068, 0.907925
$AI Behavior: None
$Cargo 1:  XSTR("Nothing", -1)
+Initial Velocity: 33
+Initial Shields: 100
+Subsystem: Pilot
$Arrival Location: Hyperspace
$Arrival Cue: ( false ) 
$Departure Location: Hyperspace
$Departure Cue: ( false ) 
$Determination: 10
+Flags: ( "cargo-known" "no-shields" "no-departure-warp" "don't-collide-invisible" )
+Flags2: ( "hide-ship-name" )
+Respawn priority: 0
+Orders Accepted: 0		;! note that this is a bitfield!!!
+Group: 0
+Use Table Score:
+Score: 1

$Name: crew2 2		;! Object #10
$Class: Spacesuit
$Alt: Galileo Crew

$Team: Friendly
$Location: 4436.035645, -2.896392, 133.797256
$Orientation:
	0.908027, -0.010627, 0.418778,
	0.012635, 0.999918, -0.002022,
	-0.418722, 0.007127, 0.908087
$AI Behavior: None
$Cargo 1:  XSTR("Nothing", -1)
+Initial Velocity: 33
+Initial Shields: 100
+Subsystem: Pilot
$Arrival Location: Hyperspace
$Arrival Cue: ( false ) 
$Departure Location: Hyperspace
$Departure Cue: ( false ) 
$Determination: 10
+Flags: ( "cargo-known" "no-shields" "no-departure-warp" "don't-collide-invisible" )
+Flags2: ( "hide-ship-name" )
+Respawn priority: 0
+Orders Accepted: 0		;! note that this is a bitfield!!!
+Group: 0
+Use Table Score:
+Score: 1

$Name: crew2 3		;! Object #11
$Class: Spacesuit
$Alt: Galileo Crew

$Team: Friendly
$Location: 4437.311035, 3.705394, 129.514099
$Orientation:
	0.908047, -0.010538, 0.418735,
	0.012529, 0.999919, -0.002006,
	-0.418680, 0.007068, 0.908106
$AI Behavior: None
$Cargo 1:  XSTR("Nothing", -1)
+Initial Velocity: 33
+Initial Shields: 100
+Subsystem: Pilot
$Arrival Location: Hyperspace
$Arrival Cue: ( false ) 
$Departure Location: Hyperspace
$Departure Cue: ( false ) 
$Determination: 10
+Flags: ( "cargo-known" "no-shields" "no-departure-warp" "don't-collide-invisible" )
+Flags2: ( "hide-ship-name" )
+Respawn priority: 0
+Orders Accepted: 0		;! note that this is a bitfield!!!
+Group: 0
+Use Table Score:
+Score: 1

$Name: crew2 4		;! Object #12
$Class: Spacesuit
$Alt: Galileo Crew

$Team: Friendly
$Location: 4443.063477, -0.437332, 131.954407
$Orientation:
	0.907872, -0.010531, 0.419114,
	0.012522, 0.999920, -0.002000,
	-0.419059, 0.007064, 0.907931
$AI Behavior: None
$Cargo 1:  XSTR("Nothing", -1)
+Initial Velocity: 33
+Initial Shields: 100
+Subsystem: Pilot
$Arrival Location: Hyperspace
$Arrival Cue: ( false ) 
$Departure Location: Hyperspace
$Departure Cue: ( false ) 
$Determination: 10
+Flags: ( "cargo-known" "no-shields" "no-departure-warp" "don't-collide-invisible" )
+Flags2: ( "hide-ship-name" )
+Respawn priority: 0
+Orders Accepted: 0		;! note that this is a bitfield!!!
+Group: 0
+Use Table Score:
+Score: 1

$Name: crew2 5		;! Object #13
$Class: Spacesuit
$Alt: Galileo Crew

$Team: Friendly
$Location: 4450.795898, 2.000111, 135.626923
$Orientation:
	0.907636, -0.010423, 0.419629,
	0.012394, 0.999921, -0.001972,
	-0.419575, 0.006991, 0.907694
$AI Behavior: None
$Cargo 1:  XSTR("Nothing", -1)
+Initial Velocity: 33
+Initial Shields: 100
+Subsystem: Pilot
$Arrival Location: Hyperspace
$Arrival Cue: ( false ) 
$Departure Location: Hyperspace
$Departure Cue: ( false ) 
$Determination: 10
+Flags: ( "cargo-known" "no-shields" "no-departure-warp" "don't-collide-invisible" )
+Flags2: ( "hide-ship-name" )
+Respawn priority: 0
+Orders Accepted: 0		;! note that this is a bitfield!!!
+Group: 0
+Use Table Score:
+Score: 1

$Name: crew2 6		;! Object #14
$Class: Spacesuit
$Alt: Galileo Crew

$Team: Friendly
$Location: 4444.405273, 7.748809, 138.089264
$Orientation:
	0.907770, -0.010478, 0.419338,
	0.012459, 0.999920, -0.001986,
	-0.419284, 0.007027, 0.907828
$AI Behavior: None
$Cargo 1:  XSTR("Nothing", -1)
+Initial Velocity: 33
+Initial Shields: 100
+Subsystem: Pilot
$Arrival Location: Hyperspace
$Arrival Cue: ( false ) 
$Departure Location: Hyperspace
$Departure Cue: ( false ) 
$Determination: 10
+Flags: ( "cargo-known" "no-shields" "no-departure-warp" "don't-collide-invisible" )
+Flags2: ( "hide-ship-name" )
+Respawn priority: 0
+Orders Accepted: 0		;! note that this is a bitfield!!!
+Group: 0
+Use Table Score:
+Score: 1

$Name: crew3 1		;! Object #15
$Class: Spacesuit
$Team: Friendly
$Location: 4398.154785, -2.497387, 157.784622
$Orientation:
	0.908705, -0.010562, 0.417305,
	0.012554, 0.999919, -0.002030,
	-0.417249, 0.007083, 0.908764
$AI Behavior: None
$Cargo 1:  XSTR("Nothing", -1)
+Initial Velocity: 33
+Initial Shields: 100
+Subsystem: Pilot
$Arrival Location: Hyperspace
$Arrival Cue: ( false ) 
$Departure Location: Hyperspace
$Departure Cue: ( false ) 
$Determination: 10
+Flags: ( "cargo-known" "no-shields" "no-departure-warp" "don't-collide-invisible" )
+Flags2: ( "hide-ship-name" )
+Respawn priority: 0
+Orders Accepted: 0		;! note that this is a bitfield!!!
+Group: 0
+Use Table Score:
+Score: 1

$Name: crew3 2		;! Object #16
$Class: Spacesuit
$Team: Friendly
$Location: 4398.795410, 0.219658, 154.165405
$Orientation:
	0.908732, -0.010559, 0.417247,
	0.012551, 0.999919, -0.002030,
	-0.417192, 0.007082, 0.908791
$AI Behavior: None
$Cargo 1:  XSTR("Nothing", -1)
+Initial Velocity: 33
+Initial Shields: 100
+Subsystem: Pilot
$Arrival Location: Hyperspace
$Arrival Cue: ( false ) 
$Departure Location: Hyperspace
$Departure Cue: ( false ) 
$Determination: 10
+Flags: ( "cargo-known" "no-shields" "no-departure-warp" "don't-collide-invisible" )
+Flags2: ( "hide-ship-name" )
+Respawn priority: 0
+Orders Accepted: 0		;! note that this is a bitfield!!!
+Group: 0
+Use Table Score:
+Score: 1

$Name: crew3 3		;! Object #17
$Class: Spacesuit
$Team: Friendly
$Location: 4391.395508, 0.267520, 154.711121
$Orientation:
	0.908912, -0.010562, 0.416853,
	0.012553, 0.999919, -0.002036,
	-0.416798, 0.007083, 0.908971
$AI Behavior: None
$Cargo 1:  XSTR("Nothing", -1)
+Initial Velocity: 33
+Initial Shields: 100
+Subsystem: Pilot
$Arrival Location: Hyperspace
$Arrival Cue: ( false ) 
$Departure Location: Hyperspace
$Departure Cue: ( false ) 
$Determination: 10
+Flags: ( "cargo-known" "no-shields" "no-departure-warp" "don't-collide-invisible" )
+Flags2: ( "hide-ship-name" )
+Respawn priority: 0
+Orders Accepted: 0		;! note that this is a bitfield!!!
+Group: 0
+Use Table Score:
+Score: 1

$Name: crew3 4		;! Object #18
$Class: Spacesuit
$Team: Friendly
$Location: 4389.875000, 1.805525, 164.790009
$Orientation:
	0.908834, -0.010568, 0.417023,
	0.012561, 0.999919, -0.002035,
	-0.416968, 0.007088, 0.908894
$AI Behavior: None
$Cargo 1:  XSTR("Nothing", -1)
+Initial Velocity: 33
+Initial Shields: 100
+Subsystem: Pilot
$Arrival Location: Hyperspace
$Arrival Cue: ( false ) 
$Departure Location: Hyperspace
$Departure Cue: ( false ) 
$Determination: 10
+Flags: ( "cargo-known" "no-shields" "no-departure-warp" "don't-collide-invisible" )
+Flags2: ( "hide-ship-name" )
+Respawn priority: 0
+Orders Accepted: 0		;! note that this is a bitfield!!!
+Group: 0
+Use Table Score:
+Score: 1

$Name: crew3 5		;! Object #19
$Class: Spacesuit
$Team: Friendly
$Location: 4395.592773, 0.167385, 162.058533
$Orientation:
	0.908721, -0.010565, 0.417270,
	0.012558, 0.999919, -0.002031,
	-0.417214, 0.007086, 0.908780
$AI Behavior: None
$Cargo 1:  XSTR("Nothing", -1)
+Initial Velocity: 33
+Initial Shields: 100
+Subsystem: Pilot
$Arrival Location: Hyperspace
$Arrival Cue: ( false ) 
$Departure Location: Hyperspace
$Departure Cue: ( false ) 
$Determination: 10
+Flags: ( "cargo-known" "no-shields" "no-departure-warp" "don't-collide-invisible" )
+Flags2: ( "hide-ship-name" )
+Respawn priority: 0
+Orders Accepted: 0		;! note that this is a bitfield!!!
+Group: 0
+Use Table Score:
+Score: 1

$Name: crew3 6		;! Object #20
$Class: Spacesuit
$Team: Friendly
$Location: 4398.785156, 0.305206, 145.199402
$Orientation:
	0.908836, -0.010553, 0.417020,
	0.012543, 0.999919, -0.002033,
	-0.416965, 0.007079, 0.908895
$AI Behavior: None
$Cargo 1:  XSTR("Nothing", -1)
+Initial Velocity: 33
+Initial Shields: 100
+Subsystem: Pilot
$Arrival Location: Hyperspace
$Arrival Cue: ( false ) 
$Departure Location: Hyperspace
$Departure Cue: ( false ) 
$Determination: 10
+Flags: ( "cargo-known" "no-shields" "no-departure-warp" "don't-collide-invisible" )
+Flags2: ( "hide-ship-name" )
+Respawn priority: 0
+Orders Accepted: 0		;! note that this is a bitfield!!!
+Group: 0
+Use Table Score:
+Score: 1

$Name: crew4 1		;! Object #21
$Class: Spacesuit
$Team: Friendly
$Location: 4482.969727, 4.723998, 163.881256
$Orientation:
	0.906487, -0.010540, 0.422103,
	0.012539, 0.999919, -0.001960,
	-0.422048, 0.007069, 0.906546
$AI Behavior: None
$Cargo 1:  XSTR("Nothing", -1)
+Initial Velocity: 33
+Initial Shields: 100
+Subsystem: Pilot
$Arrival Location: Hyperspace
$Arrival Cue: ( false ) 
$Departure Location: Hyperspace
$Departure Cue: ( false ) 
$Determination: 10
+Flags: ( "cargo-known" "no-shields" "no-departure-warp" "don't-collide-invisible" )
+Flags2: ( "hide-ship-name" )
+Respawn priority: 0
+Orders Accepted: 0		;! note that this is a bitfield!!!
+Group: 0
+Use Table Score:
+Score: 1

$Name: crew4 2		;! Object #22
$Class: Spacesuit
$Team: Friendly
$Location: 4468.854004, -0.766185, 204.887436
$Orientation:
	0.906358, -0.010570, 0.422379,
	0.012576, 0.999919, -0.001962,
	-0.422324, 0.007090, 0.906417
$AI Behavior: None
$Cargo 1:  XSTR("Nothing", -1)
+Initial Velocity: 33
+Initial Shields: 100
+Subsystem: Pilot
$Arrival Location: Hyperspace
$Arrival Cue: ( false ) 
$Departure Location: Hyperspace
$Departure Cue: ( false ) 
$Determination: 10
+Flags: ( "cargo-known" "no-shields" "no-departure-warp" "don't-collide-invisible" )
+Flags2: ( "hide-ship-name" )
+Respawn priority: 0
+Orders Accepted: 0		;! note that this is a bitfield!!!
+Group: 0
+Use Table Score:
+Score: 1

$Name: crew4 3		;! Object #23
$Class: Spacesuit
$Team: Friendly
$Location: 4466.392578, -0.667287, 196.364365
$Orientation:
	0.906522, -0.010565, 0.422027,
	0.012569, 0.999919, -0.001966,
	-0.421972, 0.007087, 0.906581
$AI Behavior: None
$Cargo 1:  XSTR("Nothing", -1)
+Initial Velocity: 33
+Initial Shields: 100
+Subsystem: Pilot
$Arrival Location: Hyperspace
$Arrival Cue: ( false ) 
$Departure Location: Hyperspace
$Departure Cue: ( false ) 
$Determination: 10
+Flags: ( "cargo-known" "no-shields" "no-departure-warp" "don't-collide-invisible" )
+Flags2: ( "hide-ship-name" )
+Respawn priority: 0
+Orders Accepted: 0		;! note that this is a bitfield!!!
+Group: 0
+Use Table Score:
+Score: 1

$Name: crew4 4		;! Object #24
$Class: Spacesuit
$Team: Friendly
$Location: 4474.550781, -0.799554, 204.103180
$Orientation:
	0.906222, -0.010568, 0.422671,
	0.012574, 0.999919, -0.001957,
	-0.422616, 0.007088, 0.906281
$AI Behavior: None
$Cargo 1:  XSTR("Nothing", -1)
+Initial Velocity: 33
+Initial Shields: 100
+Subsystem: Pilot
$Arrival Location: Hyperspace
$Arrival Cue: ( false ) 
$Departure Location: Hyperspace
$Departure Cue: ( false ) 
$Determination: 10
+Flags: ( "cargo-known" "no-shields" "no-departure-warp" "don't-collide-invisible" )
+Flags2: ( "hide-ship-name" )
+Respawn priority: 0
+Orders Accepted: 0		;! note that this is a bitfield!!!
+Group: 0
+Use Table Score:
+Score: 1

$Name: crew4 5		;! Object #25
$Class: Spacesuit
$Team: Friendly
$Location: 4487.770020, 3.950712, 163.783264
$Orientation:
	0.906366, -0.010538, 0.422363,
	0.012537, 0.999919, -0.001956,
	-0.422308, 0.007068, 0.906425
$AI Behavior: None
$Cargo 1:  XSTR("Nothing", -1)
+Initial Velocity: 33
+Initial Shields: 100
+Subsystem: Pilot
$Arrival Location: Hyperspace
$Arrival Cue: ( false ) 
$Departure Location: Hyperspace
$Departure Cue: ( false ) 
$Determination: 10
+Flags: ( "cargo-known" "no-shields" "no-departure-warp" "don't-collide-invisible" )
+Flags2: ( "hide-ship-name" )
+Respawn priority: 0
+Orders Accepted: 0		;! note that this is a bitfield!!!
+Group: 0
+Use Table Score:
+Score: 1

$Name: crew4 6		;! Object #26
$Class: Spacesuit
$Team: Friendly
$Location: 4483.494141, -0.538429, 169.984802
$Orientation:
	0.906399, -0.010544, 0.422290,
	0.012544, 0.999919, -0.001958,
	-0.422235, 0.007072, 0.906459
$AI Behavior: None
$Cargo 1:  XSTR("Nothing", -1)
+Initial Velocity: 33
+Initial Shields: 100
+Subsystem: Pilot
$Arrival Location: Hyperspace
$Arrival Cue: ( false ) 
$Departure Location: Hyperspace
$Departure Cue: ( false ) 
$Determination: 10
+Flags: ( "cargo-known" "no-shields" "no-departure-warp" "don't-collide-invisible" )
+Flags2: ( "hide-ship-name" )
+Respawn priority: 0
+Orders Accepted: 0		;! note that this is a bitfield!!!
+Group: 0
+Use Table Score:
+Score: 1

$Name: Alpha 2		;! Object #27
$Class: Spacesuit
$Callsign: Pete

$Team: Friendly
$Location: 4465.366699, -0.109500, 138.624619
$Orientation:
	0.907230, -0.010529, 0.420503,
	0.012522, 0.999920, -0.001980,
	-0.420448, 0.007062, 0.907289
$AI Behavior: None
$AI Goals: ( goals ( ai-stay-near-ship "Alpha 1" 89 ) )
$Cargo 1:  XSTR("Nothing", -1)
+Initial Velocity: 33
+Initial Shields: 100
+Subsystem: Pilot
$Arrival Location: Hyperspace
$Arrival Cue: ( false ) 
$Departure Location: Hyperspace
$Departure Cue: ( false ) 
$Determination: 10
+Flags: ( "cargo-known" "no-shields" "invulnerable" "don't-collide-invisible" )
+Flags2: ( "hide-ship-name" )
+Respawn priority: 0
+Orders Accepted: 32		;! note that this is a bitfield!!!
+Group: 0
+Use Table Score:
+Score: 1

$Name: Alpha 3		;! Object #28
$Class: Spacesuit
$Callsign: Greg

$Team: Friendly
$Location: 4451.013672, 0.083122, 129.213974
$Orientation:
	0.907703, -0.010527, 0.419480,
	0.012518, 0.999920, -0.001994,
	-0.419425, 0.007061, 0.907762
$AI Behavior: None
$AI Goals: ( goals ( ai-stay-near-ship "Alpha 1" 89 ) )
$Cargo 1:  XSTR("Nothing", -1)
+Initial Velocity: 33
+Initial Shields: 100
+Subsystem: Pilot
$Arrival Location: Hyperspace
$Arrival Cue: ( false ) 
$Departure Location: Hyperspace
$Departure Cue: ( false ) 
$Determination: 10
+Flags: ( "cargo-known" "no-shields" "invulnerable" "don't-collide-invisible" )
+Flags2: ( "hide-ship-name" )
+Respawn priority: 0
+Orders Accepted: 32		;! note that this is a bitfield!!!
+Group: 0
+Use Table Score:
+Score: 1

$Name: Alpha 4		;! Object #29
$Class: Spacesuit
$Team: Friendly
$Location: 4457.937500, 0.040822, 128.443954
$Orientation:
	0.907537, -0.010525, 0.419840,
	0.012516, 0.999920, -0.001988,
	-0.419785, 0.007059, 0.907596
$AI Behavior: None
$AI Goals: ( goals ( ai-stay-near-ship "Alpha 1" 89 ) )
$Cargo 1:  XSTR("Nothing", -1)
+Initial Velocity: 33
+Initial Shields: 100
+Subsystem: Pilot
$Arrival Location: Hyperspace
$Arrival Cue: ( false ) 
$Departure Location: Hyperspace
$Departure Cue: ( false ) 
$Determination: 10
+Flags: ( "cargo-known" "no-shields" "don't-collide-invisible" )
+Flags2: ( "hide-ship-name" )
+Respawn priority: 0
+Orders Accepted: 32		;! note that this is a bitfield!!!
+Group: 0
+Use Table Score:
+Score: 1

$Name: crew5 1		;! Object #30
$Class: Spacesuit
$Team: Friendly
$Location: 4413.417969, 0.145654, 150.931030
$Orientation:
	0.908400, -0.010552, 0.417968,
	0.012545, 0.999919, -0.002019,
	-0.417913, 0.007077, 0.908460
$AI Behavior: None
$Cargo 1:  XSTR("Nothing", -1)
+Initial Velocity: 33
+Initial Shields: 100
+Subsystem: Pilot
$Arrival Location: Hyperspace
$Arrival Cue: ( false ) 
$Departure Location: Hyperspace
$Departure Cue: ( false ) 
$Determination: 10
+Flags: ( "cargo-known" "no-shields" "no-departure-warp" "don't-collide-invisible" )
+Flags2: ( "hide-ship-name" )
+Respawn priority: 0
+Orders Accepted: 0		;! note that this is a bitfield!!!
+Group: 0
+Use Table Score:
+Score: 1

$Name: crew5 2		;! Object #31
$Class: Spacesuit
$Team: Friendly
$Location: 4404.740723, 0.231969, 148.403122
$Orientation:
	0.908649, -0.010553, 0.417428,
	0.012544, 0.999919, -0.002027,
	-0.417373, 0.007078, 0.908708
$AI Behavior: None
$Cargo 1:  XSTR("Nothing", -1)
+Initial Velocity: 33
+Initial Shields: 100
+Subsystem: Pilot
$Arrival Location: Hyperspace
$Arrival Cue: ( false ) 
$Departure Location: Hyperspace
$Departure Cue: ( false ) 
$Determination: 10
+Flags: ( "cargo-known" "no-shields" "no-departure-warp" "don't-collide-invisible" )
+Flags2: ( "hide-ship-name" )
+Respawn priority: 0
+Orders Accepted: 0		;! note that this is a bitfield!!!
+Group: 0
+Use Table Score:
+Score: 1

$Name: crew5 3		;! Object #32
$Class: Spacesuit
$Team: Friendly
$Location: 4415.219238, 0.256125, 137.987411
$Orientation:
	0.908506, -0.010543, 0.417740,
	0.012533, 0.999919, -0.002021,
	-0.417685, 0.007072, 0.908564
$AI Behavior: None
$Cargo 1:  XSTR("Nothing", -1)
+Initial Velocity: 33
+Initial Shields: 100
+Subsystem: Pilot
$Arrival Location: Hyperspace
$Arrival Cue: ( false ) 
$Departure Location: Hyperspace
$Departure Cue: ( false ) 
$Determination: 10
+Flags: ( "cargo-known" "no-shields" "no-departure-warp" "don't-collide-invisible" )
+Flags2: ( "hide-ship-name" )
+Respawn priority: 0
+Orders Accepted: 0		;! note that this is a bitfield!!!
+Group: 0
+Use Table Score:
+Score: 1

$Name: crew5 4		;! Object #33
$Class: Spacesuit
$Team: Friendly
$Location: 4403.221191, 0.378711, 134.152954
$Orientation:
	0.908852, -0.010545, 0.416985,
	0.012533, 0.999919, -0.002031,
	-0.416930, 0.007072, 0.908911
$AI Behavior: None
$Cargo 1:  XSTR("Nothing", -1)
+Initial Velocity: 33
+Initial Shields: 100
+Subsystem: Pilot
$Arrival Location: Hyperspace
$Arrival Cue: ( false ) 
$Departure Location: Hyperspace
$Departure Cue: ( false ) 
$Determination: 10
+Flags: ( "cargo-known" "no-shields" "no-departure-warp" "don't-collide-invisible" )
+Flags2: ( "hide-ship-name" )
+Respawn priority: 0
+Orders Accepted: 0		;! note that this is a bitfield!!!
+Group: 0
+Use Table Score:
+Score: 1

$Name: crew5 5		;! Object #34
$Class: Spacesuit
$Team: Friendly
$Location: 4407.301270, 0.295750, 139.786118
$Orientation:
	0.908684, -0.010547, 0.417351,
	0.012537, 0.999919, -0.002027,
	-0.417296, 0.007074, 0.908743
$AI Behavior: None
$Cargo 1:  XSTR("Nothing", -1)
+Initial Velocity: 33
+Initial Shields: 100
+Subsystem: Pilot
$Arrival Location: Hyperspace
$Arrival Cue: ( false ) 
$Departure Location: Hyperspace
$Departure Cue: ( false ) 
$Determination: 10
+Flags: ( "cargo-known" "no-shields" "no-departure-warp" "don't-collide-invisible" )
+Flags2: ( "hide-ship-name" )
+Respawn priority: 0
+Orders Accepted: 0		;! note that this is a bitfield!!!
+Group: 0
+Use Table Score:
+Score: 1

$Name: crew5 6		;! Object #35
$Class: Spacesuit
$Team: Friendly
$Location: 4407.894531, 3.511923, 156.729233
$Orientation:
	0.908474, -0.010558, 0.417809,
	0.012550, 0.999919, -0.002022,
	-0.417754, 0.007081, 0.908533
$AI Behavior: None
$Cargo 1:  XSTR("Nothing", -1)
+Initial Velocity: 33
+Initial Shields: 100
+Subsystem: Pilot
$Arrival Location: Hyperspace
$Arrival Cue: ( false ) 
$Departure Location: Hyperspace
$Departure Cue: ( false ) 
$Determination: 10
+Flags: ( "cargo-known" "no-shields" "no-departure-warp" "don't-collide-invisible" )
+Flags2: ( "hide-ship-name" )
+Respawn priority: 0
+Orders Accepted: 0		;! note that this is a bitfield!!!
+Group: 0
+Use Table Score:
+Score: 1

$Name: crew6 1		;! Object #36
$Class: Spacesuit
$Team: Friendly
$Location: 4463.173340, -2.213823, 162.278091
$Orientation:
	0.907007, -0.010545, 0.420984,
	0.012542, 0.999919, -0.001976,
	-0.420929, 0.007072, 0.907066
$AI Behavior: None
$Cargo 1:  XSTR("Nothing", -1)
+Initial Velocity: 33
+Initial Shields: 100
+Subsystem: Pilot
$Arrival Location: Hyperspace
$Arrival Cue: ( false ) 
$Departure Location: Hyperspace
$Departure Cue: ( false ) 
$Determination: 10
+Flags: ( "cargo-known" "no-shields" "no-departure-warp" "don't-collide-invisible" )
+Flags2: ( "hide-ship-name" )
+Respawn priority: 0
+Orders Accepted: 0		;! note that this is a bitfield!!!
+Group: 0
+Use Table Score:
+Score: 1

$Name: crew6 2		;! Object #37
$Class: Spacesuit
$Team: Friendly
$Location: 4469.844238, 1.656409, 165.157532
$Orientation:
	0.906804, -0.010545, 0.421420,
	0.012543, 0.999919, -0.001970,
	-0.421366, 0.007072, 0.906863
$AI Behavior: None
$Cargo 1:  XSTR("Nothing", -1)
+Initial Velocity: 33
+Initial Shields: 100
+Subsystem: Pilot
$Arrival Location: Hyperspace
$Arrival Cue: ( false ) 
$Departure Location: Hyperspace
$Departure Cue: ( false ) 
$Determination: 10
+Flags: ( "cargo-known" "no-shields" "no-departure-warp" "don't-collide-invisible" )
+Flags2: ( "hide-ship-name" )
+Respawn priority: 0
+Orders Accepted: 0		;! note that this is a bitfield!!!
+Group: 0
+Use Table Score:
+Score: 1

$Name: crew6 3		;! Object #38
$Class: Spacesuit
$Team: Friendly
$Location: 4469.015625, -3.182893, 161.756760
$Orientation:
	0.906864, -0.010543, 0.421291,
	0.012541, 0.999919, -0.001972,
	-0.421237, 0.007072, 0.906923
$AI Behavior: None
$Cargo 1:  XSTR("Nothing", -1)
+Initial Velocity: 33
+Initial Shields: 100
+Subsystem: Pilot
$Arrival Location: Hyperspace
$Arrival Cue: ( false ) 
$Departure Location: Hyperspace
$Departure Cue: ( false ) 
$Determination: 10
+Flags: ( "cargo-known" "no-shields" "no-departure-warp" "don't-collide-invisible" )
+Flags2: ( "hide-ship-name" )
+Respawn priority: 0
+Orders Accepted: 0		;! note that this is a bitfield!!!
+Group: 0
+Use Table Score:
+Score: 1

$Name: crew6 4		;! Object #39
$Class: Spacesuit
$Team: Friendly
$Location: 4460.269531, 2.042147, 166.321945
$Orientation:
	0.907034, -0.010548, 0.420925,
	0.012546, 0.999919, -0.001978,
	-0.420871, 0.007075, 0.907093
$AI Behavior: None
$Cargo 1:  XSTR("Nothing", -1)
+Initial Velocity: 33
+Initial Shields: 100
+Subsystem: Pilot
$Arrival Location: Hyperspace
$Arrival Cue: ( false ) 
$Departure Location: Hyperspace
$Departure Cue: ( false ) 
$Determination: 10
+Flags: ( "cargo-known" "no-shields" "no-departure-warp" "don't-collide-invisible" )
+Flags2: ( "hide-ship-name" )
+Respawn priority: 0
+Orders Accepted: 0		;! note that this is a bitfield!!!
+Group: 0
+Use Table Score:
+Score: 1

$Name: crew6 5		;! Object #40
$Class: Spacesuit
$Team: Friendly
$Location: 4463.609863, 1.111704, 166.207825
$Orientation:
	0.906950, -0.010547, 0.421106,
	0.012545, 0.999919, -0.001975,
	-0.421051, 0.007074, 0.907009
$AI Behavior: None
$Cargo 1:  XSTR("Nothing", -1)
+Initial Velocity: 33
+Initial Shields: 100
+Subsystem: Pilot
$Arrival Location: Hyperspace
$Arrival Cue: ( false ) 
$Departure Location: Hyperspace
$Departure Cue: ( false ) 
$Determination: 10
+Flags: ( "cargo-known" "no-shields" "no-departure-warp" "don't-collide-invisible" )
+Flags2: ( "hide-ship-name" )
+Respawn priority: 0
+Orders Accepted: 0		;! note that this is a bitfield!!!
+Group: 0
+Use Table Score:
+Score: 1

$Name: crew6 6		;! Object #41
$Class: Spacesuit
$Team: Friendly
$Location: 4471.383789, -0.459629, 170.827667
$Orientation:
	0.906697, -0.010548, 0.421650,
	0.012548, 0.999919, -0.001968,
	-0.421595, 0.007075, 0.906757
$AI Behavior: None
$Cargo 1:  XSTR("Nothing", -1)
+Initial Velocity: 33
+Initial Shields: 100
+Subsystem: Pilot
$Arrival Location: Hyperspace
$Arrival Cue: ( false ) 
$Departure Location: Hyperspace
$Departure Cue: ( false ) 
$Determination: 10
+Flags: ( "cargo-known" "no-shields" "no-departure-warp" "don't-collide-invisible" )
+Flags2: ( "hide-ship-name" )
+Respawn priority: 0
+Orders Accepted: 0		;! note that this is a bitfield!!!
+Group: 0
+Use Table Score:
+Score: 1

$Name: crew7 1		;! Object #42
$Class: Spacesuit
$Team: Friendly
$Location: 4448.279297, -1.895388, 159.960907
$Orientation:
	0.907413, -0.010503, 0.420110,
	0.012490, 0.999920, -0.001980,
	-0.420055, 0.007044, 0.907471
$AI Behavior: None
$Cargo 1:  XSTR("Nothing", -1)
+Initial Velocity: 33
+Initial Shields: 100
+Subsystem: Pilot
$Arrival Location: Hyperspace
$Arrival Cue: ( false ) 
$Departure Location: Hyperspace
$Departure Cue: ( false ) 
$Determination: 10
+Flags: ( "cargo-known" "no-shields" "no-departure-warp" "don't-collide-invisible" )
+Flags2: ( "hide-ship-name" )
+Respawn priority: 0
+Orders Accepted: 0		;! note that this is a bitfield!!!
+Group: 0
+Use Table Score:
+Score: 1

$Name: crew7 2		;! Object #43
$Class: Spacesuit
$Team: Friendly
$Location: 4451.927734, -0.188047, 156.972305
$Orientation:
	0.907355, -0.010545, 0.420233,
	0.012541, 0.999919, -0.001987,
	-0.420178, 0.007073, 0.907414
$AI Behavior: None
$Cargo 1:  XSTR("Nothing", -1)
+Initial Velocity: 33
+Initial Shields: 100
+Subsystem: Pilot
$Arrival Location: Hyperspace
$Arrival Cue: ( false ) 
$Departure Location: Hyperspace
$Departure Cue: ( false ) 
$Determination: 10
+Flags: ( "cargo-known" "no-shields" "no-departure-warp" "don't-collide-invisible" )
+Flags2: ( "hide-ship-name" )
+Respawn priority: 0
+Orders Accepted: 0		;! note that this is a bitfield!!!
+Group: 0
+Use Table Score:
+Score: 1

$Name: crew7 3		;! Object #44
$Class: Spacesuit
$Team: Friendly
$Location: 4448.310547, -1.263916, 152.398239
$Orientation:
	0.907499, -0.010607, 0.419920,
	0.012613, 0.999918, -0.002002,
	-0.419864, 0.007113, 0.907559
$AI Behavior: None
$Cargo 1:  XSTR("Nothing", -1)
+Initial Velocity: 33
+Initial Shields: 100
+Subsystem: Pilot
$Arrival Location: Hyperspace
$Arrival Cue: ( false ) 
$Departure Location: Hyperspace
$Departure Cue: ( false ) 
$Determination: 10
+Flags: ( "cargo-known" "no-shields" "no-departure-warp" "don't-collide-invisible" )
+Flags2: ( "hide-ship-name" )
+Respawn priority: 0
+Orders Accepted: 0		;! note that this is a bitfield!!!
+Group: 0
+Use Table Score:
+Score: 1

$Name: crew7 4		;! Object #45
$Class: Spacesuit
$Team: Friendly
$Location: 4442.401855, 4.028109, 156.094894
$Orientation:
	0.907607, -0.010618, 0.419686,
	0.012626, 0.999918, -0.002008,
	-0.419630, 0.007122, 0.907667
$AI Behavior: None
$Cargo 1:  XSTR("Nothing", -1)
+Initial Velocity: 33
+Initial Shields: 100
+Subsystem: Pilot
$Arrival Location: Hyperspace
$Arrival Cue: ( false ) 
$Departure Location: Hyperspace
$Departure Cue: ( false ) 
$Determination: 10
+Flags: ( "cargo-known" "no-shields" "no-departure-warp" "don't-collide-invisible" )
+Flags2: ( "hide-ship-name" )
+Respawn priority: 0
+Orders Accepted: 0		;! note that this is a bitfield!!!
+Group: 0
+Use Table Score:
+Score: 1

$Name: crew7 5		;! Object #46
$Class: Spacesuit
$Team: Friendly
$Location: 4445.157227, 3.642173, 154.227448
$Orientation:
	0.907560, -0.010545, 0.419790,
	0.012540, 0.999919, -0.001993,
	-0.419735, 0.007073, 0.907619
$AI Behavior: None
