#Mission Info

$Version: 0.10
$Name:  XSTR("Making a run for it", -1)
$Author: Herkie Del Socorro
$Created: 05/21/11 at 15:51:17
$Modified: 03/26/20 at 18:10:27
$Notes:
This is a FRED2_OPEN created mission.
$End Notes:

$Mission Desc:
 XSTR("July 10, 2370", -1)
$end_multi_text
+Game Type Flags: 1
+Flags: 8
+Fog Near Mult: 1.000000

+Fog Far Mult: 1.000000

+Disallow Support: 1
+Hull Repair Ceiling: 0.000000
+Subsystem Repair Ceiling: 100.000000

+Viewer pos: 19202.460938, 117.290222, 6798.639648
+Viewer orient:
	0.787901, 0.000000, 0.615802,
	-0.141843, 0.973110, 0.181484,
	-0.599243, -0.230339, 0.766715


$Load Screen 640:	LoadAct2Sa.dds
$Load Screen 1024:	LoadAct2La.dds

$Skybox Model: SpaceBox.pof

$AI Profile: AF1
#Fiction Viewer

$File: LogA2E.txt
$Font: font01.vf

#Command Briefing

$Stage Text:
 XSTR("$B{ To Lieutenant John Richter
Vega Police Department $}

Because of your involvement in your recent mission to capture one of the $R{ pirate high leaders, $} the entire pirate organization was agitated and the $G GTVI feared for the security of a number of covert operatives in the $Y UPC's $Y home $Y system. Plans were drawn up to recover them. In fact, only three days ago,  $G Police $G Central $G Command was assigned to immediately assist an $P{ undercover agent $} when this agent contacted his superiors and requested his exfiltration. He is now currently aboard the $G{ GTCv Stargazer $} making his escape towards the $Y Vega jump node.

$B{ Robert Prescott
Chief of Police, VPD $}", -1)
$end_multi_text
$Ani Filename: cb_Act2e.ani
+Wave Filename: none

#Briefing
$start_briefing
$num_stages: 1
$start_stage
$multi_text
 XSTR("The $G Stargazer is currently on route to the $Y Vega jump node. Your mission is to escort and provide support to this craft. Be aware that pirate intervention is certain. So stay focus. The Stargazer must survive. You must realize that we cannot send additional ships or wings. As far as the $R UPC's concern, the Stargazer is a defector and the aid of the police will rouse their suspicion and jeopardize the lives of other deep cover agents so you will not be flying police colors.  Except for the $b GTF $b Enforcer, We have all the ships and weapons we can spare at your disposal and that includes your $b Phantom.", -1)
$end_multi_text
$voice: none.wav
$camera_pos: -593.099609, 799.663025, -7529.866699
$camera_orient:
	0.982633, -0.000001, -0.185562,
	0.024843, 0.990998, 0.131550,
	0.183891, -0.133875, 0.973787
$camera_time: 500
$num_lines: 0
$num_icons: 3
$Flags: 0
$Formula: ( true ) 
$start_icon
$type: 0
$team: Friendly
$class: GTF Ares
$pos: -135.179199, -0.000018, -4296.261719
$label: alpha 1
+id: 1
$hlight: 0
$mirror: 0
$multi_text
$end_multi_text
$end_icon
$start_icon
$type: 28
$team: Friendly
$class: GTCv Rigel
$pos: 1434.049683, -0.000274, -2244.487061
$label: Stargazer
+id: 4
$hlight: 1
$mirror: 0
$multi_text
$end_multi_text
$end_icon
$start_icon
$type: 33
$team: Friendly
$class: GTNB Pharos
$pos: -1201.351563, -0.000024, -1314.434570
$label: Vega Jump Node
+id: 6
$hlight: 0
$mirror: 0
$multi_text
$end_multi_text
$end_icon
$end_stage
$end_briefing

#Debriefing_info

$Num stages: 6

$Formula: ( is-goal-true-delay 
   "protect Deimos 1" 
   0 
)
$Multi text
    XSTR("$B{ To lieutenant John Richter
Vega Police Department $}

Because of your efforts, our fleeing corvette has escaped and our $V agent survived, carrying with him vital information of the $R pirate's whereabouts, the extent of their military capabilities, their illegal trade routes and most importantly, the location of the $R Mafia $R boss himself. The agent is also a high ranking official and wishes to thank you for his life and he will give his recommendations to the $G GTVA $G High $G Command.", -1)
$end_multi_text
$Voice: none.wav
$Recommendation text:
    XSTR("", -1)
$end_multi_text

$Formula: ( is-goal-true-delay 
   "Disable Skull Hunter" 
   0 
)
$Multi text
    XSTR("Well done. By incapacitating the $R Skull $R Hunter, you have displayed your keen judgment and initiative on this mission.  You gave the $G Stargazer a fighting chance.", -1)
$end_multi_text
$Voice: none.wav
$Recommendation text:
    XSTR("Good thinking! That is SOP in dealing with larger enemy ships. Without beams or engines, those ships are helpless.", -1)
$end_multi_text

$Formula: ( is-goal-true-delay 
   "Wipe out squadron" 
   0 
)
$Multi text
    XSTR("The $G GTVA $G Police has also noted your tremendous combat skills. No one here in the police force is able to engage and wipe out an entire squadron alone. Only a handful of combat military pilots with superior skills can survive such a predicament. We are now contemplating as to where to assign you.", -1)
$end_multi_text
$Voice: none.wav
$Recommendation text:
    XSTR("Great job!, you have the combat skill to take on the later missions of this campaign.", -1)
$end_multi_text

$Formula: ( is-goal-true-delay "Survive" 0 ) 
$Multi text
    XSTR("And sorry for the inconvenience, Alpha 1. We were not able to pull you out of there immediately and that was a close call. Excellent job pilot.
", -1)
$end_multi_text
$Voice: none.wav
$Recommendation text:
    XSTR("That's the disadvantage of Mission Protocol 729. It's a crappy directive by the GTVA. But orders are orders.", -1)
$end_multi_text

$Formula: ( is-goal-true-delay "Survive" 0 ) 
$Multi text
    XSTR("
$B{ Robert Prescott
Chief of Police, VPD $}

$P{ LCARS UPDATE: $} $G{New entries in Techroom Database $}", -1)
$end_multi_text
$Voice: none.wav
$Recommendation text:
    XSTR("", -1)
$end_multi_text

$Formula: ( is-goal-false-delay 
   "protect Deimos 1" 
   0 
)
$Multi text
    XSTR("$B{ To John Richter $}

The loss of Stargazer was unacceptable. The agent in that corvette had vital information about these pirates. It was a tough mission but your failure will cripple us more and our countering these pirates will be difficult.

The GTVI ordered your expulsion from the police force so I have no choice but to release you from your duties and responsibilities. You are lucky. If you were in the military, you will be executed for this failure. Clean up your quarters and good luck.

$B{ Robert Prescott
Chief of Police $}", -1)
$end_multi_text
$Voice: none.wav
$Recommendation text:
    XSTR("Take my hint. Destroy the Skull Hunter's beam cannon that is firing at the stargazer. That should do the trick. You may want to disable the Skull Hunter, its turrets can still do damage to the Stargazer. Take out the enemy cruisers' beam cannons immediately. Ignore the fighters, they don't do much damage to the corvette. The use of the XJR Phantom and high ROF weapons is highly recommended.", -1)
$end_multi_text

#Alternate Types:
$Alt: United Pirate Coalition
$Alt: Skull Demons

#end


#Callsigns:
$Callsign: Skull Hunters

#end


#Players		;! 1 total

$Starting Shipname: alpha 1
$Ship Choices: (
	"GTF Hercules Mark II"	1
	"GTF Erinyes"	1
	"GTF Perseus"	1
	"GTF Myrmidon"	1
	"XJR Phantom"	1
)

+Weaponry Pool: (
	"Subach HL-7"	1
	"Morning Star"	1
	"Prometheus R"	1
	"Prometheus S"	1
	"Ripper"	1
	"Rockeye"	100
	"Tempest"	500
	"Tornado"	300
	"Harpoon"	136
	"Trebuchet"	100
	"Stiletto II"	100
	"Maxim"	1
	"UD-8 Kayser"	1
	"Hornet"	100
)

#Objects		;! 59 total

$Name: alpha 1		;! Object #0
$Class: GTF Ares
$Team: Friendly
$Location: 16259.037109, 381.600189, 7160.583008
$Orientation:
	0.827137, 0.000000, -0.562001,
	0.110813, 0.980368, 0.163091,
	0.550968, -0.197176, 0.810898
$AI Behavior: None
$Cargo 1:  XSTR("Nothing", -1)
+Initial Velocity: 30
+Initial Hull: 100
+Subsystem: Pilot
+Primary Banks: ( "UD-8 Kayser" "Maxim" )
$Arrival Location: Hyperspace
$Arrival Cue: ( false ) 
$Departure Location: Hyperspace
$Departure Cue: ( false ) 
$Determination: 10
+Flags: ( "cargo-known" "player-start" )
+Flags2: ( )
+Respawn priority: 0
+Group: 0
+Score: 8

$Name: Stargazer		;! Object #1
$Class: GTCv Rigel
$Team: Friendly
$Location: 17925.437500, 0.000183, 8980.535156
$Orientation:
	0.497571, -0.000000, 0.867423,
	0.000000, 1.000000, 0.000000,
	-0.867423, 0.000000, 0.497571
$AI Behavior: None
$AI Goals: ( goals ( ai-waypoints-once "Waypoint path 1" 50 ) )
$Cargo 1:  XSTR("Nothing", -1)
+Initial Hull: 100
+Initial Shields: 100
+Subsystem: Pilot
+Subsystem: turret01
+Subsystem: turret02
+Subsystem: turret03
+Subsystem: turret04
+Subsystem: turret05
+Subsystem: turret06
+Subsystem: turret07
+Subsystem: turret08
+Subsystem: turret09
+Subsystem: turret10
+Subsystem: turret11
+Subsystem: turret12
+Subsystem: turret13
+Subsystem: turret14
$Arrival Location: Hyperspace
$Arrival Cue: ( true ) 
$Departure Location: Hyperspace
$Departure Cue: ( are-waypoints-done-delay 
   "Stargazer" 
   "Waypoint path 1" 
   0 
)
$Determination: 10
+Flags: ( "cargo-known" "no-shields" "escort" )
+Flags2: ( )
+Respawn priority: 0
+Escort priority: 0
+Special Hitpoints: 150000
+Orders Accepted: 0		;! note that this is a bitfield!!!
+Group: 0
+Score: 800

$Name: Skull Hunter		;! Object #2
$Class: NTF Iceni
$Alt: United Pirate Coalition

$Team: Hostile
$Location: 18389.746094, -401.985809, 7937.240234
$Orientation:
	0.497571, -0.000000, 0.867423,
	0.000000, 1.000000, 0.000000,
	-0.867423, 0.000000, 0.497571
$AI Behavior: None
$AI Goals: ( goals ( ai-chase "Stargazer" 50 ) )
$Cargo 1:  XSTR("Nothing", -1)
+Initial Hull: 100
+Initial Shields: 100
+Subsystem: Pilot
+Subsystem: turret01a
+Primary Banks: ( "" )
+Subsystem: turret02
+Subsystem: turret03
+Subsystem: turret04
+Subsystem: turret05
+Subsystem: turret06
+Subsystem: turret07
+Subsystem: turret08
+Subsystem: turret09
+Subsystem: turret10
+Subsystem: turret11a
+Primary Banks: ( "Shivan Mega Laser" )
+Subsystem: turret12
+Subsystem: turret13
+Subsystem: turret14
+Subsystem: turret15
+Subsystem: turret16
+Sbank Ammo: ( 0 )
+Subsystem: turret17
+Subsystem: turret18
+Sbank Ammo: ( 0 )
+Subsystem: turret19
+Subsystem: turret20
+Sbank Ammo: ( 0 )
+Subsystem: turret21a
+Subsystem: turret22a
+Subsystem: turret23a
+Subsystem: turret24a
+Subsystem: turret25a
+Sbank Ammo: ( 0 )
+Subsystem: engine01
$Damage: 25
$Arrival Location: Hyperspace
$Arrival Cue: ( true ) 
$Departure Location: Hyperspace
$Departure Cue: ( < ( hits-left "Skull Hunter" ) 10 ) 
$Determination: 10
+Flags: ( "cargo-known" "no-shields" )
+Flags2: ( )
+Respawn priority: 0
+Special Hitpoints: 150000
+Orders Accepted: 1		;! note that this is a bitfield!!!
+Group: 0
+Use Table Score:
+Score: 300

$Name: Vargi 1		;! Object #3
$Class: UPC Scorpion
$Team: Hostile
$Location: 17286.402344, -0.000575, 7775.932129
$Orientation:
	0.497571, -0.000000, 0.867423,
	0.000000, 1.000000, 0.000000,
	-0.867423, 0.000000, 0.497571
$AI Behavior: None
$Cargo 1:  XSTR("Nothing", -1)
+Initial Hull: 100
+Subsystem: Pilot
$Arrival Location: Hyperspace
$Arrival Cue: ( false ) 
$Departure Location: Hyperspace
$Departure Cue: ( false ) 
$Determination: 10
+Flags: ( "cargo-known" )
+Flags2: ( )
+Respawn priority: 0
+Group: 0
+Use Table Score:
+Score: 12

$Name: Vargi 2		;! Object #4
$Class: UPC Scorpion
$Team: Hostile
$Location: 17298.074219, -0.000575, 7715.961426
$Orientation:
	0.497571, -0.000000, 0.867423,
	0.000000, 1.000000, 0.000000,
	-0.867423, 0.000000, 0.497571
$AI Behavior: None
$Cargo 1:  XSTR("Nothing", -1)
+Initial Hull: 100
+Subsystem: Pilot
$Arrival Location: Hyperspace
$Arrival Cue: ( false ) 
$Departure Location: Hyperspace
$Departure Cue: ( false ) 
$Determination: 10
+Flags: ( "cargo-known" )
+Flags2: ( )
+Respawn priority: 0
+Group: 0
+Use Table Score:
+Score: 12

$Name: Vargi 3		;! Object #5
$Class: UPC Scorpion
$Team: Hostile
$Location: 17339.683594, -0.000430, 7806.444336
$Orientation:
	0.497571, -0.000000, 0.867423,
	0.000000, 1.000000, 0.000000,
	-0.867423, 0.000000, 0.497571
$AI Behavior: None
$Cargo 1:  XSTR("Nothing", -1)
+Initial Hull: 100
+Subsystem: Pilot
$Arrival Location: Hyperspace
$Arrival Cue: ( false ) 
$Departure Location: Hyperspace
$Departure Cue: ( false ) 
$Determination: 10
+Flags: ( "cargo-known" )
+Flags2: ( )
+Respawn priority: 0
+Group: 0
+Use Table Score:
+Score: 12

$Name: Pirate Strikers 1		;! Object #6
$Class: UPC Raider
$Team: Hostile
$Location: 18293.132813, 0.000125, 6844.939453
$Orientation:
	0.497571, -0.000000, 0.867423,
	0.000000, 1.000000, 0.000000,
	-0.867423, 0.000000, 0.497571
$AI Behavior: None
$Cargo 1:  XSTR("Nothing", -1)
+Initial Hull: 100
+Subsystem: Pilot
$Arrival Location: Hyperspace
$Arrival Cue: ( false ) 
$Departure Location: Hyperspace
$Departure Cue: ( false ) 
$Determination: 10
+Flags: ( "cargo-known" )
+Flags2: ( "hide-ship-name" )
+Respawn priority: 0
+Group: 0
+Score: 12

$Name: Pirate Strikers 2		;! Object #7
$Class: UPC Raider
$Team: Hostile
$Location: 18290.550781, 0.000125, 6866.501953
$Orientation:
	0.497571, -0.000000, 0.867423,
	0.000000, 1.000000, 0.000000,
	-0.867423, 0.000000, 0.497571
$AI Behavior: None
$Cargo 1:  XSTR("Nothing", -1)
+Initial Hull: 100
+Subsystem: Pilot
$Arrival Location: Hyperspace
$Arrival Cue: ( false ) 
$Departure Location: Hyperspace
$Departure Cue: ( false ) 
$Determination: 10
+Flags: ( "cargo-known" )
+Flags2: ( "hide-ship-name" )
+Respawn priority: 0
+Group: 0
+Score: 12

$Name: Fenrir 1		;! Object #8
$Class: GTF Perseus
$Alt: Skull Demons

$Team: Hostile
$Location: 563.140259, 0.000000, 17534.923828
$Orientation:
	0.497571, -0.000000, 0.867423,
	0.000000, 1.000000, 0.000000,
	-0.867423, 0.000000, 0.497571
$AI Behavior: None
+AI Class: Lieutenant
$Cargo 1:  XSTR("Nothing", -1)
+Initial Hull: 100
+Subsystem: Pilot
+Secondary Banks: ( "Rockeye D" "Tempest" )
$Arrival Location: Hyperspace
$Arrival Cue: ( false ) 
$Departure Location: Hyperspace
$Departure Cue: ( false ) 
$Determination: 10
+Flags: ( "cargo-known" )
+Flags2: ( )
+Respawn priority: 0
+Group: 0
+Score: 12

$Name: Fenrir 3		;! Object #9
$Class: GTF Perseus
$Alt: Skull Demons

$Team: Hostile
$Location: 688.262695, 0.000000, 17488.845703
$Orientation:
	0.497571, -0.000000, 0.867423,
	0.000000, 1.000000, 0.000000,
	-0.867423, 0.000000, 0.497571
$AI Behavior: None
+AI Class: Lieutenant
$Cargo 1:  XSTR("Nothing", -1)
+Initial Hull: 100
+Subsystem: Pilot
+Secondary Banks: ( "Rockeye D" "Tempest" )
$Arrival Location: Hyperspace
$Arrival Cue: ( false ) 
$Departure Location: Hyperspace
$Departure Cue: ( false ) 
$Determination: 10
+Flags: ( "cargo-known" )
+Flags2: ( )
+Respawn priority: 0
+Group: 0
+Score: 12

$Name: Fenrir 4		;! Object #10
$Class: GTF Perseus
$Alt: Skull Demons

$Team: Hostile
$Location: 561.944580, 0.000000, 17687.046875
$Orientation:
	0.497571, -0.000000, 0.867423,
	0.000000, 1.000000, 0.000000,
	-0.867423, 0.000000, 0.497571
$AI Behavior: None
+AI Class: Lieutenant
$Cargo 1:  XSTR("Nothing", -1)
+Initial Hull: 100
+Subsystem: Pilot
+Secondary Banks: ( "Rockeye D" "Tempest" )
$Arrival Location: Hyperspace
$Arrival Cue: ( false ) 
$Departure Location: Hyperspace
$Departure Cue: ( false ) 
$Determination: 10
+Flags: ( "cargo-known" )
+Flags2: ( )
+Respawn priority: 0
+Group: 0
+Score: 12

$Name: Fenrir 2		;! Object #11
$Class: GTF Perseus
$Alt: Skull Demons

$Team: Hostile
$Location: 687.139648, 0.000000, 17651.214844
$Orientation:
	0.497571, -0.000000, 0.867423,
	0.000000, 1.000000, 0.000000,
	-0.867423, 0.000000, 0.497571
$AI Behavior: None
+AI Class: Lieutenant
$Cargo 1:  XSTR("Nothing", -1)
+Initial Hull: 100
+Subsystem: Pilot
+Secondary Banks: ( "Rockeye D" "Tempest" )
$Arrival Location: Hyperspace
$Arrival Cue: ( false ) 
$Departure Location: Hyperspace
$Departure Cue: ( false ) 
$Determination: 10
+Flags: ( "cargo-known" )
+Flags2: ( )
+Respawn priority: 0
+Group: 0
+Score: 12

$Name: Freyja 1		;! Object #12
$Class: GTF Erinyes
$Alt: Skull Demons

$Team: Hostile
$Location: 972.276733, -0.000762, 17034.498047
$Orientation:
	0.497571, -0.000000, 0.867423,
	0.000000, 1.000000, 0.000000,
	-0.867423, 0.000000, 0.497571
$AI Behavior: None
$AI Goals: ( goals ( ai-chase "alpha 1" 50 ) )
$Cargo 1:  XSTR("Nothing", -1)
+Initial Hull: 100
+Subsystem: Pilot
$Arrival Location: Hyperspace
$Arrival Cue: ( false ) 
$Departure Location: Hyperspace
$Departure Cue: ( false ) 
$Determination: 10
+Flags: ( "cargo-known" )
+Flags2: ( )
+Respawn priority: 0
+Group: 0
+Use Table Score:
+Score: 12

$Name: Freyja 2		;! Object #13
$Class: GTF Erinyes
$Alt: Skull Demons

$Team: Hostile
$Location: 947.246948, -0.000762, 17131.033203
$Orientation:
	0.497571, -0.000000, 0.867423,
	0.000000, 1.000000, 0.000000,
	-0.867423, 0.000000, 0.497571
$AI Behavior: None
$AI Goals: ( goals ( ai-chase "alpha 1" 50 ) )
$Cargo 1:  XSTR("Nothing", -1)
+Initial Hull: 100
+Subsystem: Pilot
$Arrival Location: Hyperspace
$Arrival Cue: ( false ) 
$Departure Location: Hyperspace
$Departure Cue: ( false ) 
$Determination: 10
+Flags: ( "cargo-known" )
+Flags2: ( )
+Respawn priority: 0
+Group: 0
+Use Table Score:
+Score: 12

$Name: Freyja 3		;! Object #14
$Class: GTF Erinyes
$Alt: Skull Demons

$Team: Hostile
$Location: 1065.861084, -0.000762, 17034.390625
$Orientation:
	0.497571, -0.000000, 0.867423,
	0.000000, 1.000000, 0.000000,
	-0.867423, 0.000000, 0.497571
$AI Behavior: None
$AI Goals: ( goals ( ai-chase "alpha 1" 50 ) )
$Cargo 1:  XSTR("Nothing", -1)
+Initial Hull: 100
+Subsystem: Pilot
$Arrival Location: Hyperspace
$Arrival Cue: ( false ) 
$Departure Location: Hyperspace
$Departure Cue: ( false ) 
$Determination: 10
+Flags: ( "cargo-known" )
+Flags2: ( )
+Respawn priority: 0
+Group: 0
+Use Table Score:
+Score: 12

$Name: Freyja 4		;! Object #15
$Class: GTF Erinyes
$Alt: Skull Demons

$Team: Hostile
$Location: 1042.364990, -0.000762, 16954.560547
$Orientation:
	0.497571, -0.000000, 0.867423,
	0.000000, 1.000000, 0.000000,
	-0.867423, 0.000000, 0.497571
$AI Behavior: None
$AI Goals: ( goals ( ai-chase "alpha 1" 50 ) )
$Cargo 1:  XSTR("Nothing", -1)
+Initial Hull: 100
+Subsystem: Pilot
$Arrival Location: Hyperspace
$Arrival Cue: ( false ) 
$Departure Location: Hyperspace
$Departure Cue: ( false ) 
$Determination: 10
+Flags: ( "cargo-known" )
+Flags2: ( )
+Respawn priority: 0
+Group: 0
+Use Table Score:
+Score: 12

$Name: Roskva 1		;! Object #16
$Class: GTF Myrmidon
$Alt: Skull Demons

$Team: Hostile
$Location: 1641.486084, 0.000000, 18910.804688
$Orientation:
	0.497571, -0.000000, 0.867423,
	0.000000, 1.000000, 0.000000,
	-0.867423, 0.000000, 0.497571
$AI Behavior: None
+AI Class: Lieutenant
$Cargo 1:  XSTR("Nothing", -1)
+Initial Velocity: 33
+Initial Hull: 100
+Subsystem: Pilot
+Secondary Banks: ( "Rockeye" "Rockeye" "Tempest" )
$Arrival Location: Hyperspace
$Arrival Cue: ( false ) 
$Departure Location: Hyperspace
$Departure Cue: ( false ) 
$Determination: 10
+Flags: ( "cargo-known" )
+Flags2: ( )
+Respawn priority: 0
+Group: 0
+Use Table Score:
+Score: 10

$Name: Roskva 2		;! Object #17
$Class: GTF Myrmidon
$Alt: Skull Demons

$Team: Hostile
$Location: 1619.042358, 0.000000, 18952.351563
$Orientation:
	0.497571, -0.000000, 0.867423,
	0.000000, 1.000000, 0.000000,
	-0.867423, 0.000000, 0.497571
$AI Behavior: None
+AI Class: Lieutenant
$Cargo 1:  XSTR("Nothing", -1)
+Initial Velocity: 33
+Initial Hull: 100
+Subsystem: Pilot
+Secondary Banks: ( "Rockeye" "Rockeye" "Tempest" )
$Arrival Location: Hyperspace
$Arrival Cue: ( false ) 
$Departure Location: Hyperspace
$Departure Cue: ( false ) 
$Determination: 10
+Flags: ( "cargo-known" )
+Flags2: ( )
+Respawn priority: 0
+Group: 0
+Use Table Score:
+Score: 10

$Name: Roskva 3		;! Object #18
$Class: GTF Myrmidon
$Alt: Skull Demons

$Team: Hostile
$Location: 1590.147949, 0.000000, 18898.164063
$Orientation:
	0.497571, -0.000000, 0.867423,
	0.000000, 1.000000, 0.000000,
	-0.867423, 0.000000, 0.497571
$AI Behavior: None
+AI Class: Lieutenant
$Cargo 1:  XSTR("Nothing", -1)
+Initial Velocity: 33
+Initial Hull: 100
+Subsystem: Pilot
+Secondary Banks: ( "Rockeye" "Rockeye" "Tempest" )
$Arrival Location: Hyperspace
$Arrival Cue: ( false ) 
$Departure Location: Hyperspace
$Departure Cue: ( false ) 
$Determination: 10
+Flags: ( "cargo-known" )
+Flags2: ( )
+Respawn priority: 0
+Group: 0
+Use Table Score:
+Score: 10

$Name: Roskva 4		;! Object #19
$Class: GTF Myrmidon
$Alt: Skull Demons

$Team: Hostile
$Location: 1541.063110, 0.000000, 18954.923828
$Orientation:
	0.497571, -0.000000, 0.867423,
	0.000000, 1.000000, 0.000000,
	-0.867423, 0.000000, 0.497571
$AI Behavior: None
+AI Class: Lieutenant
$Cargo 1:  XSTR("Nothing", -1)
+Initial Velocity: 33
+Initial Hull: 100
+Subsystem: Pilot
+Secondary Banks: ( "Rockeye" "Rockeye" "Tempest" )
$Arrival Location: Hyperspace
$Arrival Cue: ( false ) 
$Departure Location: Hyperspace
$Departure Cue: ( false ) 
$Determination: 10
+Flags: ( "cargo-known" )
+Flags2: ( )
+Respawn priority: 0
+Group: 0
+Use Table Score:
+Score: 10

$Name: Skadi 1		;! Object #20
$Class: GTF Hercules Mark II
$Alt: Skull Demons

$Team: Hostile
$Location: 1311.175293, 0.000000, 19353.972656
$Orientation:
	0.497571, -0.000000, 0.867423,
	0.000000, 1.000000, 0.000000,
	-0.867423, 0.000000, 0.497571
$AI Behavior: None
$Cargo 1:  XSTR("Nothing", -1)
+Initial Hull: 100
+Subsystem: Pilot
$Arrival Location: Hyperspace
$Arrival Cue: ( false ) 
$Departure Location: Hyperspace
$Departure Cue: ( false ) 
$Determination: 10
+Flags: ( "cargo-known" )
+Flags2: ( )
+Respawn priority: 0
+Group: 0
+Use Table Score:
+Score: 12

$Name: Skadi 2		;! Object #21
$Class: GTF Hercules Mark II
$Alt: Skull Demons

$Team: Hostile
$Location: 1300.150635, 0.000000, 19447.285156
$Orientation:
	0.497571, -0.000000, 0.867423,
	0.000000, 1.000000, 0.000000,
	-0.867423, 0.000000, 0.497571
$AI Behavior: None
$Cargo 1:  XSTR("Nothing", -1)
+Initial Hull: 100
+Subsystem: Pilot
$Arrival Location: Hyperspace
$Arrival Cue: ( false ) 
$Departure Location: Hyperspace
$Departure Cue: ( false ) 
$Determination: 10
+Flags: ( "cargo-known" )
+Flags2: ( )
+Respawn priority: 0
+Group: 0
+Use Table Score:
+Score: 12

$Name: Skadi 3		;! Object #22
$Class: GTF Hercules Mark II
$Alt: Skull Demons

$Team: Hostile
$Location: 1410.262451, 0.000000, 19383.308594
$Orientation:
	0.497571, -0.000000, 0.867423,
	0.000000, 1.000000, 0.000000,
	-0.867423, 0.000000, 0.497571
$AI Behavior: None
$Cargo 1:  XSTR("Nothing", -1)
+Initial Hull: 100
+Subsystem: Pilot
$Arrival Location: Hyperspace
$Arrival Cue: ( false ) 
$Departure Location: Hyperspace
$Departure Cue: ( false ) 
$Determination: 10
+Flags: ( "cargo-known" )
+Flags2: ( )
+Respawn priority: 0
+Group: 0
+Use Table Score:
+Score: 12

$Name: Skadi 4		;! Object #23
$Class: GTF Hercules Mark II
$Alt: Skull Demons

$Team: Hostile
$Location: 1405.546753, 0.000000, 19495.222656
$Orientation:
	0.497571, -0.000000, 0.867423,
	0.000000, 1.000000, 0.000000,
	-0.867423, 0.000000, 0.497571
$AI Behavior: None
$Cargo 1:  XSTR("Nothing", -1)
+Initial Hull: 100
+Subsystem: Pilot
$Arrival Location: Hyperspace
$Arrival Cue: ( false ) 
$Departure Location: Hyperspace
$Departure Cue: ( false ) 
$Determination: 10
+Flags: ( "cargo-known" )
+Flags2: ( )
+Respawn priority: 0
+Group: 0
+Use Table Score:
+Score: 12

$Name: Spectre		;! Object #24
$Class: GTC Fenris
$Alt: United Pirate Coalition

$Team: Hostile
$Location: 5058.786621, 1785.095459, 11239.550781
$Orientation:
	0.756489, 0.000000, -0.654006,
	0.222064, 0.940590, 0.256861,
	0.615152, -0.339543, 0.711546
$AI Behavior: None
$AI Goals: ( goals ( ai-waypoints-once "Waypoint path 3" 89 ) )
$Cargo 1:  XSTR("Nothing", -1)
+Initial Hull: 100
+Initial Shields: 100
+Subsystem: Pilot
+Subsystem: turret01
+Subsystem: turret02
+Subsystem: turret03
+Subsystem: turret04
+Subsystem: turret05
+Subsystem: turret06
+Subsystem: turret07
+Subsystem: turret08
+Subsystem: turret09a-01-main
$Arrival Location: Hyperspace
$Arrival Cue: ( < 
   ( distance 
      "Stargazer" 
      "Spectre Cue:1" 
   )
   4000 
)
$Departure Location: Hyperspace
+Departure delay: 20
$Departure Cue: ( has-departed-delay 0 "Stargazer" ) 
$Determination: 10
+Flags: ( "cargo-known" "no-shields" )
+Flags2: ( )
+Respawn priority: 0
+Special Hitpoints: 30000
+Orders Accepted: 1		;! note that this is a bitfield!!!
+Group: 0
+Use Table Score:
+Score: 100

$Name: Anubis		;! Object #25
$Class: GTC Fenris
$Alt: United Pirate Coalition

$Team: Hostile
$Location: 7624.488281, -1714.904541, 18430.564453
$Orientation:
	-0.877337, 0.000000, -0.479875,
	-0.220559, 0.888117, 0.403240,
	0.426185, 0.459618, -0.779178
$AI Behavior: None
$AI Goals: ( goals ( ai-waypoints-once "Waypoint path 5" 89 ) )
$Cargo 1:  XSTR("Nothing", -1)
+Initial Velocity: 33
+Initial Hull: 100
+Initial Shields: 100
+Subsystem: Pilot
+Subsystem: turret01
+Subsystem: turret02
+Subsystem: turret03
+Subsystem: turret04
+Subsystem: turret05
+Subsystem: turret06
+Subsystem: turret07
+Subsystem: turret08
+Subsystem: turret09a-01-main
$Arrival Location: Hyperspace
$Arrival Cue: ( < 
   ( distance "Stargazer" "Anubis Cue:1" ) 
   4000 
)
$Departure Location: Hyperspace
+Departure delay: 15
$Departure Cue: ( has-departed-delay 0 "Stargazer" ) 
$Determination: 10
+Flags: ( "cargo-known" "no-shields" )
+Flags2: ( )
+Respawn priority: 0
+Special Hitpoints: 20000
+Orders Accepted: 1		;! note that this is a bitfield!!!
+Group: 0
+Use Table Score:
+Score: 100

$Name: Poltergeist		;! Object #26
$Class: GTC Fenris
$Alt: United Pirate Coalition

$Team: Hostile
$Location: 2217.819824, -814.703064, 12271.713867
$Orientation:
	0.070910, 0.000000, -0.997483,
	-0.094707, 0.995482, -0.006733,
	0.992976, 0.094946, 0.070589
$AI Behavior: None
$AI Goals: ( goals ( ai-chase "Stargazer" 89 ) )
$Cargo 1:  XSTR("Nothing", -1)
+Initial Velocity: 33
+Initial Hull: 100
+Initial Shields: 100
+Subsystem: Pilot
+Subsystem: turret01
+Subsystem: turret02
+Subsystem: turret03
+Subsystem: turret04
+Subsystem: turret05
+Subsystem: turret06
+Subsystem: turret07
+Subsystem: turret08
+Subsystem: turret09a-01-main
$Arrival Location: Hyperspace
+Arrival Delay: 30
$Arrival Cue: ( has-arrived-delay 0 "Anubis" ) 
$Departure Location: Hyperspace
+Departure delay: 30
$Departure Cue: ( or 
   ( is-subsystem-destroyed-delay 
      "Poltergeist" 
      "turret02" 
      0 
   )
   ( has-departed-delay 0 "Stargazer" ) 
)
$Determination: 10
+Flags: ( "cargo-known" "no-shields" )
+Flags2: ( )
+Respawn priority: 0
+Special Hitpoints: 30000
+Orders Accepted: 1		;! note that this is a bitfield!!!
+Group: 0
+Use Table Score:
+Score: 100

$Name: Semerket		;! Object #27
$Class: GTC Fenris
$Alt: United Pirate Coalition

$Team: Hostile
$Location: 5847.376953, 911.641846, 20890.294922
$Orientation:
	-0.853566, 0.000000, -0.520984,
	0.050357, 0.995318, -0.082504,
	0.518545, -0.096658, -0.849570
$AI Behavior: None
$AI Goals: ( goals ( ai-chase "Stargazer" 89 ) )
$Cargo 1:  XSTR("Nothing", -1)
+Initial Velocity: 33
+Initial Hull: 100
+Initial Shields: 100
+Subsystem: Pilot
+Subsystem: turret01
+Subsystem: turret02
+Subsystem: turret03
+Subsystem: turret04
+Subsystem: turret05
+Subsystem: turret06
+Subsystem: turret07
+Subsystem: turret08
+Subsystem: turret09a-01-main
+Sbank Ammo: ( 0 )
$Arrival Location: Hyperspace
+Arrival Delay: 32
$Arrival Cue: ( has-arrived-delay 0 "Anubis" ) 
$Departure Location: Hyperspace
+Departure delay: 33
$Departure Cue: ( or 
   ( is-subsystem-destroyed-delay 
      "Semerket" 
      "turret02" 
      0 
   )
   ( has-departed-delay 0 "Stargazer" ) 
)
$Determination: 10
+Flags: ( "cargo-known" "no-shields" )
+Flags2: ( )
+Respawn priority: 0
+Special Hitpoints: 30000
+Orders Accepted: 1		;! note that this is a bitfield!!!
+Group: 0
+Use Table Score:
+Score: 100

$Name: Baldr 1		;! Object #28
$Class: UPC Scorpion
$Team: Hostile
$Location: 17451.421875, 0.000373, 7742.064941
$Orientation:
	1.000000, 0.000000, 0.000000,
	0.000000, 1.000000, 0.000000,
	0.000000, 0.000000, 1.000000
$AI Behavior: None
$Cargo 1:  XSTR("Nothing", -1)
+Initial Velocity: 33
+Initial Hull: 100
+Subsystem: Pilot
$Arrival Location: Hyperspace
$Arrival Cue: ( false ) 
$Departure Location: Hyperspace
$Departure Cue: ( false ) 
$Determination: 10
+Flags: ( "cargo-known" )
+Flags2: ( )
+Respawn priority: 0
+Group: 0
+Use Table Score:
+Score: 12

$Name: Baldr 2		;! Object #29
$Class: UPC Scorpion
$Team: Hostile
$Location: 17415.722656, 0.000204, 7664.002930
$Orientation:
	1.000000, 0.000000, 0.000000,
	0.000000, 1.000000, 0.000000,
	0.000000, 0.000000, 1.000000
$AI Behavior: None
$Cargo 1:  XSTR("Nothing", -1)
+Initial Velocity: 33
+Initial Hull: 100
+Subsystem: Pilot
$Arrival Location: Hyperspace
$Arrival Cue: ( false ) 
$Departure Location: Hyperspace
$Departure Cue: ( false ) 
$Determination: 10
+Flags: ( "cargo-known" )
+Flags2: ( )
+Respawn priority: 0
+Group: 0
+Use Table Score:
+Score: 12

$Name: Baldr 3		;! Object #30
$Class: UPC Scorpion
$Team: Hostile
$Location: 17388.375000, 0.000862, 7734.537598
$Orientation:
	1.000000, 0.000000, 0.000000,
	0.000000, 1.000000, 0.000000,
	0.000000, 0.000000, 1.000000
$AI Behavior: None
$Cargo 1:  XSTR("Nothing", -1)
+Initial Velocity: 33
+Initial Hull: 100
+Subsystem: Pilot
$Arrival Location: Hyperspace
$Arrival Cue: ( false ) 
$Departure Location: Hyperspace
$Departure Cue: ( false ) 
$Determination: 10
+Flags: ( "cargo-known" )
+Flags2: ( )
+Respawn priority: 0
+Group: 0
+Use Table Score:
+Score: 12

$Name: Grida 1		;! Object #31
$Class: UPC Scorpion
$Team: Hostile
$Location: 17568.855469, 0.000378, 8058.273438
$Orientation:
	1.000000, 0.000000, 0.000000,
	0.000000, 1.000000, 0.000000,
	0.000000, 0.000000, 1.000000
$AI Behavior: None
$Cargo 1:  XSTR("Nothing", -1)
+Initial Velocity: 33
+Initial Hull: 100
+Subsystem: Pilot
$Arrival Location: Hyperspace
$Arrival Cue: ( false ) 
$Departure Location: Hyperspace
$Departure Cue: ( false ) 
$Determination: 10
+Flags: ( "cargo-known" )
+Flags2: ( )
+Respawn priority: 0
+Group: 0
+Use Table Score:
+Score: 12

$Name: Grida 2		;! Object #32
$Class: UPC Scorpion
$Team: Hostile
$Location: 17550.593750, 0.000350, 8024.958984
$Orientation:
	1.000000, 0.000000, 0.000000,
	0.000000, 1.000000, 0.000000,
	0.000000, 0.000000, 1.000000
$AI Behavior: None
$Cargo 1:  XSTR("Nothing", -1)
+Initial Velocity: 33
+Initial Hull: 100
+Subsystem: Pilot
$Arrival Location: Hyperspace
$Arrival Cue: ( false ) 
$Departure Location: Hyperspace
$Departure Cue: ( false ) 
$Determination: 10
+Flags: ( "cargo-known" )
+Flags2: ( )
+Respawn priority: 0
+Group: 0
+Use Table Score:
+Score: 12

$Name: Grida 3		;! Object #33
$Class: UPC Scorpion
$Team: Hostile
$Location: 17586.562500, 0.000338, 8007.364746
$Orientation:
	1.000000, 0.000000, 0.000000,
	0.000000, 1.000000, 0.000000,
	0.000000, 0.000000, 1.000000
$AI Behavior: None
$Cargo 1:  XSTR("Nothing", -1)
+Initial Velocity: 33
+Initial Hull: 100
+Subsystem: Pilot
$Arrival Location: Hyperspace
$Arrival Cue: ( false ) 
$Departure Location: Hyperspace
$Departure Cue: ( false ) 
$Determination: 10
+Flags: ( "cargo-known" )
+Flags2: ( )
+Respawn priority: 0
+Group: 0
+Use Table Score:
+Score: 12

$Name: Grida 4		;! Object #34
$Class: UPC Scorpion
$Team: Hostile
$Location: 17605.488281, 0.000253, 8043.375000
$Orientation:
	1.000000, 0.000000, 0.000000,
	0.000000, 1.000000, 0.000000,
	0.000000, 0.000000, 1.000000
$AI Behavior: None
$Cargo 1:  XSTR("Nothing", -1)
+Initial Velocity: 33
+Initial Hull: 100
+Subsystem: Pilot
$Arrival Location: Hyperspace
$Arrival Cue: ( false ) 
$Departure Location: Hyperspace
$Departure Cue: ( false ) 
$Determination: 10
+Flags: ( "cargo-known" )
+Flags2: ( )
+Respawn priority: 0
+Group: 0
+Use Table Score:
+Score: 12

$Name: Hersir 1		;! Object #35
$Class: UPC Scorpion
$Team: Hostile
$Location: 17539.660156, 0.000747, 7894.183594
$Orientation:
	1.000000, 0.000000, 0.000000,
	0.000000, 1.000000, 0.000000,
	0.000000, 0.000000, 1.000000
$AI Behavior: None
$Cargo 1:  XSTR("Nothing", -1)
+Initial Velocity: 33
+Initial Hull: 100
+Subsystem: Pilot
$Arrival Location: Hyperspace
$Arrival Cue: ( false ) 
$Departure Location: Hyperspace
$Departure Cue: ( false ) 
$Determination: 10
+Flags: ( "cargo-known" )
+Flags2: ( )
+Respawn priority: 0
+Group: 0
+Use Table Score:
+Score: 12

$Name: Hersir 2		;! Object #36
$Class: UPC Scorpion
$Team: Hostile
$Location: 17514.714844, 0.000694, 7844.542969
$Orientation:
	1.000000, 0.000000, 0.000000,
	0.000000, 1.000000, 0.000000,
	0.000000, 0.000000, 1.000000
$AI Behavior: None
$Cargo 1:  XSTR("Nothing", -1)
+Initial Velocity: 33
+Initial Hull: 100
+Subsystem: Pilot
$Arrival Location: Hyperspace
$Arrival Cue: ( false ) 
$Departure Location: Hyperspace
$Departure Cue: ( false ) 
$Determination: 10
+Flags: ( "cargo-known" )
+Flags2: ( )
+Respawn priority: 0
+Group: 0
+Use Table Score:
+Score: 12

$Name: Hersir 3		;! Object #37
$Class: UPC Scorpion
$Team: Hostile
$Location: 17483.089844, 0.000498, 7890.406250
$Orientation:
	1.000000, 0.000000, 0.000000,
	0.000000, 1.000000, 0.000000,
	0.000000, 0.000000, 1.000000
$AI Behavior: None
$Cargo 1:  XSTR("Nothing", -1)
+Initial Velocity: 33
+Initial Hull: 100
+Subsystem: Pilot
$Arrival Location: Hyperspace
$Arrival Cue: ( false ) 
$Departure Location: Hyperspace
$Departure Cue: ( false ) 
$Determination: 10
+Flags: ( "cargo-known" )
+Flags2: ( )
+Respawn priority: 0
+Group: 0
+Use Table Score:
+Score: 12

$Name: Loki 1		;! Object #38
$Class: UPC Scorpion
$Team: Hostile
$Location: 17384.636719, -0.000404, 7965.797852
$Orientation:
	1.000000, 0.000000, 0.000000,
	0.000000, 1.000000, 0.000000,
	0.000000, 0.000000, 1.000000
$AI Behavior: None
$Cargo 1:  XSTR("Nothing", -1)
+Initial Velocity: 33
+Initial Hull: 100
+Subsystem: Pilot
$Arrival Location: Hyperspace
$Arrival Cue: ( false ) 
$Departure Location: Hyperspace
$Departure Cue: ( false ) 
$Determination: 10
+Flags: ( "cargo-known" )
+Flags2: ( )
+Respawn priority: 0
+Group: 0
+Use Table Score:
+Score: 12

$Name: Loki 2		;! Object #39
$Class: UPC Scorpion
$Team: Hostile
$Location: 17363.238281, -0.000428, 7931.031250
$Orientation:
	1.000000, 0.000000, 0.000000,
	0.000000, 1.000000, 0.000000,
	0.000000, 0.000000, 1.000000
$AI Behavior: None
$Cargo 1:  XSTR("Nothing", -1)
+Initial Velocity: 33
+Initial Hull: 100
+Subsystem: Pilot
$Arrival Location: Hyperspace
$Arrival Cue: ( false ) 
$Departure Location: Hyperspace
$Departure Cue: ( false ) 
$Determination: 10
+Flags: ( "cargo-known" )
+Flags2: ( )
+Respawn priority: 0
+Group: 0
+Use Table Score:
+Score: 12

$Name: Loki 3		;! Object #40
$Class: UPC Scorpion
$Team: Hostile
$Location: 17414.582031, -0.000337, 7903.144531
$Orientation:
	1.000000, 0.000000, 0.000000,
	0.000000, 1.000000, 0.000000,
	0.000000, 0.000000, 1.000000
$AI Behavior: None
$Cargo 1:  XSTR("Nothing", -1)
+Initial Velocity: 33
+Initial Hull: 100
+Subsystem: Pilot
$Arrival Location: Hyperspace
$Arrival Cue: ( false ) 
$Departure Location: Hyperspace
$Departure Cue: ( false ) 
$Determination: 10
+Flags: ( "cargo-known" )
+Flags2: ( )
+Respawn priority: 0
+Group: 0
+Use Table Score:
+Score: 12

$Name: Loki 4		;! Object #41
$Class: UPC Scorpion
$Team: Hostile
$Location: 17438.695313, -0.000399, 7939.982422
$Orientation:
	1.000000, 0.000000, 0.000000,
	0.000000, 1.000000, 0.000000,
	0.000000, 0.000000, 1.000000
$AI Behavior: None
$Cargo 1:  XSTR("Nothing", -1)
+Initial Velocity: 33
+Initial Hull: 100
+Subsystem: Pilot
$Arrival Location: Hyperspace
$Arrival Cue: ( false ) 
$Departure Location: Hyperspace
$Departure Cue: ( false ) 
$Determination: 10
+Flags: ( "cargo-known" )
+Flags2: ( )
+Respawn priority: 0
+Group: 0
+Use Table Score:
+Score: 12

$Name: Aenir 1		;! Object #42
$Class: UPC Scorpion
$Team: Hostile
$Location: 17466.281250, 0.000517, 8058.896484
$Orientation:
	1.000000, 0.000000, 0.000000,
	0.000000, 1.000000, 0.000000,
	0.000000, 0.000000, 1.000000
$AI Behavior: None
$Cargo 1:  XSTR("Nothing", -1)
+Initial Velocity: 33
+Initial Hull: 100
+Subsystem: Pilot
$Arrival Location: Hyperspace
$Arrival Cue: ( false ) 
$Departure Location: Hyperspace
$Departure Cue: ( false ) 
$Determination: 10
+Flags: ( "cargo-known" )
+Flags2: ( )
+Respawn priority: 0
+Group: 0
+Use Table Score:
+Score: 12

$Name: Aenir 2		;! Object #43
$Class: UPC Scorpion
$Team: Hostile
$Location: 17502.175781, 0.000542, 8118.548828
$Orientation:
	1.000000, 0.000000, 0.000000,
	0.000000, 1.000000, 0.000000,
	0.000000, 0.000000, 1.000000
$AI Behavior: None
$Cargo 1:  XSTR("Nothing", -1)
+Initial Velocity: 33
+Initial Hull: 100
+Subsystem: Pilot
$Arrival Location: Hyperspace
$Arrival Cue: ( false ) 
$Departure Location: Hyperspace
$Departure Cue: ( false ) 
$Determination: 10
+Flags: ( "cargo-known" )
+Flags2: ( )
+Respawn priority: 0
+Group: 0
+Use Table Score:
+Score: 12

$Name: Aenir 3		;! Object #44
$Class: UPC Scorpion
$Team: Hostile
$Location: 17450.925781, 0.000563, 8109.327637
$Orientation:
	1.000000, 0.000000, 0.000000,
	0.000000, 1.000000, 0.000000,
	0.000000, 0.000000, 1.000000
$AI Behavior: None
$Cargo 1:  XSTR("Nothing", -1)
+Initial Velocity: 33
+Initial Hull: 100
+Subsystem: Pilot
$Arrival Location: Hyperspace
$Arrival Cue: ( false ) 
$Departure Location: Hyperspace
$Departure Cue: ( false ) 
$Determination: 10
+Flags: ( "cargo-known" )
+Flags2: ( )
+Respawn priority: 0
+Group: 0
+Use Table Score:
+Score: 12

$Name: Njord 1		;! Object #45
$Class: UPC Scorpion
$Team: Hostile
$Location: 17550.406250, 0.000366, 7635.283691
$Orientation:
	1.000000, 0.000000, 0.000000,
	0.000000, 1.000000, 0.000000,
	0.000000, 0.000000, 1.000000
$AI Behavior: None
$Cargo 1:  XSTR("Nothing", -1)
+Initial Velocity: 33
+Initial Hull: 100
+Subsystem: Pilot
$Arrival Location: Hyperspace
$Arrival Cue: ( false ) 
$Departure Location: Hyperspace
$Departure Cue: ( false ) 
$Determination: 10
+Flags: ( "cargo-known" )
+Flags2: ( )
+Respawn priority: 0
+Group: 0
+Use Table Score:
+Score: 12

$Name: Njord 2		;! Object #46
$Class: UPC Scorpion
$Team: Hostile
$Location: 17582.625000, 0.000306, 7702.901367
$Orientation:
	1.000000, 0.000000, 0.000000,
	0.000000, 1.000000, 0.000000,
	0.000000, 0.000000, 1.000000
$AI Behavior: None
$Cargo 1:  XSTR("Nothing", -1)
+Initial Velocity: 33
+Initial Hull: 100
+Subsystem: Pilot
$Arrival Location: Hyperspace
$Arrival Cue: ( false ) 
$Departure Location: Hyperspace
$Departure Cue: ( false ) 
$Determination: 10
+Flags: ( "cargo-known" )
+Flags2: ( )
+Respawn priority: 0
+Group: 0
+Use Table Score:
+Score: 12

$Name: Njord 3		;! Object #47
$Class: UPC Scorpion
$Team: Hostile
$Location: 17528.261719, 0.000300, 7696.118164
$Orientation:
	1.000000, 0.000000, 0.000000,
	0.000000, 1.000000, 0.000000,
	0.000000, 0.000000, 1.000000
$AI Behavior: None
$Cargo 1:  XSTR("Nothing", -1)
+Initial Velocity: 33
+Initial Hull: 100
+Subsystem: Pilot
$Arrival Location: Hyperspace
$Arrival Cue: ( false ) 
$Departure Location: Hyperspace
$Departure Cue: ( false ) 
$Determination: 10
+Flags: ( "cargo-known" )
+Flags2: ( )
+Respawn priority: 0
+Group: 0
+Use Table Score:
+Score: 12

$Name: Vanir 1		;! Object #48
$Class: UPC Scorpion
$Team: Hostile
$Location: 17594.296875, 0.000264, 7826.008301
$Orientation:
	1.000000, 0.000000, 0.000000,
	0.000000, 1.000000, 0.000000,
	0.000000, 0.000000, 1.000000
$AI Behavior: None
$Cargo 1:  XSTR("Nothing", -1)
+Initial Velocity: 33
+Initial Hull: 100
+Subsystem: Pilot
$Arrival Location: Hyperspace
$Arrival Cue: ( false ) 
$Departure Location: Hyperspace
$Departure Cue: ( false ) 
$Determination: 10
+Flags: ( "cargo-known" )
+Flags2: ( )
+Respawn priority: 0
+Group: 0
+Use Table Score:
+Score: 12

$Name: Vanir 2		;! Object #49
$Class: UPC Scorpion
$Team: Hostile
$Location: 17616.812500, 0.000286, 7878.963379
$Orientation:
	1.000000, 0.000000, 0.000000,
	0.000000, 1.000000, 0.000000,
	0.000000, 0.000000, 1.000000
$AI Behavior: None
$Cargo 1:  XSTR("Nothing", -1)
+Initial Velocity: 33
+Initial Hull: 100
+Subsystem: Pilot
$Arrival Location: Hyperspace
$Arrival Cue: ( false ) 
$Departure Location: Hyperspace
$Departure Cue: ( false ) 
$Determination: 10
+Flags: ( "cargo-known" )
+Flags2: ( )
+Respawn priority: 0
+Group: 0
+Use Table Score:
+Score: 12

$Name: Vanir 3		;! Object #50
$Class: UPC Scorpion
$Team: Hostile
$Location: 17639.835938, 0.000243, 7810.178711
$Orientation:
	1.000000, 0.000000, 0.000000,
	0.000000, 1.000000, 0.000000,
	0.000000, 0.000000, 1.000000
$AI Behavior: None
$Cargo 1:  XSTR("Nothing", -1)
+Initial Velocity: 33
