#Mission Info

$Version: 0.10
$Name:  XSTR("The War Rages On - Movie", -1)
$Author: Herkie
$Created: 06/11/16 at 09:24:51
$Modified: 03/16/20 at 13:02:47
$Notes:
This is a FRED2_OPEN created mission.
$End Notes:

$Mission Desc:
 XSTR("Put mission description here
", -1)
$end_multi_text
+Game Type Flags: 1
+Flags: 3080
+Fog Near Mult: 1.000000

+Fog Far Mult: 1.000000

+Disallow Support: 1
+Hull Repair Ceiling: 0.000000
+Subsystem Repair Ceiling: 100.000000

+Viewer pos: -11908.409180, 5555.914063, -26277.853516
+Viewer orient:
	-0.608220, -0.000017, 0.793769,
	-0.166311, 0.977807, -0.127414,
	-0.776150, -0.209508, -0.594724


$Load Screen 640:	LoadAct6S.dds
$Load Screen 1024:	LoadAct6L.dds

$Skybox Model: GDPlanet.pof

$AI Profile: FS2 RETAIL

#Sexp_variables

$Variables:
(
		0		"CamATracker"		"0"		"number"
		1		"CamB1Tracker"		"0"		"number"
		2		"CamB2Tracker"		"0"		"number"
		3		"CamDTracker"		"0"		"number"
		4		"SceneSelect"		"0"		"number"
		5		"TransTracker"		"0"		"number"
)

#Command Briefing

#Briefing
$start_briefing
$num_stages: 0
$end_briefing

#Debriefing_info

$Num stages: 0

#Players		;! 1 total

$Starting Shipname: alpha 1
$Ship Choices: (
	"GTF Ulysses"	5
	"GTF Hercules"	5
	"GTF Hercules Mark II"	5
	"GTF Ares"	5
	"GTF Erinyes"	5
	"GTF Loki"	5
	"GTF Pegasus"	5
	"GTF Perseus"	5
	"GTF Myrmidon"	5
	"SF Mara (terrans)"	5
	"GTB Artemis"	5
	"GTB Artemis D.H."	5
	"GTB Medusa"	5
	"GTB Ursa"	5
	"GTB Zeus"	5
	"GTB Boanerges"	5
	"GVF Ptah"	5
	"GTF Enforcer"	5
	"GTF Falcon"	5
	"GTF Sparrow"	5
	"GTF Dark Angel"	5
	"GTF Phoenix"	5
	"GTF Raptor"	5
	"GTB Albatross"	5
	"SOC Eagle"	5
	"GTTB Armageddon"	5
	"SB Seraphim (Terrans)"	5
	"XJR Phantom"	5
	"TF Tiger"	5
	"TF Ghost"	5
	"UPC Raider"	5
	"UPC Scorpion"	5
	"Spacesuit"	5
)

+Weaponry Pool: (
	"Subach HL-7"	17
	"Subach HL-D"	16
	"Mekhu HL-7"	16
	"Mekhu HL-7D"	16
	"Akheton SDG"	16
	"Morning Star"	16
	"MorningStar D"	16
	"Prometheus R"	17
	"Prometheus S"	16
	"Prometheus D"	16
	"Maxim"	16
	"Maxim D"	16
	"UD-8 Kayser"	16
	"UD-D Kayser"	16
	"Circe"	16
	"Lamprey"	16
	"Targeting Laser"	16
	"Skyrail"	16
	"Ripper"	16
	"Devastator"	16
	"Starfury"	16
	"Blizzard"	16
	"Mega Laser"	16
	"Heavy Laser"	16
	"Railgun"	16
	"Ion Cannon#Player"	16
	"AM Cannon"	16
	"Rockeye"	500
	"Rockeye D"	500
	"Tempest"	500
	"Tempest D"	500
	"Hornet"	500
	"Hornet D"	500
	"Hornet#Weak"	500
	"Tornado"	500
	"Tornado D"	500
	"Harpoon"	516
	"Harpoon D"	500
	"Harpoon#Weak"	500
	"Trebuchet"	500
	"TAG-A"	500
	"TAG-B"	500
	"TAG-C"	500
	"Piranha"	500
	"Stiletto II"	500
	"Infyrno"	500
	"Infyrno D"	500
	"Cyclops"	500
	"Cyclops#short"	500
	"Helios"	500
	"EMP Adv."	500
	"Rockeye#Shivan"	500
	"Rockeye D#Shivan"	500
	"Tempest#Shivan"	500
	"Tempest D#Shivan"	500
	"Hornet#Shivan"	500
	"Hornet D#Shivan"	500
	"Hornet#Weak#Shivan"	500
	"Tornado#Shivan"	500
	"Tornado D#Shivan"	500
	"Harpoon#Shivan"	500
	"Harpoon D#Shivan"	500
	"Harpoon#Weak#Shivan"	500
	"Trebuchet#Shivan"	500
	"Piranha#Shivan"	500
	"Shivan Disruptor"	500
	"Shivan Area Bomb"	500
	"Shivan Bomb"	500
	"Shivan Bomb#Short"	500
	"Shivan Megabomb"	500
	"EMP Adv.#Shivan"	500
	"Screamer"	500
	"Hunter"	500
	"Hellstorm"	500
	"Widowmaker"	500
)

#Objects		;! 114 total

$Name: alpha 1		;! Object #0
$Class: GTF Ulysses
$Team: Friendly
$Location: -835.678040, -0.000024, 774.782532
$Orientation:
	-0.661179, 0.000000, 0.750228,
	0.000000, 1.000000, 0.000000,
	-0.750228, 0.000000, -0.661179
$AI Behavior: None
$Cargo 1:  XSTR("Nothing", -1)
+Initial Velocity: 33
+Initial Hull: 100
+Subsystem: Pilot
$Arrival Location: Hyperspace
$Arrival Cue: ( false ) 
$Departure Location: Hyperspace
$Departure Cue: ( false ) 
$Determination: 10
+Flags: ( "cargo-known" "player-start" "invulnerable" "hidden-from-sensors" "stealth" "friendly-stealth-invisible" )
+Flags2: ( "primaries-locked" "secondaries-locked" "lock-all-turrets" "afterburners-locked" "immobile" "cloaked" "ship-locked" "weapons-locked" "no-collide" )
+Respawn priority: 0
+Group: 0
+Use Table Score:
+Score: 8

$Name: Scene A T Fighter 01		;! Object #1
$Class: GTF Perseus
$Team: Friendly
$Location: -39.805893, 10.502266, -285.967163
$Orientation:
	-0.770231, 0.000000, 0.637765,
	0.000000, 1.000000, 0.000000,
	-0.637765, 0.000000, -0.770231
$AI Behavior: None
$AI Goals: ( goals ( ai-waypoints-once "Squadron Point" 90 ) )
$Cargo 1:  XSTR("Nothing", -1)
+Initial Hull: 100
+Subsystem: Pilot
$Arrival Location: Hyperspace
$Arrival Cue: ( true ) 
$Departure Location: Hyperspace
$Departure Cue: ( false ) 
$Determination: 10
+Flags: ( "cargo-known" "no-departure-warp" )
+Flags2: ( )
+Respawn priority: 0
+Orders Accepted: 0		;! note that this is a bitfield!!!
+Group: 0
+Score: 10

$Name: Scene A T Fighter 02		;! Object #2
$Class: GTF Perseus
$Team: Friendly
$Location: -115.261971, -7.083608, -347.395966
$Orientation:
	-0.770231, 0.000000, 0.637765,
	0.000000, 1.000000, 0.000000,
	-0.637765, 0.000000, -0.770231
$AI Behavior: None
$AI Goals: ( goals ( ai-waypoints-once "Squadron Point" 90 ) )
$Cargo 1:  XSTR("Nothing", -1)
+Initial Hull: 100
+Subsystem: Pilot
$Arrival Location: Hyperspace
$Arrival Cue: ( true ) 
$Departure Location: Hyperspace
$Departure Cue: ( false ) 
$Determination: 10
+Flags: ( "cargo-known" "no-departure-warp" )
+Flags2: ( )
+Respawn priority: 0
+Orders Accepted: 0		;! note that this is a bitfield!!!
+Group: 0
+Score: 10

$Name: Scene A T Fighter 03		;! Object #3
$Class: GTF Perseus
$Team: Friendly
$Location: -101.201004, -2.277404, -264.262604
$Orientation:
	-0.770231, 0.000000, 0.637765,
	0.000000, 1.000000, 0.000000,
	-0.637765, 0.000000, -0.770231
$AI Behavior: None
$AI Goals: ( goals ( ai-waypoints-once "Squadron Point" 90 ) )
$Cargo 1:  XSTR("Nothing", -1)
+Initial Hull: 100
+Subsystem: Pilot
$Arrival Location: Hyperspace
$Arrival Cue: ( true ) 
$Departure Location: Hyperspace
$Departure Cue: ( false ) 
$Determination: 10
+Flags: ( "cargo-known" "no-departure-warp" )
+Flags2: ( )
+Respawn priority: 0
+Orders Accepted: 0		;! note that this is a bitfield!!!
+Group: 0
+Score: 10

$Name: Scene A T Fighter 04		;! Object #4
$Class: GTF Perseus
$Team: Friendly
$Location: -194.375427, -15.400969, -245.157928
$Orientation:
	-0.770231, 0.000000, 0.637765,
	0.000000, 1.000000, 0.000000,
	-0.637765, 0.000000, -0.770231
$AI Behavior: None
$AI Goals: ( goals ( ai-waypoints-once "Squadron Point" 90 ) )
$Cargo 1:  XSTR("Nothing", -1)
+Initial Hull: 100
+Subsystem: Pilot
$Arrival Location: Hyperspace
$Arrival Cue: ( true ) 
$Departure Location: Hyperspace
$Departure Cue: ( false ) 
$Determination: 10
+Flags: ( "cargo-known" "no-departure-warp" )
+Flags2: ( )
+Respawn priority: 0
+Orders Accepted: 0		;! note that this is a bitfield!!!
+Group: 0
+Score: 10

$Name: Scene A T Fighter 05		;! Object #5
$Class: GTF Perseus
$Team: Friendly
$Location: -172.667984, 14.799313, -281.118683
$Orientation:
	-0.770231, 0.000000, 0.637765,
	0.000000, 1.000000, 0.000000,
	-0.637765, 0.000000, -0.770231
$AI Behavior: None
$AI Goals: ( goals ( ai-waypoints-once "Squadron Point" 90 ) )
$Cargo 1:  XSTR("Nothing", -1)
+Initial Hull: 100
+Subsystem: Pilot
$Arrival Location: Hyperspace
$Arrival Cue: ( true ) 
$Departure Location: Hyperspace
$Departure Cue: ( false ) 
$Determination: 10
+Flags: ( "cargo-known" "no-departure-warp" )
+Flags2: ( )
+Respawn priority: 0
+Orders Accepted: 0		;! note that this is a bitfield!!!
+Group: 0
+Score: 10

$Name: Scene A T Fighter 06		;! Object #6
$Class: GTF Perseus
$Team: Friendly
$Location: -72.539177, -0.000095, -354.791504
$Orientation:
	-0.770231, 0.000000, 0.637765,
	0.000000, 1.000000, 0.000000,
	-0.637765, 0.000000, -0.770231
$AI Behavior: None
$AI Goals: ( goals ( ai-waypoints-once "Squadron Point" 90 ) )
$Cargo 1:  XSTR("Nothing", -1)
+Initial Hull: 100
+Subsystem: Pilot
$Arrival Location: Hyperspace
$Arrival Cue: ( true ) 
$Departure Location: Hyperspace
$Departure Cue: ( false ) 
$Determination: 10
+Flags: ( "cargo-known" "no-departure-warp" )
+Flags2: ( )
+Respawn priority: 0
+Orders Accepted: 0		;! note that this is a bitfield!!!
+Group: 0
+Score: 10

$Name: Object Focus A		;! Object #7
$Class: GTF Perseus
$Team: Friendly
$Location: -101.076447, -21.191189, -320.004791
$Orientation:
	-0.770231, 0.000000, 0.637765,
	0.000000, 1.000000, 0.000000,
	-0.637765, 0.000000, -0.770231
$AI Behavior: None
$AI Goals: ( goals ( ai-waypoints-once "Squadron Point" 90 ) )
$Cargo 1:  XSTR("Nothing", -1)
+Initial Hull: 100
+Subsystem: Pilot
$Arrival Location: Hyperspace
$Arrival Cue: ( true ) 
$Departure Location: Hyperspace
$Departure Cue: ( false ) 
$Determination: 10
+Flags: ( "cargo-known" "protect-ship" "no-departure-warp" "invulnerable" )
+Flags2: ( "no-collide" )
+Respawn priority: 0
+Orders Accepted: 0		;! note that this is a bitfield!!!
+Group: 0
+Score: 10

$Name: Scene A T Fighter 07		;! Object #8
$Class: GTF Perseus
$Team: Friendly
$Location: -114.105553, 34.854763, -278.280212
$Orientation:
	-0.770231, 0.000000, 0.637765,
	0.000000, 1.000000, 0.000000,
	-0.637765, 0.000000, -0.770231
$AI Behavior: None
$AI Goals: ( goals ( ai-waypoints-once "Squadron Point" 90 ) )
$Cargo 1:  XSTR("Nothing", -1)
+Initial Hull: 100
+Subsystem: Pilot
$Arrival Location: Hyperspace
$Arrival Cue: ( true ) 
$Departure Location: Hyperspace
$Departure Cue: ( false ) 
$Determination: 10
+Flags: ( "cargo-known" "no-departure-warp" )
+Flags2: ( )
+Respawn priority: 0
+Orders Accepted: 0		;! note that this is a bitfield!!!
+Group: 0
+Score: 10

$Name: Scene A T Fighter 08		;! Object #9
$Class: GTF Perseus
$Team: Friendly
$Location: -163.121155, 10.123794, -223.862869
$Orientation:
	-0.770231, 0.000000, 0.637765,
	0.000000, 1.000000, 0.000000,
	-0.637765, 0.000000, -0.770231
$AI Behavior: None
$AI Goals: ( goals ( ai-waypoints-once "Squadron Point" 90 ) )
$Cargo 1:  XSTR("Nothing", -1)
+Initial Hull: 100
+Subsystem: Pilot
$Arrival Location: Hyperspace
$Arrival Cue: ( true ) 
$Departure Location: Hyperspace
$Departure Cue: ( false ) 
$Determination: 10
+Flags: ( "cargo-known" "no-departure-warp" )
+Flags2: ( )
+Respawn priority: 0
+Orders Accepted: 0		;! note that this is a bitfield!!!
+Group: 0
+Score: 10

$Name: Scene A T Fighter 09		;! Object #10
$Class: GTF Myrmidon
$Team: Friendly
$Location: -58.113800, -21.416882, -222.099716
$Orientation:
	-0.770231, 0.000000, 0.637765,
	0.000000, 1.000000, 0.000000,
	-0.637765, 0.000000, -0.770231
$AI Behavior: None
$AI Goals: ( goals ( ai-waypoints-once "Squadron Point" 90 ) )
$Cargo 1:  XSTR("Nothing", -1)
+Initial Hull: 100
+Subsystem: Pilot
$Arrival Location: Hyperspace
$Arrival Cue: ( true ) 
$Departure Location: Hyperspace
$Departure Cue: ( false ) 
$Determination: 10
+Flags: ( "cargo-known" "no-departure-warp" )
+Flags2: ( )
+Respawn priority: 0
+Orders Accepted: 0		;! note that this is a bitfield!!!
+Group: 0
+Score: 50

$Name: Scene A T Fighter 10		;! Object #11
$Class: GTF Perseus
$Team: Friendly
$Location: -57.737892, 17.488241, -245.555817
$Orientation:
	-0.770231, 0.000000, 0.637765,
	0.000000, 1.000000, 0.000000,
	-0.637765, 0.000000, -0.770231
$AI Behavior: None
$AI Goals: ( goals ( ai-waypoints-once "Squadron Point" 90 ) )
$Cargo 1:  XSTR("Nothing", -1)
+Initial Hull: 100
+Subsystem: Pilot
$Arrival Location: Hyperspace
$Arrival Cue: ( true ) 
$Departure Location: Hyperspace
$Departure Cue: ( false ) 
$Determination: 10
+Flags: ( "cargo-known" "no-departure-warp" )
+Flags2: ( )
+Respawn priority: 0
+Orders Accepted: 0		;! note that this is a bitfield!!!
+Group: 0
+Score: 50

$Name: Scene A T Fighter 11		;! Object #12
$Class: GTF Perseus
$Team: Friendly
$Location: -121.801598, -0.000101, -222.675125
$Orientation:
	-0.770231, 0.000000, 0.637765,
	0.000000, 1.000000, 0.000000,
	-0.637765, 0.000000, -0.770231
$AI Behavior: None
$AI Goals: ( goals ( ai-waypoints-once "Squadron Point" 90 ) )
$Cargo 1:  XSTR("Nothing", -1)
+Initial Hull: 100
+Subsystem: Pilot
$Arrival Location: Hyperspace
$Arrival Cue: ( true ) 
$Departure Location: Hyperspace
$Departure Cue: ( false ) 
$Determination: 10
+Flags: ( "cargo-known" "no-departure-warp" )
+Flags2: ( )
+Respawn priority: 0
+Orders Accepted: 0		;! note that this is a bitfield!!!
+Group: 0
+Score: 50

$Name: Scene A T Fighter 12		;! Object #13
$Class: GTF Perseus
$Team: Friendly
$Location: -158.870407, 33.806084, -158.570374
$Orientation:
	-0.770231, 0.000000, 0.637765,
	0.000000, 1.000000, 0.000000,
	-0.637765, 0.000000, -0.770231
$AI Behavior: None
$AI Goals: ( goals ( ai-waypoints-once "Squadron Point" 90 ) )
$Cargo 1:  XSTR("Nothing", -1)
+Initial Hull: 100
+Subsystem: Pilot
$Arrival Location: Hyperspace
$Arrival Cue: ( true ) 
$Departure Location: Hyperspace
$Departure Cue: ( false ) 
$Determination: 10
+Flags: ( "cargo-known" "no-departure-warp" )
+Flags2: ( )
+Respawn priority: 0
+Orders Accepted: 0		;! note that this is a bitfield!!!
+Group: 0
+Score: 50

$Name: Scene A T Fighter 14		;! Object #14
$Class: GTF Perseus
$Team: Friendly
$Location: -136.594055, 27.448761, -248.318741
$Orientation:
	-0.770231, 0.000000, 0.637765,
	0.000000, 1.000000, 0.000000,
	-0.637765, 0.000000, -0.770231
$AI Behavior: None
$AI Goals: ( goals ( ai-waypoints-once "Squadron Point" 90 ) )
$Cargo 1:  XSTR("Nothing", -1)
+Initial Hull: 100
+Subsystem: Pilot
$Arrival Location: Hyperspace
$Arrival Cue: ( true ) 
$Departure Location: Hyperspace
$Departure Cue: ( false ) 
$Determination: 10
+Flags: ( "cargo-known" "no-departure-warp" )
+Flags2: ( )
+Respawn priority: 0
+Orders Accepted: 0		;! note that this is a bitfield!!!
+Group: 0
+Score: 50

$Name: Scene A T Fighter 15		;! Object #15
$Class: GTF Perseus
$Team: Friendly
$Location: -29.529484, 4.328533, -352.443756
$Orientation:
	-0.770231, 0.000000, 0.637765,
	0.000000, 1.000000, 0.000000,
	-0.637765, 0.000000, -0.770231
$AI Behavior: None
$AI Goals: ( goals ( ai-waypoints-once "Squadron Point" 90 ) )
$Cargo 1:  XSTR("Nothing", -1)
+Initial Hull: 100
+Subsystem: Pilot
$Arrival Location: Hyperspace
$Arrival Cue: ( true ) 
$Departure Location: Hyperspace
$Departure Cue: ( false ) 
$Determination: 10
+Flags: ( "cargo-known" "no-departure-warp" )
+Flags2: ( )
+Respawn priority: 0
+Orders Accepted: 0		;! note that this is a bitfield!!!
+Group: 0
+Score: 50

$Name: Scene A T Fighter 16		;! Object #16
$Class: GTF Myrmidon
$Team: Friendly
$Location: -34.442837, -37.053215, -295.271362
$Orientation:
	-0.737394, 0.000000, 0.675464,
	0.000000, 1.000000, 0.000000,
	-0.675464, 0.000000, -0.737394
$AI Behavior: None
$AI Goals: ( goals ( ai-waypoints-once "Squadron Point" 90 ) )
$Cargo 1:  XSTR("Nothing", -1)
+Initial Hull: 100
+Subsystem: Pilot
$Arrival Location: Hyperspace
$Arrival Cue: ( true ) 
$Departure Location: Hyperspace
$Departure Cue: ( false ) 
$Determination: 10
+Flags: ( "cargo-known" "no-departure-warp" )
+Flags2: ( )
+Respawn priority: 0
+Orders Accepted: 0		;! note that this is a bitfield!!!
+Group: 0
+Use Table Score:
+Score: 10

$Name: Scene A T Fighter 17		;! Object #17
$Class: GTF Myrmidon
$Team: Friendly
$Location: -41.136471, -45.327263, -243.785248
$Orientation:
	-0.737394, 0.000000, 0.675464,
	0.000000, 1.000000, 0.000000,
	-0.675464, 0.000000, -0.737394
$AI Behavior: None
$AI Goals: ( goals ( ai-waypoints-once "Squadron Point" 90 ) )
$Cargo 1:  XSTR("Nothing", -1)
+Initial Hull: 100
+Subsystem: Pilot
$Arrival Location: Hyperspace
$Arrival Cue: ( true ) 
$Departure Location: Hyperspace
$Departure Cue: ( false ) 
$Determination: 10
+Flags: ( "cargo-known" "no-departure-warp" )
+Flags2: ( )
+Respawn priority: 0
+Orders Accepted: 0		;! note that this is a bitfield!!!
+Group: 0
+Use Table Score:
+Score: 10

$Name: Scene A T Fighter 18		;! Object #18
$Class: GTF Myrmidon
$Team: Friendly
$Location: -87.069366, -60.507778, -239.149826
$Orientation:
	-0.737394, 0.000000, 0.675464,
	0.000000, 1.000000, 0.000000,
	-0.675464, 0.000000, -0.737394
$AI Behavior: None
$AI Goals: ( goals ( ai-waypoints-once "Squadron Point" 90 ) )
$Cargo 1:  XSTR("Nothing", -1)
+Initial Hull: 100
+Subsystem: Pilot
$Arrival Location: Hyperspace
$Arrival Cue: ( true ) 
$Departure Location: Hyperspace
$Departure Cue: ( false ) 
$Determination: 10
+Flags: ( "cargo-known" "no-departure-warp" )
+Flags2: ( )
+Respawn priority: 0
+Orders Accepted: 0		;! note that this is a bitfield!!!
+Group: 0
+Use Table Score:
+Score: 10

$Name: Scene A T Fighter 19		;! Object #19
$Class: GTF Perseus
$Team: Friendly
$Location: -134.770721, -28.038330, -249.166626
$Orientation:
	-0.737394, 0.000000, 0.675464,
	0.000000, 1.000000, 0.000000,
	-0.675464, 0.000000, -0.737394
$AI Behavior: None
$AI Goals: ( goals ( ai-waypoints-once "Squadron Point" 90 ) )
$Cargo 1:  XSTR("Nothing", -1)
+Initial Hull: 100
+Subsystem: Pilot
$Arrival Location: Hyperspace
$Arrival Cue: ( true ) 
$Departure Location: Hyperspace
$Departure Cue: ( false ) 
$Determination: 10
+Flags: ( "cargo-known" "no-departure-warp" )
+Flags2: ( )
+Respawn priority: 0
+Orders Accepted: 0		;! note that this is a bitfield!!!
+Group: 0
+Score: 10

$Name: Scene A T Fighter 20		;! Object #20
$Class: GTF Myrmidon
$Team: Friendly
$Location: -131.595276, -45.327263, -201.498520
$Orientation:
	-0.737394, 0.000000, 0.675464,
	0.000000, 1.000000, 0.000000,
	-0.675464, 0.000000, -0.737394
$AI Behavior: None
$AI Goals: ( goals ( ai-waypoints-once "Squadron Point" 90 ) )
$Cargo 1:  XSTR("Nothing", -1)
+Initial Hull: 100
+Subsystem: Pilot
$Arrival Location: Hyperspace
$Arrival Cue: ( true ) 
$Departure Location: Hyperspace
$Departure Cue: ( false ) 
$Determination: 10
+Flags: ( "cargo-known" "no-departure-warp" )
+Flags2: ( )
+Respawn priority: 0
+Orders Accepted: 0		;! note that this is a bitfield!!!
+Group: 0
+Use Table Score:
+Score: 10

$Name: Scene A T Cruiser 01		;! Object #21
$Class: GTC Orca
$Team: Friendly
$Location: -1525.610352, -179.832779, -1441.608032
$Orientation:
	-0.766714, 0.486236, 0.419194,
	0.452651, 0.872474, -0.184102,
	-0.455254, 0.048595, -0.889035
$AI Behavior: None
$Cargo 1:  XSTR("Nothing", -1)
+Initial Velocity: 33
+Initial Hull: 100
+Initial Shields: 100
+Subsystem: Pilot
+Subsystem: turret01a
+Subsystem: turret02a
+Subsystem: turret03a
+Subsystem: turret04a
+Subsystem: turret05a
+Subsystem: turret06a
+Subsystem: turret07a
+Subsystem: turret08a
+Subsystem: turret09
+Subsystem: turret10
+Subsystem: turret11
+Subsystem: turret12
+Subsystem: turret13
+Subsystem: turret14
+Subsystem: turret15
+Subsystem: turret16
+Subsystem: turret17
+Subsystem: turret18
+Subsystem: turret19
+Subsystem: turret20
+Subsystem: turret21
+Subsystem: turretB1
+Subsystem: turretB2
+Subsystem: turretB3
$Arrival Location: Hyperspace
$Arrival Cue: ( true ) 
$Departure Location: Hyperspace
$Departure Cue: ( false ) 
$Determination: 10
+Flags: ( "cargo-known" "no-shields" "no-departure-warp" )
+Flags2: ( )
+Respawn priority: 0
+Orders Accepted: 1		;! note that this is a bitfield!!!
+Group: 0
+Use Table Score:
+Score: 180

$Name: Scene A T Cruiser 02		;! Object #22
$Class: GTC Khitomer
$Team: Friendly
$Location: -1072.240845, -281.627930, -1731.462891
$Orientation:
	-0.835007, -0.029920, 0.549425,
	-0.009653, 0.999163, 0.039739,
	-0.550154, 0.027879, -0.834597
$AI Behavior: None
$Cargo 1:  XSTR("Nothing", -1)
+Initial Velocity: 33
+Initial Hull: 100
+Initial Shields: 100
+Subsystem: Pilot
+Subsystem: Turret01a
+Subsystem: Turret02a
+Subsystem: Turret03a
+Subsystem: Turret04a
+Subsystem: Turret05
+Subsystem: Turret06
+Subsystem: Turret07
+Subsystem: Turret08
+Subsystem: Turret09
+Subsystem: Turret10
+Subsystem: Turret11
+Subsystem: Turret12
+Subsystem: Turret13
$Arrival Location: Hyperspace
$Arrival Cue: ( true ) 
$Departure Location: Hyperspace
$Departure Cue: ( false ) 
$Determination: 10
+Flags: ( "cargo-known" "no-shields" "no-departure-warp" )
+Flags2: ( )
+Respawn priority: 0
+Orders Accepted: 1		;! note that this is a bitfield!!!
+Group: 0
+Use Table Score:
+Score: 500

$Name: Scene A T Corvette 01		;! Object #23
$Class: GTCv Alexandria
$Team: Friendly
$Location: -1678.785889, 294.997192, -1988.688110
$Orientation:
	-0.826885, 0.258424, 0.499476,
	0.187153, 0.963991, -0.188927,
	-0.530314, -0.062742, -0.845475
$AI Behavior: None
$Cargo 1:  XSTR("Nothing", -1)
+Initial Velocity: 33
+Initial Hull: 100
+Initial Shields: 100
+Subsystem: Pilot
+Subsystem: Turret01
+Subsystem: Turret02
+Subsystem: Turret03
+Subsystem: Turret04
+Subsystem: Turret05
+Subsystem: Turret06
+Subsystem: Turret07
+Subsystem: Turret08
+Subsystem: Turret09
+Subsystem: Turret10
+Subsystem: Turret11
+Subsystem: Turret12
+Subsystem: Turret13
+Subsystem: Turret14
+Subsystem: Turret15
+Subsystem: Turret16
+Subsystem: Turret17
+Subsystem: Turret18
+Subsystem: Turret19
+Subsystem: Turret20
+Subsystem: Turret21
+Subsystem: Turret22
+Subsystem: Turret23
+Subsystem: Turret24
+Subsystem: Turret25
+Subsystem: Turret26
+Subsystem: Turret27
+Subsystem: Turret28
+Subsystem: Turret29
+Subsystem: Turret30
$Arrival Location: Hyperspace
$Arrival Cue: ( true ) 
$Departure Location: Hyperspace
$Departure Cue: ( false ) 
$Determination: 10
+Flags: ( "cargo-known" "no-shields" "no-departure-warp" )
+Flags2: ( )
+Respawn priority: 0
+Orders Accepted: 1		;! note that this is a bitfield!!!
+Group: 0
+Use Table Score:
+Score: 800

$Name: Scene A S Corvette 01		;! Object #24
$Class: SCv Moloch
$Team: Hostile
$Location: -2165.600098, 11.400000, -3175.500000
$Orientation:
	0.489719, 0.539632, -0.684815,
	-0.313894, 0.841901, 0.438945,
	0.813416, 0.000000, 0.581683
$AI Behavior: None
$Cargo 1:  XSTR("Nothing", -1)
+Initial Velocity: 33
+Initial Hull: 100
+Initial Shields: 100
+Subsystem: Pilot
+Subsystem: turret01
+Subsystem: turret02
+Subsystem: turret03
+Subsystem: turret04
+Subsystem: turret05
+Subsystem: turret06
+Subsystem: turret07
+Subsystem: turret08
+Subsystem: turret09
+Subsystem: turret10
+Subsystem: turret11
+Subsystem: turret12
+Subsystem: turret13
+Subsystem: turret14
+Subsystem: turret15
+Subsystem: turret16
$Arrival Location: Hyperspace
$Arrival Cue: ( true ) 
$Departure Location: Hyperspace
$Departure Cue: ( false ) 
$Determination: 10
+Flags: ( "no-shields" "no-departure-warp" )
+Flags2: ( )
+Respawn priority: 0
+Orders Accepted: 0		;! note that this is a bitfield!!!
+Group: 0
+Use Table Score:
+Score: 440

$Name: Scene A S Fighter 01		;! Object #25
$Class: SF Astaroth
$Team: Hostile
$Location: -2475.061768, -0.020103, -3009.815674
$Orientation:
	0.813879, 0.005810, -0.581006,
	0.000000, 0.999950, 0.010000,
	0.581035, -0.008139, 0.813837
$AI Behavior: None
$AI Goals: ( goals ( ai-chase "Bulls Eye" 90 ) )
$Cargo 1:  XSTR("Nothing", -1)
+Initial Velocity: 33
+Subsystem: Pilot
$Arrival Location: Hyperspace
$Arrival Cue: ( true ) 
$Departure Location: Hyperspace
$Departure Cue: ( false ) 
$Determination: 10
+Flags: ( "no-departure-warp" )
+Flags2: ( )
+Respawn priority: 0
+Orders Accepted: 0		;! note that this is a bitfield!!!
+Group: 0
+Use Table Score:
+Score: 13

$Name: Scene A S Fighter 02		;! Object #26
$Class: SF Astaroth
$Team: Hostile
$Location: -2493.364258, -74.964432, -2922.623291
$Orientation:
	0.813879, 0.005810, -0.581006,
	0.000000, 0.999950, 0.010000,
	0.581035, -0.008139, 0.813838
$AI Behavior: None
$AI Goals: ( goals ( ai-chase "Bulls Eye" 90 ) )
$Cargo 1:  XSTR("Nothing", -1)
+Initial Velocity: 33
+Subsystem: Pilot
$Arrival Location: Hyperspace
$Arrival Cue: ( true ) 
$Departure Location: Hyperspace
$Departure Cue: ( false ) 
$Determination: 10
+Flags: ( "no-departure-warp" )
+Flags2: ( )
+Respawn priority: 0
+Orders Accepted: 0		;! note that this is a bitfield!!!
+Group: 0
+Use Table Score:
+Score: 13

$Name: Scene A S Fighter 03		;! Object #27
$Class: SF Astaroth
$Team: Hostile
$Location: -2630.235107, -67.506523, -2931.299805
$Orientation:
	0.813879, 0.005810, -0.581006,
	0.000000, 0.999950, 0.010000,
	0.581035, -0.008139, 0.813838
$AI Behavior: None
$AI Goals: ( goals ( ai-chase "Bulls Eye" 90 ) )
$Cargo 1:  XSTR("Nothing", -1)
+Initial Velocity: 33
+Subsystem: Pilot
$Arrival Location: Hyperspace
$Arrival Cue: ( true ) 
$Departure Location: Hyperspace
$Departure Cue: ( false ) 
$Determination: 10
+Flags: ( "no-departure-warp" )
+Flags2: ( )
+Respawn priority: 0
+Orders Accepted: 0		;! note that this is a bitfield!!!
+Group: 0
+Use Table Score:
+Score: 13

$Name: Scene A S Fighter 04		;! Object #28
$Class: SF Astaroth
$Team: Hostile
$Location: -2502.961670, 72.599876, -3094.304199
$Orientation:
	0.813879, 0.005810, -0.581006,
	0.000000, 0.999950, 0.010000,
	0.581035, -0.008139, 0.813838
$AI Behavior: None
$AI Goals: ( goals ( ai-chase "Bulls Eye" 90 ) )
$Cargo 1:  XSTR("Nothing", -1)
+Initial Velocity: 33
+Subsystem: Pilot
$Arrival Location: Hyperspace
$Arrival Cue: ( true ) 
$Departure Location: Hyperspace
$Departure Cue: ( false ) 
$Determination: 10
+Flags: ( "no-departure-warp" )
+Flags2: ( )
+Respawn priority: 0
+Orders Accepted: 0		;! note that this is a bitfield!!!
+Group: 0
+Use Table Score:
+Score: 13

$Name: Scene A S Fighter 05		;! Object #29
$Class: SF Astaroth
$Team: Hostile
$Location: -2364.175049, 54.489147, -3073.233643
$Orientation:
	0.813879, 0.005810, -0.581006,
	0.000000, 0.999950, 0.010000,
	0.581035, -0.008139, 0.813838
$AI Behavior: None
$AI Goals: ( goals ( ai-chase "Bulls Eye" 90 ) )
$Cargo 1:  XSTR("Nothing", -1)
+Initial Velocity: 33
+Subsystem: Pilot
$Arrival Location: Hyperspace
$Arrival Cue: ( true ) 
$Departure Location: Hyperspace
$Departure Cue: ( false ) 
$Determination: 10
+Flags: ( "no-departure-warp" )
+Flags2: ( )
+Respawn priority: 0
+Orders Accepted: 0		;! note that this is a bitfield!!!
+Group: 0
+Use Table Score:
+Score: 13

$Name: Scene A S Fighter 06		;! Object #30
$Class: SF Astaroth
$Team: Hostile
$Location: -2228.528809, -10.481378, -2997.644775
$Orientation:
	0.813879, 0.005810, -0.581006,
	0.000000, 0.999950, 0.010000,
	0.581035, -0.008139, 0.813838
$AI Behavior: None
$AI Goals: ( goals ( ai-chase "Bulls Eye" 90 ) )
$Cargo 1:  XSTR("Nothing", -1)
+Initial Velocity: 33
+Subsystem: Pilot
$Arrival Location: Hyperspace
$Arrival Cue: ( true ) 
$Departure Location: Hyperspace
$Departure Cue: ( false ) 
$Determination: 10
+Flags: ( "no-departure-warp" )
+Flags2: ( )
+Respawn priority: 0
+Orders Accepted: 0		;! note that this is a bitfield!!!
+Group: 0
+Use Table Score:
+Score: 13

$Name: Scene A S Fighter 07		;! Object #31
$Class: SF Astaroth
$Team: Hostile
$Location: -2145.122803, -31.559084, -2973.122070
$Orientation:
	0.813879, 0.005810, -0.581006,
	0.000000, 0.999950, 0.010000,
	0.581035, -0.008139, 0.813838
$AI Behavior: None
$AI Goals: ( goals ( ai-chase "Bulls Eye" 90 ) )
$Cargo 1:  XSTR("Nothing", -1)
+Initial Velocity: 33
+Subsystem: Pilot
$Arrival Location: Hyperspace
$Arrival Cue: ( true ) 
$Departure Location: Hyperspace
$Departure Cue: ( false ) 
$Determination: 10
+Flags: ( "no-departure-warp" )
+Flags2: ( )
+Respawn priority: 0
+Orders Accepted: 0		;! note that this is a bitfield!!!
+Group: 0
+Use Table Score:
+Score: 13

$Name: Scene A S Fighter 08		;! Object #32
$Class: SF Astaroth
$Team: Hostile
$Location: -2315.062988, -92.807846, -2901.864014
$Orientation:
	0.813879, 0.005810, -0.581006,
	0.000000, 0.999950, 0.010000,
	0.581035, -0.008139, 0.813838
$AI Behavior: None
$AI Goals: ( goals ( ai-chase "Bulls Eye" 90 ) )
$Cargo 1:  XSTR("Nothing", -1)
+Initial Velocity: 33
+Subsystem: Pilot
$Arrival Location: Hyperspace
$Arrival Cue: ( true ) 
$Departure Location: Hyperspace
$Departure Cue: ( false ) 
$Determination: 10
+Flags: ( "no-departure-warp" )
+Flags2: ( )
+Respawn priority: 0
+Orders Accepted: 0		;! note that this is a bitfield!!!
+Group: 0
+Use Table Score:
+Score: 13

$Name: Scene A S Fighter 09		;! Object #33
$Class: SF Astaroth
$Team: Hostile
$Location: -2386.944336, -181.415771, -2798.775146
$Orientation:
	0.813879, 0.005810, -0.581006,
	0.000000, 0.999950, 0.010000,
	0.581035, -0.008139, 0.813838
$AI Behavior: None
$AI Goals: ( goals ( ai-chase "Bulls Eye" 90 ) )
$Cargo 1:  XSTR("Nothing", -1)
+Initial Velocity: 33
+Subsystem: Pilot
$Arrival Location: Hyperspace
$Arrival Cue: ( true ) 
$Departure Location: Hyperspace
$Departure Cue: ( false ) 
$Determination: 10
+Flags: ( "no-departure-warp" )
+Flags2: ( )
+Respawn priority: 0
+Orders Accepted: 0		;! note that this is a bitfield!!!
+Group: 0
+Use Table Score:
+Score: 13

$Name: Scene A S Fighter 10		;! Object #34
$Class: SF Astaroth
$Team: Hostile
$Location: -2410.077148, -78.528450, -2918.477051
$Orientation:
	0.813879, 0.005810, -0.581006,
	0.000000, 0.999950, 0.010000,
	0.581035, -0.008139, 0.813838
$AI Behavior: None
$AI Goals: ( goals ( ai-chase "Bulls Eye" 90 ) )
$Cargo 1:  XSTR("Nothing", -1)
+Initial Velocity: 33
+Subsystem: Pilot
$Arrival Location: Hyperspace
$Arrival Cue: ( true ) 
$Departure Location: Hyperspace
$Departure Cue: ( false ) 
$Determination: 10
+Flags: ( "no-departure-warp" )
+Flags2: ( )
+Respawn priority: 0
+Orders Accepted: 0		;! note that this is a bitfield!!!
+Group: 0
+Use Table Score:
+Score: 13

$Name: Scene A S Fighter 11		;! Object #35
$Class: SF Astaroth
$Team: Hostile
$Location: -1823.817017, -197.715317, -2486.746826
$Orientation:
	0.813879, 0.005810, -0.581006,
	0.000000, 0.999950, 0.010000,
	0.581035, -0.008139, 0.813838
$AI Behavior: None
$AI Goals: ( goals ( ai-chase "Bulls Eye" 90 ) )
$Cargo 1:  XSTR("Nothing", -1)
+Initial Velocity: 33
+Subsystem: Pilot
$Arrival Location: Hyperspace
$Arrival Cue: ( true ) 
$Departure Location: Hyperspace
$Departure Cue: ( false ) 
$Determination: 10
+Flags: ( "protect-ship" "no-departure-warp" )
+Flags2: ( )
+Respawn priority: 0
+Orders Accepted: 0		;! note that this is a bitfield!!!
+Group: 0
+Use Table Score:
+Score: 13

$Name: Scene A S Fighter 12		;! Object #36
$Class: SF Astaroth
$Team: Hostile
$Location: -1959.267090, -219.079834, -2461.891846
$Orientation:
	0.813879, 0.005810, -0.581006,
	0.000000, 0.999950, 0.010000,
	0.581035, -0.008139, 0.813838
$AI Behavior: None
$AI Goals: ( goals ( ai-chase "Bulls Eye" 90 ) )
$Cargo 1:  XSTR("Nothing", -1)
+Initial Velocity: 33
+Subsystem: Pilot
$Arrival Location: Hyperspace
$Arrival Cue: ( true ) 
$Departure Location: Hyperspace
$Departure Cue: ( false ) 
$Determination: 10
+Flags: ( "protect-ship" "no-departure-warp" )
+Flags2: ( )
+Respawn priority: 0
+Orders Accepted: 0		;! note that this is a bitfield!!!
+Group: 0
+Use Table Score:
+Score: 13

$Name: Scene A S Fighter 14		;! Object #37
$Class: SF Astaroth
$Team: Hostile
$Location: -1667.258667, -262.862549, -2586.736572
$Orientation:
	0.813879, 0.005810, -0.581006,
	0.000000, 0.999950, 0.010000,
	0.581035, -0.008139, 0.813838
$AI Behavior: None
$AI Goals: ( goals ( ai-chase "Bulls Eye" 90 ) )
$Cargo 1:  XSTR("Nothing", -1)
+Initial Velocity: 33
+Subsystem: Pilot
$Arrival Location: Hyperspace
$Arrival Cue: ( true ) 
$Departure Location: Hyperspace
$Departure Cue: ( false ) 
$Determination: 10
+Flags: ( "protect-ship" "no-departure-warp" )
+Flags2: ( )
+Respawn priority: 0
+Orders Accepted: 0		;! note that this is a bitfield!!!
+Group: 0
+Use Table Score:
+Score: 13

$Name: Scene A S Fighter 15		;! Object #38
$Class: SF Astaroth
$Team: Hostile
$Location: -2093.080078, -160.896271, -2529.583740
$Orientation:
	0.813879, 0.005810, -0.581006,
	0.000000, 0.999950, 0.010000,
	0.581035, -0.008139, 0.813838
$AI Behavior: None
$AI Goals: ( goals ( ai-chase "Bulls Eye" 90 ) )
$Cargo 1:  XSTR("Nothing", -1)
+Initial Velocity: 33
+Subsystem: Pilot
$Arrival Location: Hyperspace
$Arrival Cue: ( true ) 
$Departure Location: Hyperspace
$Departure Cue: ( false ) 
$Determination: 10
+Flags: ( "no-departure-warp" )
+Flags2: ( )
+Respawn priority: 0
+Orders Accepted: 0		;! note that this is a bitfield!!!
+Group: 0
+Use Table Score:
+Score: 13

$Name: Scene A S Fighter 16		;! Object #39
$Class: SF Astaroth
$Team: Hostile
$Location: -1901.722168, -152.002670, -2539.930908
$Orientation:
	0.813879, 0.005810, -0.581006,
	0.000000, 0.999950, 0.010000,
	0.581035, -0.008139, 0.813838
$AI Behavior: None
$AI Goals: ( goals ( ai-chase "Bulls Eye" 90 ) )
$Cargo 1:  XSTR("Nothing", -1)
+Initial Velocity: 33
+Subsystem: Pilot
$Arrival Location: Hyperspace
$Arrival Cue: ( true ) 
$Departure Location: Hyperspace
$Departure Cue: ( false ) 
$Determination: 10
+Flags: ( "no-departure-warp" )
+Flags2: ( )
+Respawn priority: 0
+Orders Accepted: 0		;! note that this is a bitfield!!!
+Group: 0
+Use Table Score:
+Score: 13

$Name: Scene A S Fighter 17		;! Object #40
$Class: SF Astaroth
$Team: Hostile
$Location: -1600.255249, -217.358032, -2639.677979
$Orientation:
	0.813879, 0.005810, -0.581006,
	0.000000, 0.999950, 0.010000,
	0.581035, -0.008139, 0.813838
$AI Behavior: None
$AI Goals: ( goals ( ai-chase "Bulls Eye" 90 ) )
$Cargo 1:  XSTR("Nothing", -1)
+Initial Velocity: 33
+Subsystem: Pilot
$Arrival Location: Hyperspace
$Arrival Cue: ( true ) 
$Departure Location: Hyperspace
$Departure Cue: ( false ) 
$Determination: 10
+Flags: ( "protect-ship" "no-departure-warp" )
+Flags2: ( )
+Respawn priority: 0
+Orders Accepted: 0		;! note that this is a bitfield!!!
+Group: 0
+Use Table Score:
+Score: 13

$Name: Scene A S Fighter 18		;! Object #41
$Class: SF Astaroth
$Team: Hostile
$Location: -1547.830688, -129.506760, -2741.886963
$Orientation:
	0.813879, 0.005810, -0.581006,
	0.000000, 0.999950, 0.010000,
	0.581035, -0.008139, 0.813838
$AI Behavior: None
$AI Goals: ( goals ( ai-chase "Bulls Eye" 90 ) )
$Cargo 1:  XSTR("Nothing", -1)
+Initial Velocity: 33
+Subsystem: Pilot
$Arrival Location: Hyperspace
$Arrival Cue: ( true ) 
$Departure Location: Hyperspace
$Departure Cue: ( false ) 
$Determination: 10
+Flags: ( "no-departure-warp" )
+Flags2: ( )
+Respawn priority: 0
+Orders Accepted: 0		;! note that this is a bitfield!!!
+Group: 0
+Use Table Score:
+Score: 13

$Name: Scene A S Fighter 19		;! Object #42
$Class: SF Astaroth
$Team: Hostile
$Location: -1712.107056, -180.781830, -2682.232178
$Orientation:
	0.813879, 0.005810, -0.581006,
	0.000000, 0.999950, 0.010000,
	0.581035, -0.008139, 0.813838
$AI Behavior: None
$AI Goals: ( goals ( ai-chase "Bulls Eye" 90 ) )
$Cargo 1:  XSTR("Nothing", -1)
+Initial Velocity: 33
+Subsystem: Pilot
$Arrival Location: Hyperspace
$Arrival Cue: ( true ) 
$Departure Location: Hyperspace
$Departure Cue: ( false ) 
$Determination: 10
+Flags: ( "no-departure-warp" )
+Flags2: ( )
+Respawn priority: 0
+Orders Accepted: 0		;! note that this is a bitfield!!!
+Group: 0
+Use Table Score:
+Score: 13

$Name: Scene A S Fighter 20		;! Object #43
$Class: SF Astaroth
$Team: Hostile
$Location: -2897.730469, -106.282448, -2886.187012
$Orientation:
	0.813879, 0.005810, -0.581006,
	0.000000, 0.999950, 0.010000,
	0.581035, -0.008139, 0.813838
$AI Behavior: None
$AI Goals: ( goals ( ai-chase "Bulls Eye" 90 ) )
$Cargo 1:  XSTR("Nothing", -1)
+Initial Velocity: 33
+Subsystem: Pilot
$Arrival Location: Hyperspace
$Arrival Cue: ( true ) 
$Departure Location: Hyperspace
$Departure Cue: ( false ) 
$Determination: 10
+Flags: ( "no-departure-warp" )
+Flags2: ( )
+Respawn priority: 0
+Orders Accepted: 0		;! note that this is a bitfield!!!
+Group: 0
+Use Table Score:
+Score: 13

$Name: Scene A S Fighter 21		;! Object #44
$Class: SF Astaroth
$Team: Hostile
$Location: -1891.946167, 201.927231, -3244.766602
$Orientation:
	0.813879, 0.005810, -0.581006,
	0.000000, 0.999950, 0.010000,
	0.581035, -0.008139, 0.813838
$AI Behavior: None
$AI Goals: ( goals ( ai-chase "Bulls Eye" 90 ) )
$Cargo 1:  XSTR("Nothing", -1)
+Initial Velocity: 33
+Subsystem: Pilot
$Arrival Location: Hyperspace
$Arrival Cue: ( true ) 
$Departure Location: Hyperspace
$Departure Cue: ( false ) 
$Determination: 10
+Flags: ( "no-departure-warp" )
+Flags2: ( )
+Respawn priority: 0
+Orders Accepted: 0		;! note that this is a bitfield!!!
+Group: 0
+Use Table Score:
+Score: 13

$Name: Scene A S Fighter 22		;! Object #45
$Class: SF Astaroth
$Team: Hostile
$Location: -1797.573608, 195.586487, -3237.390625
$Orientation:
	0.813879, 0.005810, -0.581006,
	0.000000, 0.999950, 0.010000,
	0.581035, -0.008139, 0.813838
$AI Behavior: None
$AI Goals: ( goals ( ai-chase "Bulls Eye" 90 ) )
$Cargo 1:  XSTR("Nothing", -1)
+Initial Velocity: 33
+Subsystem: Pilot
$Arrival Location: Hyperspace
$Arrival Cue: ( true ) 
$Departure Location: Hyperspace
$Departure Cue: ( false ) 
$Determination: 10
+Flags: ( "no-departure-warp" )
+Flags2: ( )
+Respawn priority: 0
+Orders Accepted: 0		;! note that this is a bitfield!!!
+Group: 0
+Use Table Score:
+Score: 13

$Name: Scene A S Fighter 23		;! Object #46
$Class: SF Astaroth
$Team: Hostile
$Location: -1856.592529, 120.529053, -3150.066650
$Orientation:
	0.813879, 0.005810, -0.581006,
	0.000000, 0.999950, 0.010000,
	0.581035, -0.008139, 0.813838
$AI Behavior: None
$AI Goals: ( goals ( ai-chase "Bulls Eye" 90 ) )
$Cargo 1:  XSTR("Nothing", -1)
+Initial Velocity: 33
+Subsystem: Pilot
$Arrival Location: Hyperspace
$Arrival Cue: ( true ) 
$Departure Location: Hyperspace
$Departure Cue: ( false ) 
$Determination: 10
+Flags: ( "no-departure-warp" )
+Flags2: ( )
+Respawn priority: 0
+Orders Accepted: 0		;! note that this is a bitfield!!!
+Group: 0
+Use Table Score:
+Score: 13

$Name: Scene A S Fighter 24		;! Object #47
$Class: SF Astaroth
$Team: Hostile
$Location: -2004.816040, 243.666397, -3293.326904
$Orientation:
	0.813879, 0.005810, -0.581006,
	0.000000, 0.999950, 0.010000,
	0.581035, -0.008139, 0.813838
$AI Behavior: None
$AI Goals: ( goals ( ai-chase "Bulls Eye" 90 ) )
$Cargo 1:  XSTR("Nothing", -1)
+Initial Velocity: 33
+Subsystem: Pilot
$Arrival Location: Hyperspace
$Arrival Cue: ( true ) 
$Departure Location: Hyperspace
$Departure Cue: ( false ) 
$Determination: 10
+Flags: ( "no-departure-warp" )
+Flags2: ( )
+Respawn priority: 0
+Orders Accepted: 0		;! note that this is a bitfield!!!
+Group: 0
+Use Table Score:
+Score: 13

$Name: Scene A S Fighter 25		;! Object #48
$Class: SF Astaroth
$Team: Hostile
$Location: -1858.477295, 291.508118, -3348.987549
$Orientation:
	0.813879, 0.005810, -0.581006,
	0.000000, 0.999950, 0.010000,
	0.581035, -0.008139, 0.813838
$AI Behavior: None
$AI Goals: ( goals ( ai-chase "Bulls Eye" 90 ) )
$Cargo 1:  XSTR("Nothing", -1)
+Initial Velocity: 33
+Subsystem: Pilot
$Arrival Location: Hyperspace
$Arrival Cue: ( true ) 
$Departure Location: Hyperspace
$Departure Cue: ( false ) 
$Determination: 10
+Flags: ( "no-departure-warp" )
+Flags2: ( )
+Respawn priority: 0
+Orders Accepted: 0		;! note that this is a bitfield!!!
+Group: 0
+Use Table Score:
+Score: 13

$Name: Scene A S Fighter 26		;! Object #49
$Class: SF Astaroth
$Team: Hostile
$Location: -1707.306885, 250.088821, -3300.799072
$Orientation:
	0.813879, 0.005810, -0.581006,
	0.000000, 0.999950, 0.010000,
	0.581035, -0.008139, 0.813838
$AI Behavior: None
$AI Goals: ( goals ( ai-chase "Bulls Eye" 90 ) )
$Cargo 1:  XSTR("Nothing", -1)
+Initial Velocity: 33
+Subsystem: Pilot
$Arrival Location: Hyperspace
$Arrival Cue: ( true ) 
$Departure Location: Hyperspace
$Departure Cue: ( false ) 
$Determination: 10
+Flags: ( "no-departure-warp" )
+Flags2: ( )
+Respawn priority: 0
+Orders Accepted: 0		;! note that this is a bitfield!!!
+Group: 0
+Use Table Score:
+Score: 13

$Name: Bulls Eye		;! Object #50
$Class: GTF Ulysses
$Team: Friendly
$Location: 6.613179, 0.025118, 21.201365
$Orientation:
	1.000000, 0.000000, 0.000000,
	0.000000, 1.000000, 0.000000,
	0.000000, 0.000000, 1.000000
$AI Behavior: None
$Cargo 1:  XSTR("Nothing", -1)
+Initial Velocity: 33
+Initial Hull: 100
+Subsystem: Pilot
$Arrival Location: Hyperspace
$Arrival Cue: ( true ) 
$Departure Location: Hyperspace
$Departure Cue: ( false ) 
$Determination: 10
+Flags: ( "cargo-known" "no-departure-warp" )
+Flags2: ( "immobile" )
+Respawn priority: 0
+Group: 0
+Use Table Score:
+Score: 8

$Name: Scene B T Dreadnaught		;! Object #51
$Class: GTSD Jupiter
$Team: Friendly
$Location: -12089.640625, 790.206543, -26359.537109
$Orientation:
	0.170685, -0.314566, 0.933763,
	0.056563, 0.949235, 0.309439,
	-0.983700, 0.000000, 0.179813
$AI Behavior: None
$Cargo 1:  XSTR("Nothing", -1)
+Initial Hull: 100
+Initial Shields: 100
+Subsystem: Pilot
+Subsystem: turret01-main
+Subsystem: turret02
+Subsystem: turret03
+Subsystem: turret04
+Subsystem: turret05
+Subsystem: turret06
+Subsystem: turret07
+Subsystem: turret08
