#Mission Info

$Version: 0.10
$Name:  XSTR("Avenging Adhara", -1)
$Author: Herkie
$Created: 09/03/11 at 01:54:36
$Modified: 07/02/17 at 09:58:39
$Notes:
This is a FRED2_OPEN created mission.
$End Notes:

$Mission Desc:
 XSTR("July 24 2370 
Engaging the Shivan Fleet at the newly opened jump node in Adhara
", -1)
$end_multi_text
+Game Type Flags: 1
+Flags: 192
+Fog Near Mult: 1.000000

+Fog Far Mult: 1.000000

+Disallow Support: 0
+Hull Repair Ceiling: 50.000000
+Subsystem Repair Ceiling: 100.000000

+Viewer pos: 1467.069702, 763.896484, 3691.833984
+Viewer orient:
	0.994813, 0.000006, 0.101720,
	-0.017784, 0.984609, 0.173868,
	-0.100153, -0.174775, 0.979502

$Squadron wing names: ( "Alpha" "Beta" "Gamma" "Theta" "" )

$Load Screen 640:	LoadAct3Sa.dds
$Load Screen 1024:	LoadAct3La.dds

$Skybox Model: Adhara.pof

$AI Profile: AF1

#Sexp_variables

$Variables:
(
		0		"AlliedDestroyed"		"0"		"number"
		1		"CorvetteDestroyed"		"0"		"number"
		2		"EnemyShipsDestroyed"		"0"		"number"
)

#Command Briefing

$Stage Text:
 XSTR("$B{ To the 77th Dark Angels
7th Battlegroup GTVA $}

We have a disturbing discovery here in $Y Adhara. While the $G{ 76th Ice Queens $} have conducted their recon patrol in the outer region of the system, they have sighted a staging area of $R Shivan $R fleets near the vicinity of what apparently an uncharted jump node to $Y Gamma $Y Draconis.

This discovery is indeed unexpected. No wonder the $R Shivans have returned. There is another gateway for the enemy to invade our systems. Our strategy in the $b{ Second Shivan War $} was utterly useless. Therefore, the $G High $G Council has finally resolved to face this enemy head on. $P{ To retreat is no longer acceptable. To fall back is not an option. $} This time it will be us who will be the invaders. The $G GTVA with all its might will crush them to submission. We are now capable. We can stand our ground.

$B{ GTVA High Command $}", -1)
$end_multi_text
$Ani Filename: cb_Act3f.ani
+Wave Filename: none

$Stage Text:
 XSTR("$b{ The GTVA 3rd Fleet's volunteer $}

Now that we have knowledge of another $P jump $P node leading to $Y Gamma $Y Draconis, a system known to be the vanguard of the enemy, we must secure that node and establish our own staging area there for our invasion campaign. To do this we must annihilate the $R Shivan $R forces that are stationed there. The $G{ 3rd Fleet, $} commanded by $b{ Admiral Petrarch $} himself, has volunteered for this assault. Our job is to provide all the support that we possibly can.", -1)
$end_multi_text
$Ani Filename: cb_Act3f.ani
+Wave Filename: none

#Briefing
$start_briefing
$num_stages: 2
$start_stage
$multi_text
 XSTR("Good day, Commander. I am Captain Demora of the $G 53rd $G Hammerheads. I am grateful of your assistance on this one. Our objective is quite simple. Provide fighter cover to the $G 3rd $G Fleet and volunteering corvettes from the $G 2nd $G Vasudan $G Battlegroup while they destroy this group of $R Shivan $R warships guarding the node.", -1)
$end_multi_text
$voice: none.wav
$camera_pos: -68771.296875, 98979.882813, -8449.567383
$camera_orient:
	1.000000, 0.000000, 0.000607,
	-0.000604, 0.100802, 0.994906,
	-0.000061, -0.994906, 0.100802
$camera_time: 4000
$num_lines: 0
$num_icons: 11
$Flags: 0
$Formula: ( true ) 
$start_icon
$type: 6
$team: Hostile
$class: SD Ravana
$pos: -35413.890625, 99.213127, 10013.492188
$label: Ravana Destroyer
+id: 1
$hlight: 0
$mirror: 0
$multi_text
$end_multi_text
$end_icon
$start_icon
$type: 6
$team: Hostile
$class: SD Demon
$pos: -35976.253906, -0.000084, -7149.891602
$label: Demon Destroyer
+id: 2
$hlight: 0
$mirror: 0
$multi_text
$end_multi_text
$end_icon
$start_icon
$type: 28
$team: Hostile
$class: SCv Moloch
$pos: -56682.550781, -1402.213257, 14378.981445
$label: Moloch Corvettes
+id: 3
$hlight: 0
$mirror: 0
$multi_text
$end_multi_text
$end_icon
$start_icon
$type: 19
$team: Hostile
$class: SC Rakshasa
$pos: -55086.906250, -589.665894, -12729.740234
$label: Rakshasa Cruisers
+id: 5
$hlight: 0
$mirror: 0
$multi_text
$end_multi_text
$end_icon
$start_icon
$type: 18
$team: Hostile
$class: SC Cain
$pos: -49277.085938, 536.229248, 1536.283081
$label: Cain Cruisers
+id: 6
$hlight: 0
$mirror: 0
$multi_text
$end_multi_text
$end_icon
$start_icon
$type: 6
$team: Friendly
$class: GTD Hecate
$pos: -90140.460938, 5140.701660, 1834.494385
$label: Aquitaine (3rd Fleet)
+id: 7
$hlight: 0
$mirror: 0
$multi_text
$end_multi_text
$end_icon
$start_icon
$type: 28
$team: Friendly
$class: GVCv Sobek
$pos: -97609.312500, 2178.487061, 12534.725586
$label: Horus (2nd Vas BG)
+id: 8
$hlight: 0
$mirror: 0
$multi_text
$end_multi_text
$end_icon
$start_icon
$type: 28
$team: Friendly
$class: GTCv Deimos
$pos: -76639.429688, 2146.403076, 11555.940430
$label: Gemini (3rd Fleet)
+id: 10
$hlight: 0
$mirror: 1
$multi_text
$end_multi_text
$end_icon
$start_icon
$type: 28
$team: Friendly
$class: GTCv Deimos
$pos: -78843.335938, 2493.333008, -7678.201660
$label: Spectra (3rd Fleet)
+id: 11
$hlight: 0
$mirror: 1
$multi_text
$end_multi_text
$end_icon
$start_icon
$type: 28
$team: Friendly
$class: GVCv Sobek
$pos: -96939.335938, 3130.223145, -11003.471680
$label: Phanter (2nd Vas BG)
+id: 12
$hlight: 0
$mirror: 0
$multi_text
$end_multi_text
$end_icon
$start_icon
$type: 33
$team: Unknown
$class: GTNB Pharos
$pos: -66578.250000, -166.934601, 650.099304
$label: Gamma Draconis (Uncharted)
+id: 13
$hlight: 0
$mirror: 0
$multi_text
$end_multi_text
$end_icon
$end_stage
$start_stage
$multi_text
 XSTR("We might lose some or all our supporting corvettes in this engagement but we must not lose our flagship, the $G GTD $G Aquitaine. Honestly, I prefer not to lose any of them so we must do our best. This will be a fierce and long battle. Good luck.", -1)
$end_multi_text
$voice: none.wav
$camera_pos: -102099.359375, 22285.541016, -699.727356
$camera_orient:
	1.000000, 0.000000, 0.000607,
	-0.000604, 0.100802, 0.994906,
	-0.000061, -0.994907, 0.100802
$camera_time: 4000
$num_lines: 0
$num_icons: 11
$Flags: 2
$Formula: ( true ) 
$start_icon
$type: 6
$team: Hostile
$class: SD Ravana
$pos: -35413.890625, 99.213127, 10013.492188
$label: Ravana Destroyer
+id: 1
$hlight: 0
$mirror: 0
$multi_text
$end_multi_text
$end_icon
$start_icon
$type: 6
$team: Hostile
$class: SD Demon
$pos: -35976.253906, -0.000084, -7149.891602
$label: Demon Destroyer
+id: 2
$hlight: 0
$mirror: 0
$multi_text
$end_multi_text
$end_icon
$start_icon
$type: 28
$team: Hostile
$class: SCv Moloch
$pos: -56682.550781, -1402.213257, 14378.981445
$label: Moloch Corvettes
+id: 3
$hlight: 0
$mirror: 0
$multi_text
$end_multi_text
$end_icon
$start_icon
$type: 19
$team: Hostile
$class: SC Rakshasa
$pos: -55086.906250, -589.665894, -12729.740234
$label: Rakshasa Cruisers
+id: 5
$hlight: 0
$mirror: 0
$multi_text
$end_multi_text
$end_icon
$start_icon
$type: 18
$team: Hostile
$class: SC Cain
$pos: -49277.085938, 536.229248, 1536.283081
$label: Cain Cruisers
+id: 6
$hlight: 0
$mirror: 0
$multi_text
$end_multi_text
$end_icon
$start_icon
$type: 6
$team: Friendly
$class: GTD Hecate
$pos: -102175.695313, 5140.709473, 1113.302246
$label: Aquitaine (3rd Fleet)
+id: 7
$hlight: 1
$mirror: 0
$multi_text
$end_multi_text
$end_icon
$start_icon
$type: 28
$team: Friendly
$class: GVCv Sobek
$pos: -97609.312500, 2178.487061, 12534.725586
$label: Horus (2nd Vas BG)
+id: 8
$hlight: 0
$mirror: 0
$multi_text
$end_multi_text
$end_icon
$start_icon
$type: 28
$team: Friendly
$class: GTCv Deimos
$pos: -76639.429688, 2146.403076, 11555.940430
$label: Gemini (3rd Fleet)
+id: 10
$hlight: 0
$mirror: 1
$multi_text
$end_multi_text
$end_icon
$start_icon
$type: 28
$team: Friendly
$class: GTCv Deimos
$pos: -78843.335938, 2493.333008, -7678.201660
$label: Spectra (3rd Fleet)
+id: 11
$hlight: 0
$mirror: 1
$multi_text
$end_multi_text
$end_icon
$start_icon
$type: 28
$team: Friendly
$class: GVCv Sobek
$pos: -96939.335938, 3130.223145, -11003.471680
$label: Phanter (2nd Vas BG)
+id: 12
$hlight: 0
$mirror: 0
$multi_text
$end_multi_text
$end_icon
$start_icon
$type: 33
$team: Unknown
$class: GTNB Pharos
$pos: -66578.250000, -166.934601, 650.099304
$label: Gamma Draconis (Uncharted)
+id: 13
$hlight: 0
$mirror: 0
$multi_text
$end_multi_text
$end_icon
$end_stage
$end_briefing

#Debriefing_info

$Num stages: 6

$Formula: ( and 
   ( and 
      ( = @EnemyShipsDestroyed[0] 9 ) 
      ( = @CorvetteDestroyed[0] 0 ) 
   )
   ( not 
      ( is-destroyed-delay 0 "Aquitaine" ) 
   )
)
$Multi text
    XSTR("$B{ To Lt. Commander John Richter
77th Dark Angels Squadron $}

Outstanding job, pilot. We have decimated the $R Shivans with the $G 3rd $G Fleet and our Vasudan allies still intact. I have no words to describe this miracle. We were clearly out-numbered and out-gunned but your initiative and skills gave us the fighting chance to destroy the enemy leaving us unscathed. Also, with the intervention of the 7th battlegroup, we were able to destroy the Sathanas that had entered the field of engagement.


$B{ Admiral Petrarch
3rd Fleet GTVA $}

$P{ LCARS UPDATE: $} $G{New entries in Techroom Database $}", -1)
$end_multi_text
$Voice: none.wav
$Recommendation text:
    XSTR("Excellent use of your judgement. Bravo", -1)
$end_multi_text

$Formula: ( and 
   ( and 
      ( = @EnemyShipsDestroyed[0] 9 ) 
      ( = @CorvetteDestroyed[0] 4 ) 
   )
   ( not 
      ( is-destroyed-delay 0 "Aquitaine" ) 
   )
)
$Multi text
    XSTR("$B{ To Lt. Commander John Richter
77th Dark Angels Squadron $}

Thank you, Commander. You have helped us in wiping out the enemy fleet. It was a suicide mission but we were prepared for such losses. The enemy destroyed four of our best ships but it was a price to pay for such miracle. We owe our remembrance to those thousands that have died. They knew their duty and we honor them with this victory.

$B{ Admiral Petrarch
3rd Fleet GTVA $}

$P{ LCARS UPDATE: $} $G{New entries in Techroom Database $}", -1)
$end_multi_text
$Voice: none.wav
$Recommendation text:
    XSTR("Catastrophe. You should have eliminated those beam turrets before the fleet arrived. If all of the corvettes had survived, you would have received a medal.", -1)
$end_multi_text

$Formula: ( and 
   ( and 
      ( = @EnemyShipsDestroyed[0] 9 ) 
      ( = @CorvetteDestroyed[0] 2 ) 
   )
   ( not 
      ( is-destroyed-delay 0 "Aquitaine" ) 
   )
)
$Multi text
    XSTR("$B{ To Lt. Commander John Richter
77th Dark Angels Squadron $}

Nice work, Commander. You have helped us in wiping out the enemy fleet. It was a suicide mission but we were prepared for such losses. The enemy destroyed two of our best ships but it was a price to pay for such miracle. We owe our remembrance to those thousands that have died. They knew their duty and we honor them with this victory.

$B{ Admiral Petrarch
3rd Fleet GTVA $}

$P{ LCARS UPDATE: $} $G{New entries in Techroom Database $}", -1)
$end_multi_text
$Voice: none.wav
$Recommendation text:
    XSTR("Not good enough. You know, it's possible for all the corvettes to survive. Did you consider destroying those beam cannon before the fleet arrives? Missed a medal, my friend.  My hint, destroy turret 1, 2, 3 and 4 of the Ravana and the front left beam turret of the Demon.", -1)
$end_multi_text

$Formula: ( and 
   ( and 
      ( = @EnemyShipsDestroyed[0] 9 ) 
      ( = @CorvetteDestroyed[0] 1 ) 
   )
   ( not 
      ( is-destroyed-delay 0 "Aquitaine" ) 
   )
)
$Multi text
    XSTR("$B{ To Lt. Commander John Richter
77th Dark Angels Squadron $}

Great job, Commander. You have helped us in wiping out the enemy fleet. It was a suicide mission but we were prepared for such losses. The enemy destroyed only one of our best ships. We owe our remembrance to those thousands that have died. They knew their duty and we honor them with this victory.

$B{ Admiral Petrarch
3rd Fleet GTVA $}

$P{ LCARS UPDATE: $} $G{New entries in Techroom Database $}", -1)
$end_multi_text
$Voice: none.wav
$Recommendation text:
    XSTR("Adequate but no. It's really possible for all of the corvettes to survive. You would have received a medal if they did. Have you considered destroying those beam cannons before the fleet arrives? My hint,  destroy turret 1, 2, 3 and 4 of the Ravana and the left beam turret of the Demon and use Trebuchets.", -1)
$end_multi_text

$Formula: ( and 
   ( and 
      ( = @EnemyShipsDestroyed[0] 9 ) 
      ( = @CorvetteDestroyed[0] 3 ) 
   )
   ( not 
      ( is-destroyed-delay 0 "Aquitaine" ) 
   )
)
$Multi text
    XSTR("$B{ To Lt. Commander John Richter
77th Dark Angels Squadron $}

Good work, Commander. You have helped us in wiping out the enemy fleet. It was a suicide mission but we were prepared for such losses. The enemy destroyed three of our best ships but it was a price to pay for such miracle. We owe our remembrance to those thousands that have died. They knew their duty and we honor them with this victory.

$B{ Admiral Petrarch
3rd Fleet GTVA $}

$P{ LCARS UPDATE: $} $G{New entries in Techroom Database $}", -1)
$end_multi_text
$Voice: none.wav
$Recommendation text:
    XSTR("Not very good. It's possible for all of the corvettes to survive. You would have received a medal if they did. Have you considered destroying those beam cannons before the fleet arrives?", -1)
$end_multi_text

$Formula: ( is-destroyed-delay 0 "Aquitaine" ) 
$Multi text
    XSTR("$B{ To Lt. Commander John Richter
77th Dark Angels Squadron $}

The destruction of the $G Aquitaine and the death of its commander was a great loss to the GTVA. $b Admiral $b Petrarch was a war hero. We shall mourn and remember him in our hearts. Clearly, you were completely snowed under. But as a commander of an elite squadron, you must give your full capacity, all your initiative and skills to the utmost need. Asked yourself this, have you used your clear judgment today? Have you exhausted all the options that would have turned the tide in favor to us? Reflect on this.

$B{ Admiral William Cartwright
7th Battlegroup GTVA $}", -1)
$end_multi_text
$Voice: none.wav
$Recommendation text:
    XSTR("Target those deadly beam cannons. It should be your priority.", -1)
$end_multi_text

#Alternate Types:
$Alt: 77th Dark Angels
$Alt: 53rd Hammerheads
$Alt: 76th Ice Quuens
$Alt: 3rd Fleet
$Alt: 2nd Vasudan BG

#end


#Callsigns:
$Callsign: Skull Demons

#end


#Players		;! 1 total

$Starting Shipname: alpha 1
$Ship Choices: (
	"GTF Hercules Mark II"	12
	"GTF Ares"	12
	"GTF Erinyes"	4
	"GTB Boanerges"	12
	"GTF Falcon"	12
	"GTF Dark Angel"	12
)

+Weaponry Pool: (
	"Subach HL-7"	24
	"Morning Star"	24
	"Prometheus R"	24
	"Prometheus S"	24
	"Maxim"	24
	"UD-8 Kayser"	24
	"Circe"	12
	"Lamprey"	12
	"Ripper"	24
	"Devastator"	12
	"Rockeye"	500
	"Tempest"	3000
	"Harpoon"	1000
	"Trebuchet"	900
	"Stiletto II"	1000
	"Infyrno"	1000
	"Cyclops"	500
	"Screamer"	4000
	"Hunter"	2000
	"Hornet"	2400
	"Tornado"	1152
)

#Objects		;! 361 total

$Name: alpha 1		;! Object #0
$Class: GTF Phoenix
$Alt: 77th Dark Angels

$Team: Friendly
$Location: 1458.720337, 749.326172, 3773.491211
$Orientation:
	0.968633, 0.000000, 0.248495,
	-0.034915, 0.990080, 0.136098,
	-0.246030, -0.140505, 0.959024
$AI Behavior: None
$Cargo 1:  XSTR("Nothing", -1)
+Initial Hull: 100
+Subsystem: Pilot
$Arrival Location: Hyperspace
$Arrival Cue: ( false ) 
$Departure Location: Hyperspace
$Departure Cue: ( false ) 
$Determination: 10
+Flags: ( "cargo-known" "player-start" )
+Flags2: ( )
+Respawn priority: 0
+Orders Accepted: 33023		;! note that this is a bitfield!!!
+Group: 0
+Score: 8

$Name: alpha 2		;! Object #1
$Class: GTF Phoenix
$Alt: 77th Dark Angels

$Team: Friendly
$Location: 1519.361206, 736.747375, 3965.229980
$Orientation:
	0.970229, 0.000000, 0.242189,
	-0.033856, 0.990181, 0.135631,
	-0.239811, -0.139793, 0.960702
$AI Behavior: None
+AI Class: Colonel
$Cargo 1:  XSTR("Nothing", -1)
+Initial Hull: 100
+Subsystem: Pilot
$Arrival Location: Hyperspace
$Arrival Cue: ( false ) 
$Departure Location: Hyperspace
$Departure Cue: ( false ) 
$Determination: 10
+Flags: ( "cargo-known" )
+Flags2: ( )
+Respawn priority: 0
+Orders Accepted: 33023		;! note that this is a bitfield!!!
+Group: 0
+Use Table Score:
+Score: 15

$Name: alpha 3		;! Object #2
$Class: GTF Phoenix
$Alt: 77th Dark Angels

$Team: Friendly
$Location: 1479.899048, 803.921936, 3874.838867
$Orientation:
	0.968076, 0.000000, 0.250657,
	-0.034969, 0.990221, 0.135057,
	-0.248206, -0.139511, 0.958609
$AI Behavior: None
+AI Class: Colonel
$Cargo 1:  XSTR("Nothing", -1)
+Initial Hull: 100
+Subsystem: Pilot
$Arrival Location: Hyperspace
$Arrival Cue: ( false ) 
$Departure Location: Hyperspace
$Departure Cue: ( false ) 
$Determination: 10
+Flags: ( "cargo-known" )
+Flags2: ( )
+Respawn priority: 0
+Orders Accepted: 33023		;! note that this is a bitfield!!!
+Group: 0
+Use Table Score:
+Score: 15

$Name: alpha 4		;! Object #3
$Class: GTF Phoenix
$Alt: 77th Dark Angels

$Team: Friendly
$Location: 1347.022827, 803.847595, 3864.067871
$Orientation:
	0.969425, 0.000000, 0.245390,
	-0.034075, 0.990312, 0.134616,
	-0.243012, -0.138862, 0.960033
$AI Behavior: None
+AI Class: Colonel
$Cargo 1:  XSTR("Nothing", -1)
+Initial Hull: 100
+Subsystem: Pilot
$Arrival Location: Hyperspace
$Arrival Cue: ( false ) 
$Departure Location: Hyperspace
$Departure Cue: ( false ) 
$Determination: 10
+Flags: ( "cargo-known" )
+Flags2: ( )
+Respawn priority: 0
+Orders Accepted: 33023		;! note that this is a bitfield!!!
+Group: 0
+Use Table Score:
+Score: 15

$Name: beta 1		;! Object #4
$Class: GTF Phoenix
$Alt: 77th Dark Angels

$Team: Friendly
$Location: 1204.985352, 838.577271, 4096.045410
$Orientation:
	0.973167, 0.000000, 0.230099,
	-0.031736, 0.990443, 0.134222,
	-0.227900, -0.137922, 0.963867
$AI Behavior: None
+AI Class: Colonel
$Cargo 1:  XSTR("Nothing", -1)
+Initial Hull: 100
+Subsystem: Pilot
$Arrival Location: Hyperspace
$Arrival Cue: ( false ) 
$Departure Location: Hyperspace
$Departure Cue: ( false ) 
$Determination: 10
+Flags: ( "cargo-known" )
+Flags2: ( )
+Respawn priority: 0
+Orders Accepted: 33023		;! note that this is a bitfield!!!
+Group: 0
+Use Table Score:
+Score: 15
+Persona Index: 0

$Name: beta 2		;! Object #5
$Class: GTF Phoenix
$Alt: 77th Dark Angels

$Team: Friendly
$Location: 1223.187256, 714.629211, 3976.411621
$Orientation:
	0.974929, 0.000000, 0.222517,
	-0.030543, 0.990535, 0.133820,
	-0.220411, -0.137261, 0.965701
$AI Behavior: None
+AI Class: Colonel
$Cargo 1:  XSTR("Nothing", -1)
+Initial Hull: 100
+Subsystem: Pilot
$Arrival Location: Hyperspace
$Arrival Cue: ( false ) 
$Departure Location: Hyperspace
$Departure Cue: ( false ) 
$Determination: 10
+Flags: ( "cargo-known" )
+Flags2: ( )
+Respawn priority: 0
+Orders Accepted: 33023		;! note that this is a bitfield!!!
+Group: 0
+Use Table Score:
+Score: 15
+Persona Index: 1

$Name: beta 3		;! Object #6
$Class: GTF Phoenix
$Alt: 77th Dark Angels

$Team: Friendly
$Location: 1118.180908, 770.900024, 4001.499756
$Orientation:
	0.972626, 0.000000, 0.232375,
	-0.031793, 0.990596, 0.133072,
	-0.230190, -0.136818, 0.963480
$AI Behavior: None
+AI Class: Colonel
$Cargo 1:  XSTR("Nothing", -1)
+Initial Hull: 100
+Subsystem: Pilot
$Arrival Location: Hyperspace
$Arrival Cue: ( false ) 
$Departure Location: Hyperspace
$Departure Cue: ( false ) 
$Determination: 10
+Flags: ( "cargo-known" )
+Flags2: ( )
+Respawn priority: 0
+Orders Accepted: 33023		;! note that this is a bitfield!!!
+Group: 0
+Use Table Score:
+Score: 15
+Persona Index: 2

$Name: beta 4		;! Object #7
$Class: GTF Phoenix
$Alt: 77th Dark Angels

$Team: Friendly
$Location: 1234.972534, 770.899902, 4201.977051
$Orientation:
	0.973842, 0.000000, 0.227226,
	-0.030970, 0.990668, 0.132731,
	-0.225106, -0.136296, 0.964754
$AI Behavior: None
+AI Class: Colonel
$Cargo 1:  XSTR("Nothing", -1)
+Initial Hull: 100
+Subsystem: Pilot
$Arrival Location: Hyperspace
$Arrival Cue: ( false ) 
$Departure Location: Hyperspace
$Departure Cue: ( false ) 
$Determination: 10
+Flags: ( "cargo-known" )
+Flags2: ( )
+Respawn priority: 0
+Orders Accepted: 33023		;! note that this is a bitfield!!!
+Group: 0
+Use Table Score:
+Score: 15
+Persona Index: 3

$Name: gamma 1		;! Object #8
$Class: GTF Phoenix
$Alt: 77th Dark Angels

$Team: Friendly
$Location: 1413.791504, 773.427368, 3995.804688
$Orientation:
	0.966113, 0.000000, 0.258120,
	-0.035341, 0.990582, 0.132278,
	-0.255689, -0.136918, 0.957015
$AI Behavior: None
+AI Class: Colonel
$Cargo 1:  XSTR("Nothing", -1)
+Initial Hull: 100
+Subsystem: Pilot
$Arrival Location: Hyperspace
$Arrival Cue: ( false ) 
$Departure Location: Hyperspace
$Departure Cue: ( false ) 
$Determination: 10
+Flags: ( "cargo-known" )
+Flags2: ( )
+Respawn priority: 0
+Orders Accepted: 33023		;! note that this is a bitfield!!!
+Group: 0
+Use Table Score:
+Score: 15
+Persona Index: 4

$Name: gamma 2		;! Object #9
$Class: GTF Phoenix
$Alt: 77th Dark Angels

$Team: Friendly
$Location: 1322.080322, 688.390686, 4105.140137
$Orientation:
	0.964629, 0.000000, 0.263613,
	-0.035842, 0.990714, 0.131156,
	-0.261165, -0.135965, 0.955671
$AI Behavior: None
+AI Class: Colonel
$Cargo 1:  XSTR("Nothing", -1)
+Initial Hull: 100
+Subsystem: Pilot
$Arrival Location: Hyperspace
$Arrival Cue: ( false ) 
$Departure Location: Hyperspace
$Departure Cue: ( false ) 
$Determination: 10
+Flags: ( "cargo-known" )
+Flags2: ( )
+Respawn priority: 0
+Orders Accepted: 33023		;! note that this is a bitfield!!!
+Group: 0
+Use Table Score:
+Score: 15
+Persona Index: 2

$Name: gamma 3		;! Object #10
$Class: GTF Phoenix
$Alt: 77th Dark Angels

$Team: Friendly
$Location: 1432.284668, 718.188293, 4091.005615
$Orientation:
	0.968008, 0.000000, 0.250919,
	-0.034207, 0.990664, 0.131965,
	-0.248576, -0.136326, 0.958971
$AI Behavior: None
+AI Class: Colonel
$Cargo 1:  XSTR("Nothing", -1)
+Initial Hull: 100
+Subsystem: Pilot
$Arrival Location: Hyperspace
$Arrival Cue: ( false ) 
$Departure Location: Hyperspace
$Departure Cue: ( false ) 
$Determination: 10
+Flags: ( "cargo-known" )
+Flags2: ( )
+Respawn priority: 0
+Orders Accepted: 33023		;! note that this is a bitfield!!!
+Group: 0
+Use Table Score:
+Score: 15
+Persona Index: 3

$Name: gamma 4		;! Object #11
$Class: GTF Phoenix
$Alt: 77th Dark Angels

$Team: Friendly
$Location: 1298.644409, 770.900024, 4034.349854
$Orientation:
	0.967043, 0.000000, 0.254612,
	-0.034441, 0.990809, 0.130812,
	-0.252272, -0.135270, 0.958155
$AI Behavior: None
+AI Class: Colonel
$Cargo 1:  XSTR("Nothing", -1)
+Initial Hull: 100
+Subsystem: Pilot
$Arrival Location: Hyperspace
$Arrival Cue: ( false ) 
$Departure Location: Hyperspace
$Departure Cue: ( false ) 
$Determination: 10
+Flags: ( "cargo-known" )
+Flags2: ( )
+Respawn priority: 0
+Orders Accepted: 33023		;! note that this is a bitfield!!!
+Group: 0
+Use Table Score:
+Score: 15
+Persona Index: 3

$Name: Argelius		;! Object #12
$Class: SD Ravana
$Team: Hostile
$Location: 205.997910, 99.207092, 8478.282227
$Orientation:
	-0.856889, 0.000000, 0.515502,
	-0.186413, 0.932327, -0.309864,
	-0.480616, -0.361616, -0.798901
$AI Behavior: None
+AI Class: BP2-Lieutenant
$Cargo 1:  XSTR("Nothing", -1)
+Initial Velocity: 33
+Initial Hull: 100
+Initial Shields: 100
+Subsystem: Pilot
+Subsystem: turret01
+Subsystem: turret02
+Subsystem: turret03
+Subsystem: turret04
+Subsystem: turret05
+Subsystem: turret06
+Subsystem: turret07
+Subsystem: turret08
+Subsystem: turret09
+Subsystem: turret10
+Subsystem: turret11
+Subsystem: turret12
+Subsystem: turret13
+Subsystem: turret14
+Subsystem: turret15
+Subsystem: turret16
+Subsystem: turret17
+Subsystem: turret18
+Subsystem: turret19
+Subsystem: turret20
+Subsystem: turret21
+Subsystem: turret22
+Subsystem: turret23
+Subsystem: turret24
+Subsystem: turret25
+Subsystem: turret26
+Subsystem: turret27
+Subsystem: turret28
+Subsystem: turret29
+Subsystem: turret30
$Arrival Location: Hyperspace
$Arrival Cue: ( true ) 
$Departure Location: Hyperspace
$Departure Cue: ( false ) 
$Determination: 10
+Flags: ( "no-shields" )
+Flags2: ( )
+Respawn priority: 0
+Orders Accepted: 0		;! note that this is a bitfield!!!
+Group: 0
+Use Table Score:
+Score: 670

$Name: Pentacon		;! Object #13
$Class: SCv Moloch
$Team: Hostile
$Location: -1680.344849, 326.790283, 7361.649902
$Orientation:
	-0.856889, -0.000000, 0.515502,
	-0.186413, 0.932327, -0.309864,
	-0.480616, -0.361615, -0.798901
$AI Behavior: None
+AI Class: BP2-Lieutenant
$Cargo 1:  XSTR("Nothing", -1)
+Initial Velocity: 33
+Initial Hull: 100
+Initial Shields: 100
+Subsystem: Pilot
+Subsystem: turret01
+Subsystem: turret02
+Subsystem: turret03
+Subsystem: turret04
+Subsystem: turret05
+Subsystem: turret06
+Subsystem: turret07
+Subsystem: turret08
+Subsystem: turret09
+Subsystem: turret10
+Subsystem: turret11
+Subsystem: turret12
+Subsystem: turret13
+Subsystem: turret14
+Subsystem: turret15
+Subsystem: turret16
$Arrival Location: Hyperspace
$Arrival Cue: ( true ) 
$Departure Location: Hyperspace
$Departure Cue: ( false ) 
$Determination: 10
+Flags: ( "no-shields" )
+Flags2: ( )
+Respawn priority: 0
+Orders Accepted: 0		;! note that this is a bitfield!!!
+Group: 0
+Use Table Score:
+Score: 440

$Name: Malakit		;! Object #14
$Class: SCv Moloch
$Team: Hostile
$Location: 1033.582886, -730.709167, 7163.844238
$Orientation:
	-0.856889, -0.000000, 0.515502,
	-0.186413, 0.932327, -0.309864,
	-0.480616, -0.361615, -0.798901
$AI Behavior: None
+AI Class: BP2-Lieutenant
$Cargo 1:  XSTR("Nothing", -1)
+Initial Velocity: 33
+Initial Hull: 100
+Initial Shields: 100
+Subsystem: Pilot
+Subsystem: turret01
+Subsystem: turret02
+Subsystem: turret03
+Subsystem: turret04
+Subsystem: turret05
+Subsystem: turret06
+Subsystem: turret07
+Subsystem: turret08
+Subsystem: turret09
+Subsystem: turret10
+Subsystem: turret11
+Subsystem: turret12
+Subsystem: turret13
+Subsystem: turret14
+Subsystem: turret15
+Subsystem: turret16
$Arrival Location: Hyperspace
$Arrival Cue: ( true ) 
$Departure Location: Hyperspace
$Departure Cue: ( false ) 
$Determination: 10
+Flags: ( "no-shields" )
+Flags2: ( )
+Respawn priority: 0
+Orders Accepted: 0		;! note that this is a bitfield!!!
+Group: 0
+Use Table Score:
+Score: 440

$Name: Alversi		;! Object #15
$Class: SCv Moloch
$Team: Hostile
$Location: -221.689743, -1402.212891, 6176.381348
$Orientation:
	-0.856889, -0.000000, 0.515502,
	-0.186413, 0.932327, -0.309864,
	-0.480616, -0.361615, -0.798901
$AI Behavior: None
+AI Class: BP2-Lieutenant
$Cargo 1:  XSTR("Nothing", -1)
+Initial Velocity: 33
+Initial Hull: 100
+Initial Shields: 100
+Subsystem: Pilot
+Subsystem: turret01
+Subsystem: turret02
+Subsystem: turret03
+Subsystem: turret04
+Subsystem: turret05
+Subsystem: turret06
+Subsystem: turret07
+Subsystem: turret08
+Subsystem: turret09
+Subsystem: turret10
+Subsystem: turret11
+Subsystem: turret12
+Subsystem: turret13
+Subsystem: turret14
+Subsystem: turret15
+Subsystem: turret16
$Arrival Location: Hyperspace
$Arrival Cue: ( true ) 
$Departure Location: Hyperspace
$Departure Cue: ( false ) 
$Determination: 10
+Flags: ( "no-shields" )
+Flags2: ( )
+Respawn priority: 0
+Orders Accepted: 0		;! note that this is a bitfield!!!
+Group: 0
+Use Table Score:
+Score: 440

$Name: Canopus		;! Object #16
$Class: SC Rakshasa
$Team: Hostile
$Location: -1456.326416, -1513.686646, 5802.245117
$Orientation:
	-0.856889, -0.000000, 0.515502,
	-0.186413, 0.932327, -0.309864,
	-0.480616, -0.361615, -0.798901
$AI Behavior: None
+AI Class: BP2-Lieutenant
$Cargo 1:  XSTR("Nothing", -1)
+Initial Velocity: 33
+Initial Hull: 100
+Initial Shields: 100
+Subsystem: Pilot
+Subsystem: turret01
+Subsystem: turret02
+Subsystem: turret03
+Subsystem: turret04
+Subsystem: turret05
+Subsystem: turret06
+Subsystem: turret07
+Subsystem: turret08
+Subsystem: turret09
+Subsystem: turret10
+Subsystem: turret11
+Subsystem: turret12
+Subsystem: turret13
+Subsystem: turret14
$Arrival Location: Hyperspace
$Arrival Cue: ( true ) 
$Departure Location: Hyperspace
$Departure Cue: ( false ) 
$Determination: 10
+Flags: ( "no-shields" )
+Flags2: ( )
+Respawn priority: 0
+Orders Accepted: 0		;! note that this is a bitfield!!!
+Group: 0
+Use Table Score:
+Score: 300

$Name: Cyteen		;! Object #17
$Class: SC Rakshasa
$Team: Hostile
$Location: -2556.393555, -1603.192017, 7271.646973
$Orientation:
	-0.856889, -0.000000, 0.515502,
	-0.186413, 0.932327, -0.309864,
	-0.480616, -0.361615, -0.798901
$AI Behavior: None
+AI Class: BP2-Lieutenant
$Cargo 1:  XSTR("Nothing", -1)
+Initial Velocity: 33
+Initial Hull: 100
+Initial Shields: 100
+Subsystem: Pilot
+Subsystem: turret01
+Subsystem: turret02
+Subsystem: turret03
+Subsystem: turret04
+Subsystem: turret05
+Subsystem: turret06
+Subsystem: turret07
+Subsystem: turret08
+Subsystem: turret09
+Subsystem: turret10
+Subsystem: turret11
+Subsystem: turret12
+Subsystem: turret13
+Subsystem: turret14
$Arrival Location: Hyperspace
$Arrival Cue: ( true ) 
$Departure Location: Hyperspace
$Departure Cue: ( false ) 
$Determination: 10
+Flags: ( "no-shields" )
+Flags2: ( )
+Respawn priority: 0
+Orders Accepted: 0		;! note that this is a bitfield!!!
+Group: 0
+Use Table Score:
+Score: 300

$Name: Rictus		;! Object #18
$Class: SC Rakshasa
$Team: Hostile
$Location: -930.300781, -285.169708, 5177.229492
$Orientation:
	-0.856889, -0.000000, 0.515502,
	-0.186413, 0.932327, -0.309864,
	-0.480616, -0.361615, -0.798901
$AI Behavior: None
+AI Class: BP2-Lieutenant
$Cargo 1:  XSTR("Nothing", -1)
+Initial Velocity: 33
+Initial Hull: 100
+Initial Shields: 100
+Subsystem: Pilot
+Subsystem: turret01
+Subsystem: turret02
+Subsystem: turret03
+Subsystem: turret04
+Subsystem: turret05
+Subsystem: turret06
+Subsystem: turret07
+Subsystem: turret08
+Subsystem: turret09
+Subsystem: turret10
+Subsystem: turret11
+Subsystem: turret12
+Subsystem: turret13
+Subsystem: turret14
$Arrival Location: Hyperspace
$Arrival Cue: ( true ) 
$Departure Location: Hyperspace
$Departure Cue: ( false ) 
$Determination: 10
+Flags: ( "no-shields" )
+Flags2: ( )
+Respawn priority: 0
+Orders Accepted: 0		;! note that this is a bitfield!!!
+Group: 0
+Use Table Score:
+Score: 300

$Name: Sathrum		;! Object #19
$Class: SC Cain
$Team: Hostile
$Location: -954.514343, 654.757019, 4686.862305
$Orientation:
	-0.856889, -0.000000, 0.515502,
	-0.186413, 0.932327, -0.309864,
	-0.480616, -0.361615, -0.798901
$AI Behavior: None
+AI Class: BP2-Lieutenant
$Cargo 1:  XSTR("Nothing", -1)
+Initial Velocity: 33
+Initial Hull: 100
+Initial Shields: 100
+Subsystem: Pilot
+Subsystem: turret01
+Subsystem: turret02
+Subsystem: turret03
+Subsystem: turret04
+Subsystem: turret05
+Subsystem: turret06
+Subsystem: turret07
+Primary Banks: ( "SAAA" )
+Subsystem: turret08
+Sbank Ammo: ( 0 )
+Subsystem: turret09
+Sbank Ammo: ( 0 )
$Arrival Location: Hyperspace
$Arrival Cue: ( true ) 
$Departure Location: Hyperspace
$Departure Cue: ( false ) 
$Determination: 10
+Flags: ( "no-shields" )
+Flags2: ( )
+Respawn priority: 0
+Orders Accepted: 0		;! note that this is a bitfield!!!
+Group: 0
+Use Table Score:
+Score: 150

$Name: Aquitaine		;! Object #20
$Class: GTD Hecate
$Alt: 3rd Fleet

$Team: Friendly
$Location: -425.045197, 5140.708008, -1167.293701
$Orientation:
	1.000000, 0.000000, 0.000000,
	0.000000, 0.847255, 0.531186,
	0.000000, -0.531186, 0.847255
$AI Behavior: None
+AI Class: BP2-Lieutenant
$Cargo 1:  XSTR("Nothing", -1)
+Initial Hull: 100
+Initial Shields: 100
+Subsystem: Pilot
+Subsystem: turret01
+Subsystem: turret02
+Subsystem: turret03
+Subsystem: turret04
+Subsystem: turret05
+Subsystem: turret06
+Subsystem: turret07
+Subsystem: turret08
+Subsystem: turret09
+Subsystem: turret10
+Subsystem: turret11
+Subsystem: turret12
+Subsystem: turret13
+Subsystem: turret14
+Subsystem: turret15
+Subsystem: turret16
+Subsystem: turret17
+Subsystem: turret18
+Subsystem: turret19
+Subsystem: turret20
+Subsystem: turret21
+Subsystem: turret22
+Primary Banks: ( "BGreen" )
+Subsystem: turret23
+Subsystem: turret24
+Primary Banks: ( "BGreen" )
+Subsystem: turret25
+Subsystem: turret26
+Subsystem: turret27
$Arrival Location: Hyperspace
+Arrival Delay: 100
$Arrival Cue: ( true ) 
$Departure Location: Hyperspace
$Departure Cue: ( false ) 
$Determination: 10
+Flags: ( "cargo-known" "no-shields" "escort" )
+Flags2: ( )
+Respawn priority: 0
+Escort priority: 1
+Orders Accepted: 0		;! note that this is a bitfield!!!
+Group: 0
+Use Table Score:
+Score: 1300

$Name: Gemini		;! Object #21
$Class: GTCv Deimos
$Alt: 3rd Fleet

$Team: Friendly
$Location: -1131.832031, 2146.408447, 1105.193481
$Orientation:
	1.000000, 0.000000, -0.000000,
	0.000000, 0.847255, 0.531186,
	0.000000, -0.531186, 0.847255
$AI Behavior: None
+AI Class: BP2-Lieutenant
$AI Goals: ( goals ( ai-chase "Sathrum" 89 ) ( ai-chase "Canopus" 88 ) ( ai-waypoints-once "gemini A" 87 ) ( ai-chase "Pentacon" 86 ) ( ai-chase "Devora" 85 ) )
$Cargo 1:  XSTR("Nothing", -1)
+Initial Hull: 100
+Initial Shields: 100
+Subsystem: Pilot
+Subsystem: turret01
+Subsystem: turret02
+Subsystem: turret03
+Subsystem: turret04
+Subsystem: turret05
+Subsystem: turret06
+Subsystem: turret07
+Subsystem: turret08
+Subsystem: turret09
+Subsystem: turret10
+Subsystem: turret11
+Subsystem: turret12
+Subsystem: turret13
+Subsystem: turret14
+Subsystem: turret15
+Subsystem: turret16
+Subsystem: turret17
+Subsystem: turret18
+Subsystem: turret19
+Subsystem: turret20
+Subsystem: turret21
+Subsystem: turret22
+Subsystem: turret23
+Subsystem: turret24
+Subsystem: turret25
+Subsystem: turret26
$Arrival Location: Hyperspace
+Arrival Delay: 100
$Arrival Cue: ( true ) 
$Departure Location: Hyperspace
$Departure Cue: ( false ) 
$Determination: 10
+Flags: ( "cargo-known" "no-shields" "escort" )
+Flags2: ( )
+Respawn priority: 0
+Escort priority: 3
+Orders Accepted: 1		;! note that this is a bitfield!!!
+Group: 0
+Use Table Score:
+Score: 800

$Name: Spectra		;! Object #22
$Class: GTCv Deimos
$Alt: 3rd Fleet

$Team: Friendly
$Location: 39.918037, 2493.325684, 524.715637
$Orientation:
	1.000000, 0.000000, -0.000000,
	0.000000, 0.847255, 0.531186,
	0.000000, -0.531186, 0.847255
$AI Behavior: None
+AI Class: BP2-Lieutenant
$AI Goals: ( goals ( ai-waypoints-once "Spactra A" 89 ) ( ai-chase "Alversi" 88 ) ( ai-chase "Rictus" 87 ) ( ai-chase "Canopus" 86 ) ( ai-chase "Argelius" 85 ) )
$Cargo 1:  XSTR("Nothing", -1)
+Initial Hull: 100
+Initial Shields: 100
+Subsystem: Pilot
+Subsystem: turret01
+Subsystem: turret02
+Subsystem: turret03
+Subsystem: turret04
+Subsystem: turret05
+Subsystem: turret06
+Subsystem: turret07
+Subsystem: turret08
+Subsystem: turret09
+Subsystem: turret10
+Subsystem: turret11
+Subsystem: turret12
+Subsystem: turret13
+Subsystem: turret14
+Subsystem: turret15
+Subsystem: turret16
+Subsystem: turret17
+Subsystem: turret18
+Subsystem: turret19
+Subsystem: turret20
+Subsystem: turret21
+Subsystem: turret22
+Subsystem: turret23
+Subsystem: turret24
+Subsystem: turret25
+Subsystem: turret26
$Arrival Location: Hyperspace
+Arrival Delay: 100
$Arrival Cue: ( true ) 
$Departure Location: Hyperspace
$Departure Cue: ( false ) 
$Determination: 10
+Flags: ( "cargo-known" "no-shields" "escort" )
+Flags2: ( )
+Respawn priority: 0
+Escort priority: 4
+Orders Accepted: 1		;! note that this is a bitfield!!!
+Group: 0
+Use Table Score:
+Score: 800

$Name: Phanter		;! Object #23
$Class: GVCv Sobek
$Alt: 2nd Vasudan BG

$Team: Friendly
$Location: 1126.610229, 3130.223389, 1250.055786
$Orientation:
	1.000000, 0.000000, -0.000000,
	0.000000, 0.847255, 0.531186,
	0.000000, -0.531186, 0.847255
$AI Behavior: None
+AI Class: BP2-Lieutenant
$AI Goals: ( goals ( ai-waypoints-once "Phanter A" 89 ) ( ai-chase "Malakit" 88 ) ( ai-chase "Alversi" 87 ) ( ai-chase "Argelius" 86 ) ( ai-chase "Devora" 85 ) )
$Cargo 1:  XSTR("Nothing", -1)
+Initial Hull: 100
+Initial Shields: 100
+Subsystem: Pilot
+Subsystem: turret01
+Subsystem: turret02
+Subsystem: turret03
+Subsystem: turret04
+Subsystem: turret05
+Subsystem: turret06
+Subsystem: turret07
+Subsystem: turret08
+Subsystem: turret09
+Subsystem: turret10
+Subsystem: turret11
+Subsystem: turret12
+Subsystem: turret13
+Subsystem: turret14
+Subsystem: turret15
+Subsystem: turret16
+Subsystem: turret17
+Subsystem: turret18
+Subsystem: turret19
+Subsystem: turret20
+Subsystem: turret21
+Subsystem: turret22
$Arrival Location: Hyperspace
+Arrival Delay: 100
$Arrival Cue: ( true ) 
$Departure Location: Hyperspace
$Departure Cue: ( false ) 
$Determination: 10
+Flags: ( "cargo-known" "no-shields" "escort" )
+Flags2: ( )
+Respawn priority: 0
+Escort priority: 5
+Special Hitpoints: 100000
+Orders Accepted: 1		;! note that this is a bitfield!!!
+Group: 0
+Score: 800

$Name: Horus		;! Object #24
$Class: GVCv Sobek
$Alt: 2nd Vasudan BG

$Team: Friendly
$Location: -2369.426514, 2178.480469, 2248.231689
$Orientation:
	1.000000, 0.000000, -0.000000,
	0.000000, 0.847255, 0.531186,
	0.000000, -0.531186, 0.847255
$AI Behavior: None
+AI Class: BP2-Major
$AI Goals: ( goals ( ai-chase "Cyteen" 87 ) ( ai-chase "Canopus" 86 ) ( ai-waypoints-once "Horus A" 50 ) ( ai-chase "Pentacon" 50 ) ( ai-chase "Devora" 50 ) )
$Cargo 1:  XSTR("Nothing", -1)
+Initial Hull: 100
+Initial Shields: 100
+Subsystem: Pilot
+Subsystem: turret01
+AI Class: BP2-Major
+Subsystem: turret02
+AI Class: BP2-Major
+Subsystem: turret03
+AI Class: BP2-Major
+Subsystem: turret04
+AI Class: BP2-Major
+Subsystem: turret05
+Subsystem: turret06
+Subsystem: turret07
+Subsystem: turret08
+Subsystem: turret09
+AI Class: BP2-Colonel
+Subsystem: turret10
+Subsystem: turret11
+Subsystem: turret12
+Subsystem: turret13
+Subsystem: turret14
+AI Class: BP2-Colonel
+Subsystem: turret15
+Subsystem: turret16
+Subsystem: turret17
+Subsystem: turret18
+Subsystem: turret19
+Subsystem: turret20
+Subsystem: turret21
+Subsystem: turret22
$Arrival Location: Hyperspace
+Arrival Delay: 100
$Arrival Cue: ( true ) 
$Departure Location: Hyperspace
$Departure Cue: ( false ) 
$Determination: 10
+Flags: ( "cargo-known" "no-shields" "escort" )
+Flags2: ( )
+Respawn priority: 0
+Escort priority: 6
+Special Hitpoints: 100000
+Orders Accepted: 1		;! note that this is a bitfield!!!
+Group: 0
+Score: 800

$Name: Devora		;! Object #25
$Class: SD Demon
$Team: Hostile
$Location: -2657.855469, 0.000000, 8450.657227
$Orientation:
	-0.807088, 0.000000, 0.590431,
	-0.277872, 0.882333, -0.379837,
	-0.520957, -0.470626, -0.712121
$AI Behavior: None
+AI Class: BP2-Lieutenant
$Cargo 1:  XSTR("Nothing", -1)
+Initial Velocity: 33
+Initial Hull: 100
+Initial Shields: 100
+Subsystem: Pilot
+Subsystem: turret01-base
+Subsystem: turret02-base
+Subsystem: turret03a-base
+Subsystem: turret04-base
+Subsystem: turret05-base
+Subsystem: turret06a-base
+Subsystem: turret07a-base
+Subsystem: turret08-base
+Subsystem: turret09-base
+Subsystem: turret10-base
+Subsystem: turret11-base
+Subsystem: turret12-base
+Subsystem: turret13-base
+Subsystem: turret14-base
+Subsystem: turret15-base
+Subsystem: turret16-base
+Subsystem: turret17-base
+Subsystem: turret18-base
+Subsystem: turret19-base
+Subsystem: turret20-base
+Subsystem: turret21-base
+Subsystem: turret22
+Subsystem: turret23
+Subsystem: turret24
+Subsystem: turret25
+Subsystem: turret26
$Arrival Location: Hyperspace
$Arrival Cue: ( true ) 
$Departure Location: Hyperspace
$Departure Cue: ( false ) 
$Determination: 10
+Flags: ( "no-shields" )
+Flags2: ( )
+Respawn priority: 0
+Orders Accepted: 0		;! note that this is a bitfield!!!
+Group: 0
+Use Table Score:
+Score: 840

$Name: foxtrot 1		;! Object #26
$Class: GTF Ares
$Alt: 53rd Hammerheads

$Team: Friendly
$Location: 318.490875, 3607.250000, 2000.062988
$Orientation:
	1.000000, 0.000000, 0.000000,
	0.000000, 1.000000, 0.000000,
	0.000000, 0.000000, 1.000000
$AI Behavior: None
+AI Class: Major
$Cargo 1:  XSTR("Nothing", -1)
+Initial Velocity: 33
+Initial Hull: 100
+Subsystem: Pilot
+Primary Banks: ( "UD-8 Kayser" "Maxim" )
+Secondary Banks: ( "Hornet" "Hornet" )
$Arrival Location: Hyperspace
$Arrival Cue: ( false ) 
$Departure Location: Hyperspace
$Departure Cue: ( false ) 
$Determination: 10
+Flags: ( "cargo-known" )
+Flags2: ( )
+Respawn priority: 0
+Special Hitpoints: 1000
+Orders Accepted: 0		;! note that this is a bitfield!!!
+Group: 0
+Use Table Score:
+Score: 15
+Persona Index: 0

