#Mission Info

$Version: 0.10
$Name:  XSTR("Final Confrontation", -1)
$Author: Herkie del Socorro
$Created: 05/20/11 at 23:02:41
$Modified: 10/20/20 at 18:36:23
$Notes:
Inspired by the ending scenes of Star Wars: The Return of the Jedi. This is actually my first FRED mission before I started making the campaign.
$End Notes:

$Mission Desc:
 XSTR("The final confrontation of the rebellion... Wait,... This is not Star Wars!
", -1)
$end_multi_text
+Game Type Flags: 1
+Flags: 2112
+Fog Near Mult: 1.000000

+Fog Far Mult: 1.000000

+Disallow Support: 0
+Hull Repair Ceiling: 100.000000
+Subsystem Repair Ceiling: 80.000000

+Viewer pos: 344.031616, 59.177582, -1517.127197
+Viewer orient:
	0.999644, 0.000003, -0.026692,
	-0.005788, 0.976229, -0.216663,
	0.026057, 0.216740, 0.975882

$Squadron wing names: ( "Alpha" "Beta" "Gamma" "Delta" "Echo" )

$Load Screen 640:	LoadAct10Sa.dds
$Load Screen 1024:	LoadAct10La.dds

$Skybox Model: earthskybox.pof

$AI Profile: AF1

#Command Briefing

$Stage Text:
 XSTR("$B{To the 77th Dark Angels Squadron
Galactic Terran-Vasudan Alliance $}

This is it. Our finest hour. This is the last of the $R Shivans right here, right now. Because of the success of the previous mission, the enemy is wounded badly and has retreated to their home planet. Nevertheless, here in this final confrontation, you will be outnumbered and maybe outgunned but we must face these odds to destroy the enemy. Even with those odds, our victory is already assured from the moment we have wiped out most of their fleet in our engagements. Just one more task left to do. You are now part of history in this glorious battle. Our future generations will remember this day.

$B{GTVA High Command
GTSD Jupiter, 12th SOC Fleet $}", -1)
$end_multi_text
$Ani Filename: cb_Act10d.ani
+Wave Filename: none

$Stage Text:
 XSTR("$B{Personal log: 
Captain John Richter
December 27, 2371
Shiva System $}

I have nothing more to log. Everything I want to say has been said. I may not live to see victory but knowing that the galaxy is safe, I can rest easy. The voices of the cosmos have assured me of that. Their calls are so clear now. I see them in my mind among the stars. I can still remember how it all began. I owe it all to them whatever they are. I do this for my fallen comrades, to friends I have lost. This will be a big day. My final battle. My ultimate glory. My only destiny.", -1)
$end_multi_text
$Ani Filename: cb_Act10d.ani
+Wave Filename: none

#Briefing
$start_briefing
$num_stages: 5
$start_stage
$multi_text
 XSTR("Now, here is the situation. The $V Shivan $V Supreme $V Leader is located on their $Y home $Y planet aboard his flagship, $R Grond. The last of the juggernauts. This is where we will launch our final assault. 


", -1)
$end_multi_text
$voice: none.wav
$camera_pos: -652.175110, 378.191956, 4904.444824
$camera_orient:
	0.999986, 0.000001, 0.005317,
	-0.000834, 0.987636, 0.156764,
	-0.005251, -0.156766, 0.987622
$camera_time: 7000
$num_lines: 0
$num_icons: 6
$Flags: 1
$Formula: ( true ) 
$start_icon
$type: 6
$team: Friendly
$class: GTD Hecate
$pos: -856.617310, -0.001066, -2305.003906
$label: GTD Hecate 35
+id: 1
$hlight: 0
$mirror: 0
$multi_text
$end_multi_text
$end_icon
$start_icon
$type: 6
$team: Hostile
$class: SD Lucifer
$pos: 3228.210449, -523.110107, 2727.965088
$label: SD Lucifer 37
+id: 2
$hlight: 0
$mirror: 0
$multi_text
$end_multi_text
$end_icon
$start_icon
$type: 6
$team: Hostile
$class: SD Ravana
$pos: -2330.279541, 794.203064, 2247.142822
$label: SD Ravana 179
+id: 3
$hlight: 0
$mirror: 0
$multi_text
$end_multi_text
$end_icon
$start_icon
$type: 1
$team: Friendly
$class: GTF Ares
$pos: 757.809204, 60.589222, -1848.858032
$label: Allied Squadron
+id: 4
$hlight: 1
$mirror: 0
$multi_text
$end_multi_text
$end_icon
$start_icon
$type: 28
$team: Friendly
$class: GTCv Deimos
$pos: -2392.798584, -0.000000, 181.031265
$label: GTCv Deimos 176
+id: 5
$hlight: 0
$mirror: 0
$multi_text
$end_multi_text
$end_icon
$start_icon
$type: 7
$team: Hostile
$class: SJ Sathanas
$pos: -671.403137, -1259.730469, 14797.741211
$label: Shiva
+id: 6
$hlight: 0
$mirror: 0
$multi_text
$end_multi_text
$end_icon
$end_stage
$start_stage
$multi_text
 XSTR("We are now certain that the $R Shivan $R force is already diminished. But there may be a number of warships left in hiding that might arrive in the battle scene although that information is still inconclusive. We must safely assume that there is still a danger. Therefore this strategy is devised so that we can maximize our military assets. The fleet that is stationed here consists of, at least, one $R Ravana Class destroyer, a $R Command $R Craft which is still disabled and several weakened $R Rakshasa and $R Cain cruisers, but they are still complimented with hundreds of $R fighters and $R bombers.



", -1)
$end_multi_text
$voice: none.wav
$camera_pos: -558.516479, 11180.613281, -17975.912109
$camera_orient:
	0.999986, -0.000000, 0.005317,
	-0.002524, 0.880136, 0.474716,
	-0.004680, -0.474722, 0.880123
$camera_time: 7000
$num_lines: 0
$num_icons: 6
$Flags: 2
$Formula: ( true ) 
$start_icon
$type: 6
$team: Hostile
$class: SSD Bhaal
$pos: 4196.862305, -523.111694, 467.641663
$label: Command Craft
+id: 2
$hlight: 1
$mirror: 0
$multi_text
$end_multi_text
$end_icon
$start_icon
$type: 6
$team: Hostile
$class: SD Ravana
$pos: 4894.666992, 794.201233, 5525.553711
$label: Ravana Destroyer
+id: 3
$hlight: 1
$mirror: 0
$multi_text
$end_multi_text
$end_icon
$start_icon
$type: 19
$team: Hostile
$class: SC Rakshasa
$pos: -1891.704224, -358.780243, 9557.080078
$label: Rakshasa Cruisers
+id: 7
$hlight: 0
$mirror: 0
$multi_text
$end_multi_text
$end_icon
$start_icon
$type: 1
$team: Hostile
$class: SF Manticore
$pos: -6191.336914, 0.001585, -1098.081299
$label: Fighters
+id: 8
$hlight: 0
$mirror: 0
$multi_text
$end_multi_text
$end_icon
$start_icon
$type: 17
$team: Hostile
$class: SB Nahema
$pos: -8396.011719, -287.519867, 7108.626953
$label: Bombers
+id: 9
$hlight: 0
$mirror: 0
$multi_text
$end_multi_text
$end_icon
$start_icon
$type: 18
$team: Hostile
$class: SC Cain
$pos: -1804.314087, 0.001145, -192.853989
$label: Cain Cruisers
+id: 10
$hlight: 0
$mirror: 0
$multi_text
$end_multi_text
$end_icon
$end_stage
$start_stage
$multi_text
 XSTR("At the first stage of the mission, we will deploy the $G Aquitaine and the $G Diomedes to lead the assault. A mere two capital ships will create $V{ an illusion that we are attacking with a weaker force. $} It is certain that our assets will suffer heavy attacks from the enemy. Therefore, our forces must inflict as much damage so that they can lure $R Grond in the battle. During that period, it is your job pilot to provide fighter cover. $G Five $G fighter $G wings will be launched with back up wings on standby. Make sure the Aquitaine and the Diomedes survives long enough to bring the Shivan royal ship out in the open.

", -1)
$end_multi_text
$voice: none.wav
$camera_pos: 1130.002441, 22132.751953, -771.895203
$camera_orient:
	0.999986, -0.000000, 0.005317,
	-0.005257, 0.150243, 0.988635,
	-0.000799, -0.988649, 0.150241
$camera_time: 7000
$num_lines: 0
$num_icons: 6
$Flags: 1
$Formula: ( true ) 
$start_icon
$type: 6
$team: Friendly
$class: GTD Hecate
$pos: -6073.340820, 0.015065, 2477.997314
$label: Aquitaine
+id: 1
$hlight: 1
$mirror: 0
$multi_text
$end_multi_text
$end_icon
$start_icon
$type: 6
$team: Hostile
$class: SSD Bhaal
$pos: 4353.523438, -523.110718, 371.197998
$label: Command Craft
+id: 2
$hlight: 0
$mirror: 0
$multi_text
$end_multi_text
$end_icon
$start_icon
$type: 1
$team: Friendly
$class: GTF Raptor
$pos: -2713.802979, 60.598454, 195.358688
$label: Allied Squadrons
+id: 4
$hlight: 1
$mirror: 0
$multi_text
$end_multi_text
$end_icon
$start_icon
$type: 28
$team: Friendly
$class: GTCv Alexandria
$pos: -2800.916992, -0.000688, 5021.914551
$label: Diomedes
+id: 5
$hlight: 1
$mirror: 1
$multi_text
$end_multi_text
$end_icon
$start_icon
$type: 6
$team: Hostile
$class: SD Ravana
$pos: 6542.415527, 794.202209, 3819.530273
$label: Ravana Destroyer
+id: 16
$hlight: 0
$mirror: 0
$multi_text
$end_multi_text
$end_icon
$start_icon
$type: 19
$team: Hostile
$class: SC Rakshasa
$pos: 1476.580322, 437.164886, 2897.326172
$label: Shivan Cruisers
+id: 17
$hlight: 0
$mirror: 0
$multi_text
$end_multi_text
$end_icon
$end_stage
$start_stage
$multi_text
 XSTR("Only a skeleton crew is now aboard the $G Aquitaine and $G Diomedes as it is a sure possibility that these ships will be destroyed. The crew aboard have volunteered to fight to the end. They are already heroes. 

", -1)
$end_multi_text
$voice: none.wav
$camera_pos: -11138.586914, 7215.511230, 3292.231201
$camera_orient:
	0.999986, -0.000000, 0.005317,
	-0.005257, 0.150243, 0.988635,
	-0.000799, -0.988649, 0.150241
$camera_time: 7000
$num_lines: 0
$num_icons: 9
$Flags: 3
$Formula: ( true ) 
$start_icon
$type: 6
$team: Friendly
$class: GTD Hecate
$pos: -11168.492188, 0.016598, 4351.788574
$label: Aquitaine
+id: 1
$hlight: 1
$mirror: 0
$multi_text
$end_multi_text
$end_icon
$start_icon
$type: 6
$team: Hostile
$class: SSD Bhaal
$pos: 4353.523438, -523.110718, 371.197998
$label: Command Craft
+id: 2
$hlight: 0
$mirror: 0
$multi_text
$end_multi_text
$end_icon
$start_icon
$type: 6
$team: Hostile
$class: SD Ravana
$pos: 4894.666992, 794.201233, 5525.553711
$label: Ravana Destroyer
+id: 3
$hlight: 0
$mirror: 0
$multi_text
$end_multi_text
$end_icon
$start_icon
$type: 1
$team: Friendly
$class: GTF Raptor
$pos: -2713.802979, 60.598454, 195.358688
$label: Allied Squadrons
+id: 4
$hlight: 1
$mirror: 0
$multi_text
$end_multi_text
$end_icon
$start_icon
$type: 28
$team: Friendly
$class: GTCv Alexandria
$pos: -2800.916992, -0.000688, 5021.914551
$label: Diomedes
+id: 5
$hlight: 1
$mirror: 1
$multi_text
$end_multi_text
$end_icon
$start_icon
$type: 6
$team: Hostile
$class: SD Ravana
$pos: 6542.415527, 794.202209, 3819.530273
$label: Ravana Destroyer
+id: 16
$hlight: 0
$mirror: 0
$multi_text
$end_multi_text
$end_icon
$start_icon
$type: 19
$team: Hostile
$class: SC Rakshasa
$pos: 1476.580322, 437.164886, 2897.326172
$label: Shivan Cruisers
+id: 17
$hlight: 0
$mirror: 0
$multi_text
$end_multi_text
$end_icon
$start_icon
$type: 13
$team: Hostile
$class: SSG Rahu
$pos: 5600.796875, 497.425629, 4382.759277
$label: SSG Rahu 123
+id: 20
$hlight: 0
$mirror: 0
$multi_text
$end_multi_text
$end_icon
$start_icon
$type: 19
$team: Hostile
$class: SC Cain
$pos: 12629.526367, 0.001559, 2652.767822
$label: SC Cain 121
+id: 21
$hlight: 0
$mirror: 0
$multi_text
$end_multi_text
$end_icon
$end_stage
$start_stage
$multi_text
 XSTR("Once we lured the $R Royal $R Sathanas out and we can count on it, the second stage of the assault begins. The $G Archangel will jump in and, hopefully, finish the job by destroying the enemy juggernaut, Killing the Shivan supreme leader with it. His death will mark the end of the $R Shivan $R Consortium. At this time, your mission is to survive the battle to witness our victory. Good luck to you all. 


", -1)
$end_multi_text
$voice: none.wav
$camera_pos: -1860.731934, 24029.677734, -21735.683594
$camera_orient:
	0.999986, -0.000000, 0.005317,
	-0.004281, 0.593006, 0.805187,
	-0.003153, -0.805198, 0.592997
$camera_time: 20000
$num_lines: 0
$num_icons: 2
$Flags: 2
$Formula: ( true ) 
$start_icon
$type: 31
$team: Hostile
$class: SJR Sathanas
$pos: 4617.499512, -1259.732178, -3140.875000
$label: Grond
+id: 12
$hlight: 1
$mirror: 0
$multi_text
$end_multi_text
$end_icon
$start_icon
$type: 31
$team: Friendly
$class: GTVA Archangel
$pos: -7462.827637, -1234.019775, -2963.970947
$label: Archangel
+id: 13
$hlight: 1
$mirror: 1
$multi_text
$end_multi_text
$end_icon
$end_stage
$end_briefing

#Debriefing_info

$Num stages: 1

$Formula: ( true ) 
$Multi text
    XSTR("Victory at last....", -1)
$end_multi_text
$Voice: none.wav
$Recommendation text:
    XSTR("Get drunk and celebrate...the war is over.", -1)
$end_multi_text

#Alternate Types:
$Alt: Emperial Ship
$Alt: 77th Dark Angels
$Alt: 76th Ice Queens

#end


#Players		;! 1 total

$Starting Shipname: Alpha 1
$Ship Choices: (
	"GTF Ulysses"	5
	"GTF Hercules Mark II"	5
	"GTF Ares"	5
	"GTF Erinyes"	5
	"GTF Perseus"	5
)

+Weaponry Pool: (
	"Prometheus S"	100
	"Maxim"	27
	"UD-8 Kayser"	16
	"Circe"	16
	"Lamprey"	16
	"Hornet"	500
	"Tornado"	500
	"Harpoon"	500
	"Trebuchet"	500
	"TAG-A"	500
	"Piranha"	500
	"Stiletto II"	500
	"Infyrno"	500
	"Cyclops"	500
	"Helios"	500
	"EMP Adv."	500
	"Skyrail"	8
	"Devastator"	1
	"Starfury"	4
	"Screamer"	4440
	"Hunter"	1060
)

#Objects		;! 211 total

$Name: Alpha 1		;! Object #0
$Class: XJR Phantom
$Alt: 77th Dark Angels

$Team: Friendly
$Location: 345.785675, 60.589214, -1451.433594
$Orientation:
	1.000000, 0.000000, 0.000000,
	0.000000, 1.000000, 0.000000,
	0.000000, 0.000000, 1.000000
$AI Behavior: None
$AI Goals: ( goals ( ai-guard "Aquitaine" 50 ) )
$Cargo 1:  XSTR("Nothing", -1)
+Initial Hull: 100
+Subsystem: Pilot
+Primary Banks: ( "Starfury" "Devastator" )
$Arrival Location: Hyperspace
$Arrival Cue: ( false ) 
$Departure Location: Hyperspace
$Departure Cue: ( false ) 
$Determination: 10
+Flags: ( "cargo-known" "player-start" )
+Flags2: ( )
+Respawn priority: 0
+Orders Accepted: 33023		;! note that this is a bitfield!!!
+Group: 0
+Score: 8

$Name: Alpha 2		;! Object #1
$Class: GTF Raptor
$Alt: 77th Dark Angels

$Team: Friendly
$Location: 291.247742, 60.589195, -1502.328735
$Orientation:
	1.000000, 0.000000, 0.000000,
	0.000000, 1.000000, 0.000000,
	0.000000, 0.000000, 1.000000
$AI Behavior: None
$AI Goals: ( goals ( ai-guard "Aquitaine" 50 ) )
$Cargo 1:  XSTR("Nothing", -1)
+Initial Hull: 100
+Subsystem: Pilot
$Arrival Location: Hyperspace
$Arrival Cue: ( false ) 
$Departure Location: Hyperspace
$Departure Cue: ( false ) 
$Determination: 10
+Flags: ( "cargo-known" )
+Flags2: ( )
+Respawn priority: 0
+Special Hitpoints: 2000
+Special Shield Points: 1000
+Orders Accepted: 33023		;! note that this is a bitfield!!!
+Group: 0
+Score: 15

$Name: Alpha 3		;! Object #2
$Class: GTF Raptor
$Alt: 77th Dark Angels

$Team: Friendly
$Location: 390.050232, 60.589199, -1502.235596
$Orientation:
	1.000000, 0.000000, 0.000000,
	0.000000, 1.000000, 0.000000,
	0.000000, 0.000000, 1.000000
$AI Behavior: None
$AI Goals: ( goals ( ai-guard "Aquitaine" 50 ) )
$Cargo 1:  XSTR("Nothing", -1)
+Initial Hull: 100
+Subsystem: Pilot
$Arrival Location: Hyperspace
$Arrival Cue: ( false ) 
$Departure Location: Hyperspace
$Departure Cue: ( false ) 
$Determination: 10
+Flags: ( "cargo-known" )
+Flags2: ( )
+Respawn priority: 0
+Special Hitpoints: 2000
+Special Shield Points: 1000
+Orders Accepted: 33023		;! note that this is a bitfield!!!
+Group: 0
+Score: 15
+Persona Index: 1

$Name: Alpha 4		;! Object #3
$Class: GTF Raptor
$Alt: 77th Dark Angels

$Team: Friendly
$Location: 344.547760, 67.362579, -1537.094360
$Orientation:
	1.000000, 0.000000, 0.000000,
	0.000000, 1.000000, 0.000000,
	0.000000, 0.000000, 1.000000
$AI Behavior: None
$AI Goals: ( goals ( ai-guard "Aquitaine" 50 ) )
$Cargo 1:  XSTR("Nothing", -1)
+Initial Hull: 100
+Subsystem: Pilot
$Arrival Location: Hyperspace
$Arrival Cue: ( false ) 
$Departure Location: Hyperspace
$Departure Cue: ( false ) 
$Determination: 10
+Flags: ( "cargo-known" )
+Flags2: ( )
+Respawn priority: 0
+Special Hitpoints: 2000
+Special Shield Points: 1000
+Orders Accepted: 33023		;! note that this is a bitfield!!!
+Group: 0
+Score: 15
+Persona Index: 2

$Name: Beta 1		;! Object #4
$Class: GTF Raptor
$Alt: 77th Dark Angels

$Team: Friendly
$Location: 240.446274, 60.589207, -1432.758789
$Orientation:
	1.000000, 0.000000, 0.000000,
	0.000000, 1.000000, 0.000000,
	0.000000, 0.000000, 1.000000
$AI Behavior: None
$AI Goals: ( goals ( ai-waypoints-once "Waypoint path 2" 50 ) )
$Cargo 1:  XSTR("Nothing", -1)
+Initial Hull: 100
+Subsystem: Pilot
+Primary Banks: ( "Maxim" "Skyrail" )
$Arrival Location: Hyperspace
$Arrival Cue: ( false ) 
$Departure Location: Hyperspace
$Departure Cue: ( false ) 
$Determination: 10
+Flags: ( "cargo-known" )
+Flags2: ( )
+Respawn priority: 0
+Special Hitpoints: 800
+Special Shield Points: 1000
+Orders Accepted: 33023		;! note that this is a bitfield!!!
+Group: 0
+Score: 15
+Persona Index: 2

$Name: Beta 2		;! Object #5
$Class: GTF Raptor
$Alt: 77th Dark Angels

$Team: Friendly
$Location: 284.151184, 60.589252, -1398.963379
$Orientation:
	1.000000, 0.000000, 0.000000,
	0.000000, 1.000000, 0.000000,
	0.000000, 0.000000, 1.000000
$AI Behavior: None
$AI Goals: ( goals ( ai-guard "Aquitaine" 50 ) )
$Cargo 1:  XSTR("Nothing", -1)
+Initial Hull: 100
+Subsystem: Pilot
+Primary Banks: ( "Maxim" "Skyrail" )
$Arrival Location: Hyperspace
$Arrival Cue: ( false ) 
$Departure Location: Hyperspace
$Departure Cue: ( false ) 
$Determination: 10
+Flags: ( "cargo-known" )
+Flags2: ( )
+Respawn priority: 0
+Special Hitpoints: 800
+Special Shield Points: 1000
+Orders Accepted: 33023		;! note that this is a bitfield!!!
+Group: 0
+Score: 15
+Persona Index: 2

$Name: Beta 3		;! Object #6
$Class: GTF Raptor
$Alt: 77th Dark Angels

$Team: Friendly
$Location: 293.811737, 60.589264, -1447.942627
$Orientation:
	1.000000, 0.000000, 0.000000,
	0.000000, 1.000000, 0.000000,
	0.000000, 0.000000, 1.000000
$AI Behavior: None
$AI Goals: ( goals ( ai-guard "Aquitaine" 50 ) )
$Cargo 1:  XSTR("Nothing", -1)
+Initial Hull: 100
+Subsystem: Pilot
+Primary Banks: ( "Maxim" "Skyrail" )
$Arrival Location: Hyperspace
$Arrival Cue: ( false ) 
$Departure Location: Hyperspace
$Departure Cue: ( false ) 
$Determination: 10
+Flags: ( "cargo-known" )
+Flags2: ( )
+Respawn priority: 0
+Special Hitpoints: 800
+Special Shield Points: 1000
+Orders Accepted: 33023		;! note that this is a bitfield!!!
+Group: 0
+Score: 15
+Persona Index: 2

$Name: Beta 4		;! Object #7
$Class: GTF Raptor
$Alt: 77th Dark Angels

$Team: Friendly
$Location: 220.785187, 60.589195, -1477.760498
$Orientation:
	1.000000, 0.000000, 0.000000,
	0.000000, 1.000000, 0.000000,
	0.000000, 0.000000, 1.000000
$AI Behavior: None
$AI Goals: ( goals ( ai-guard "Aquitaine" 50 ) )
$Cargo 1:  XSTR("Nothing", -1)
+Initial Hull: 100
+Subsystem: Pilot
+Primary Banks: ( "Maxim" "Skyrail" )
$Arrival Location: Hyperspace
$Arrival Cue: ( false ) 
$Departure Location: Hyperspace
$Departure Cue: ( false ) 
$Determination: 10
+Flags: ( "cargo-known" )
+Flags2: ( )
+Respawn priority: 0
+Special Hitpoints: 800
+Special Shield Points: 1000
+Orders Accepted: 33023		;! note that this is a bitfield!!!
+Group: 0
+Score: 15
+Persona Index: 2

$Name: Delta 1		;! Object #8
$Class: GTF Raptor
$Alt: 77th Dark Angels

$Team: Friendly
$Location: 419.545349, 60.589249, -1403.910400
$Orientation:
	1.000000, 0.000000, 0.000000,
	0.000000, 1.000000, 0.000000,
	0.000000, 0.000000, 1.000000
$AI Behavior: None
$AI Goals: ( goals ( ai-guard "Aquitaine" 50 ) )
$Cargo 1:  XSTR("Nothing", -1)
+Initial Hull: 100
+Subsystem: Pilot
+Primary Banks: ( "Maxim" "Skyrail" )
$Arrival Location: Hyperspace
$Arrival Cue: ( false ) 
$Departure Location: Hyperspace
$Departure Cue: ( false ) 
$Determination: 10
+Flags: ( "cargo-known" )
+Flags2: ( )
+Respawn priority: 0
+Special Hitpoints: 800
+Special Shield Points: 1000
+Orders Accepted: 33023		;! note that this is a bitfield!!!
+Group: 0
+Score: 15
+Persona Index: 4

$Name: Delta 2		;! Object #9
$Class: GTF Raptor
$Alt: 77th Dark Angels

$Team: Friendly
$Location: 358.836945, 60.589195, -1397.887573
$Orientation:
	1.000000, 0.000000, 0.000000,
	0.000000, 1.000000, 0.000000,
	0.000000, 0.000000, 1.000000
$AI Behavior: None
$AI Goals: ( goals ( ai-guard "Aquitaine" 50 ) )
$Cargo 1:  XSTR("Nothing", -1)
+Initial Hull: 100
+Subsystem: Pilot
+Primary Banks: ( "Maxim" "Skyrail" )
$Arrival Location: Hyperspace
$Arrival Cue: ( false ) 
$Departure Location: Hyperspace
$Departure Cue: ( false ) 
$Determination: 10
+Flags: ( "cargo-known" )
+Flags2: ( )
+Respawn priority: 0
+Special Hitpoints: 800
+Special Shield Points: 1000
+Orders Accepted: 33023		;! note that this is a bitfield!!!
+Group: 0
+Score: 15
+Persona Index: 4

$Name: Delta 3		;! Object #10
$Class: GTF Raptor
$Alt: 77th Dark Angels

$Team: Friendly
$Location: 428.022003, 60.589252, -1450.992432
$Orientation:
	1.000000, 0.000000, 0.000000,
	0.000000, 1.000000, 0.000000,
	0.000000, 0.000000, 1.000000
$AI Behavior: None
$AI Goals: ( goals ( ai-guard "Aquitaine" 50 ) )
$Cargo 1:  XSTR("Nothing", -1)
+Initial Hull: 100
+Subsystem: Pilot
+Primary Banks: ( "Maxim" "Skyrail" )
$Arrival Location: Hyperspace
$Arrival Cue: ( false ) 
$Departure Location: Hyperspace
$Departure Cue: ( false ) 
$Determination: 10
+Flags: ( "cargo-known" )
+Flags2: ( )
+Respawn priority: 0
+Special Hitpoints: 800
+Special Shield Points: 1000
+Orders Accepted: 33023		;! note that this is a bitfield!!!
+Group: 0
+Score: 15
+Persona Index: 3

$Name: Delta 4		;! Object #11
$Class: GTF Raptor
$Alt: 77th Dark Angels

$Team: Friendly
$Location: 468.711060, 60.589203, -1416.630249
$Orientation:
	1.000000, 0.000000, 0.000000,
	0.000000, 1.000000, 0.000000,
	0.000000, 0.000000, 1.000000
$AI Behavior: None
$AI Goals: ( goals ( ai-guard "Aquitaine" 50 ) )
$Cargo 1:  XSTR("Nothing", -1)
+Initial Hull: 100
+Subsystem: Pilot
+Primary Banks: ( "Maxim" "Skyrail" )
$Arrival Location: Hyperspace
$Arrival Cue: ( false ) 
$Departure Location: Hyperspace
$Departure Cue: ( false ) 
$Determination: 10
+Flags: ( "cargo-known" )
+Flags2: ( )
+Respawn priority: 0
+Special Hitpoints: 800
+Special Shield Points: 1000
+Orders Accepted: 33023		;! note that this is a bitfield!!!
+Group: 0
+Score: 15
+Persona Index: 2

$Name: Aquila 1		;! Object #12
$Class: SF Manticore
$Team: Hostile
$Location: 157.179092, 245.800003, 1189.286865
$Orientation:
	-0.990496, 0.000000, 0.137541,
	-0.028826, 0.977791, -0.207591,
	-0.134486, -0.209583, -0.968498
$AI Behavior: None
$AI Goals: ( goals ( ai-chase-wing "Alpha" 50 ) )
$Cargo 1:  XSTR("Nothing", -1)
+Initial Velocity: 33
+Subsystem: Pilot
$Arrival Location: Hyperspace
$Arrival Cue: ( false ) 
$Departure Location: Hyperspace
$Departure Cue: ( false ) 
$Determination: 10
+Flags: ( )
+Flags2: ( )
+Respawn priority: 0
+Orders Accepted: 0		;! note that this is a bitfield!!!
+Group: 0
+Use Table Score:
+Score: 12

$Name: Aquila 2		;! Object #13
$Class: SF Manticore
$Team: Hostile
$Location: 210.115448, 245.800461, 1196.050293
$Orientation:
	-0.983426, 0.000000, 0.181312,
	-0.037527, 0.978347, -0.203543,
	-0.177386, -0.206973, -0.962131
$AI Behavior: None
$AI Goals: ( goals ( ai-chase-wing "Alpha" 50 ) )
$Cargo 1:  XSTR("Nothing", -1)
+Initial Velocity: 33
+Subsystem: Pilot
$Arrival Location: Hyperspace
$Arrival Cue: ( false ) 
$Departure Location: Hyperspace
$Departure Cue: ( false ) 
$Determination: 10
+Flags: ( )
+Flags2: ( )
+Respawn priority: 0
+Orders Accepted: 0		;! note that this is a bitfield!!!
+Group: 0
+Use Table Score:
+Score: 12

$Name: Aquila 3		;! Object #14
$Class: SF Manticore
$Team: Hostile
$Location: 125.365433, 245.800003, 1213.505859
$Orientation:
	-0.994161, 0.000000, 0.107904,
	-0.022241, 0.978526, -0.204919,
	-0.105587, -0.206122, -0.972813
$AI Behavior: None
$AI Goals: ( goals ( ai-chase-wing "Alpha" 50 ) )
$Cargo 1:  XSTR("Nothing", -1)
+Initial Velocity: 33
+Subsystem: Pilot
$Arrival Location: Hyperspace
$Arrival Cue: ( false ) 
$Departure Location: Hyperspace
$Departure Cue: ( false ) 
$Determination: 10
+Flags: ( )
+Flags2: ( )
+Respawn priority: 0
+Orders Accepted: 0		;! note that this is a bitfield!!!
+Group: 0
+Use Table Score:
+Score: 12

$Name: Aquila 4		;! Object #15
$Class: SF Manticore
$Team: Hostile
$Location: 159.699997, 245.800003, 1287.199951
$Orientation:
	-0.991670, 0.000000, 0.128802,
	-0.024964, 0.981037, -0.192206,
	-0.126359, -0.193821, -0.972865
$AI Behavior: None
$AI Goals: ( goals ( ai-chase-wing "Alpha" 50 ) )
$Cargo 1:  XSTR("Nothing", -1)
+Initial Velocity: 33
+Subsystem: Pilot
$Arrival Location: Hyperspace
$Arrival Cue: ( false ) 
$Departure Location: Hyperspace
$Departure Cue: ( false ) 
$Determination: 10
+Flags: ( )
+Flags2: ( )
+Respawn priority: 0
+Orders Accepted: 0		;! note that this is a bitfield!!!
+Group: 0
+Use Table Score:
+Score: 12

$Name: SF Manticore 16		;! Object #16
$Class: SF Manticore
$Team: Hostile
$Location: 26.599052, 245.800003, 1313.947510
$Orientation:
	-0.999768, 0.000000, 0.021530,
	-0.004120, 0.981522, -0.191307,
	-0.021133, -0.191351, -0.981294
$AI Behavior: None
$AI Goals: ( goals ( ai-chase-wing "Alpha" 50 ) )
$Cargo 1:  XSTR("Nothing", -1)
+Initial Velocity: 33
+Subsystem: Pilot
$Arrival Location: Hyperspace
$Arrival Cue: ( true ) 
$Departure Location: Hyperspace
$Departure Cue: ( false ) 
$Determination: 10
+Flags: ( "reinforcement" )
+Flags2: ( "hide-ship-name" )
+Respawn priority: 0
+Orders Accepted: 0		;! note that this is a bitfield!!!
+Group: 0
+Use Table Score:
+Score: 12

$Name: SF Manticore 17		;! Object #17
$Class: SF Manticore
$Team: Hostile
$Location: 35.556549, 245.800003, 1450.992554
$Orientation:
	-0.999666, 0.000000, 0.025824,
	-0.004472, 0.984893, -0.173105,
	-0.025434, -0.173163, -0.984565
$AI Behavior: None
$AI Goals: ( goals ( ai-chase-wing "Alpha" 50 ) )
$Cargo 1:  XSTR("Nothing", -1)
+Initial Velocity: 33
+Subsystem: Pilot
$Arrival Location: Hyperspace
$Arrival Cue: ( true ) 
$Departure Location: Hyperspace
$Departure Cue: ( false ) 
$Determination: 10
+Flags: ( )
+Flags2: ( "hide-ship-name" )
+Respawn priority: 0
+Orders Accepted: 0		;! note that this is a bitfield!!!
+Group: 0
+Use Table Score:
+Score: 12

$Name: SF Manticore 18		;! Object #18
$Class: SF Manticore
$Team: Hostile
$Location: 90.597000, 245.800003, 1326.971680
$Orientation:
	-0.997449, 0.000000, 0.071385,
	-0.013495, 0.981969, -0.188559,
	-0.070097, -0.189041, -0.979464
$AI Behavior: None
$AI Goals: ( goals ( ai-chase-wing "Alpha" 50 ) )
$Cargo 1:  XSTR("Nothing", -1)
+Initial Velocity: 33
+Subsystem: Pilot
$Arrival Location: Hyperspace
$Arrival Cue: ( true ) 
$Departure Location: Hyperspace
$Departure Cue: ( false ) 
$Determination: 10
+Flags: ( "reinforcement" )
+Flags2: ( "hide-ship-name" )
+Respawn priority: 0
+Orders Accepted: 0		;! note that this is a bitfield!!!
+Group: 0
+Use Table Score:
+Score: 12

$Name: SF Manticore 19		;! Object #19
$Class: SF Manticore
$Team: Hostile
$Location: 328.456909, 245.800003, 1361.135254
$Orientation:
	-0.969779, 0.000000, 0.243985,
	-0.043753, 0.983789, -0.173908,
	-0.240030, -0.179327, -0.954058
$AI Behavior: None
$AI Goals: ( goals ( ai-chase-wing "Alpha" 50 ) )
$Cargo 1:  XSTR("Nothing", -1)
+Initial Velocity: 33
+Subsystem: Pilot
$Arrival Location: Hyperspace
$Arrival Cue: ( true ) 
$Departure Location: Hyperspace
$Departure Cue: ( false ) 
$Determination: 10
+Flags: ( )
+Flags2: ( "hide-ship-name" )
+Respawn priority: 0
+Orders Accepted: 0		;! note that this is a bitfield!!!
+Group: 0
+Use Table Score:
+Score: 12

$Name: SF Manticore 20		;! Object #20
$Class: SF Manticore
$Team: Hostile
$Location: 380.113220, 245.800003, 1453.068726
$Orientation:
	-0.964949, 0.000000, 0.262437,
	-0.043848, 0.985943, -0.161223,
	-0.258748, -0.167079, -0.951385
$AI Behavior: None
$AI Goals: ( goals ( ai-chase-wing "Alpha" 50 ) )
$Cargo 1:  XSTR("Nothing", -1)
+Initial Velocity: 33
+Subsystem: Pilot
$Arrival Location: Hyperspace
$Arrival Cue: ( true ) 
$Departure Location: Hyperspace
$Departure Cue: ( false ) 
$Determination: 10
+Flags: ( )
+Flags2: ( "hide-ship-name" )
+Respawn priority: 0
+Orders Accepted: 0		;! note that this is a bitfield!!!
+Group: 0
+Use Table Score:
+Score: 12

$Name: SF Manticore 21		;! Object #21
$Class: SF Manticore
$Team: Hostile
$Location: 385.370544, 245.800003, 1336.989990
$Orientation:
	-0.957652, 0.000000, 0.287929,
	-0.051937, 0.983597, -0.172742,
	-0.283206, -0.180381, -0.941943
$AI Behavior: None
$AI Goals: ( goals ( ai-chase-wing "Alpha" 50 ) )
$Cargo 1:  XSTR("Nothing", -1)
+Initial Velocity: 33
+Subsystem: Pilot
$Arrival Location: Hyperspace
$Arrival Cue: ( true ) 
$Departure Location: Hyperspace
$Departure Cue: ( false ) 
$Determination: 10
+Flags: ( )
+Flags2: ( "hide-ship-name" )
+Respawn priority: 0
+Orders Accepted: 0		;! note that this is a bitfield!!!
+Group: 0
+Use Table Score:
+Score: 12

$Name: SF Manticore 22		;! Object #22
$Class: SF Manticore
$Team: Hostile
$Location: 104.120605, 245.800003, 1422.949219
$Orientation:
	-0.997092, 0.000000, 0.076204,
	-0.013424, 0.984362, -0.175646,
	-0.075012, -0.176158, -0.981499
$AI Behavior: None
$AI Goals: ( goals ( ai-chase-wing "Alpha" 50 ) )
$Cargo 1:  XSTR("Nothing", -1)
+Initial Velocity: 33
+Subsystem: Pilot
$Arrival Location: Hyperspace
$Arrival Cue: ( true ) 
$Departure Location: Hyperspace
$Departure Cue: ( false ) 
$Determination: 10
+Flags: ( )
+Flags2: ( "hide-ship-name" )
+Respawn priority: 0
+Orders Accepted: 0		;! note that this is a bitfield!!!
+Group: 0
+Use Table Score:
+Score: 12

$Name: SF Manticore 23		;! Object #23
$Class: SF Manticore
$Team: Hostile
$Location: 454.089722, 245.800003, 1412.897949
$Orientation:
	-0.948373, 0.000000, 0.317157,
	-0.053601, 0.985615, -0.160280,
	-0.312595, -0.169005, -0.934731
$AI Behavior: None
$AI Goals: ( goals ( ai-chase-wing "Alpha" 50 ) )
$Cargo 1:  XSTR("Nothing", -1)
+Initial Velocity: 33
+Subsystem: Pilot
$Arrival Location: Hyperspace
$Arrival Cue: ( true ) 
$Departure Location: Hyperspace
$Departure Cue: ( false ) 
$Determination: 10
+Flags: ( )
+Flags2: ( "hide-ship-name" )
+Respawn priority: 0
+Orders Accepted: 0		;! note that this is a bitfield!!!
+Group: 0
+Use Table Score:
+Score: 12

$Name: SF Manticore 24		;! Object #24
$Class: SF Manticore
$Team: Hostile
$Location: -136.623657, 245.800003, 1213.764404
$Orientation:
	-0.993194, 0.000000, -0.116476,
	0.023981, 0.978576, -0.204485,
	0.113980, -0.205886, -0.971915
$AI Behavior: None
$AI Goals: ( goals ( ai-chase-wing "Alpha" 50 ) )
$Cargo 1:  XSTR("Nothing", -1)
+Initial Velocity: 33
+Subsystem: Pilot
$Arrival Location: Hyperspace
$Arrival Cue: ( true ) 
$Departure Location: Hyperspace
$Departure Cue: ( false ) 
$Determination: 10
+Flags: ( )
+Flags2: ( "hide-ship-name" )
+Respawn priority: 0
+Orders Accepted: 0		;! note that this is a bitfield!!!
+Group: 0
+Use Table Score:
+Score: 12

$Name: SF Manticore 25		;! Object #25
$Class: SF Manticore
$Team: Hostile
$Location: -117.567413, 245.800003, 1324.802246
$Orientation:
	-0.995791, 0.000000, -0.091655,
	0.017327, 0.981968, -0.188253,
	0.090003, -0.189049, -0.977834
$AI Behavior: None
$AI Goals: ( goals ( ai-chase-wing "Alpha" 50 ) )
$Cargo 1:  XSTR("Nothing", -1)
+Initial Velocity: 33
+Subsystem: Pilot
$Arrival Location: Hyperspace
$Arrival Cue: ( true ) 
$Departure Location: Hyperspace
$Departure Cue: ( false ) 
$Determination: 10
+Flags: ( )
+Flags2: ( "hide-ship-name" )
+Respawn priority: 0
+Orders Accepted: 0		;! note that this is a bitfield!!!
+Group: 0
+Use Table Score:
+Score: 12

$Name: SF Manticore 26		;! Object #26
$Class: SF Manticore
$Team: Hostile
$Location: -69.831573, 245.800003, 1242.980469
$Orientation:
	-0.998308, 0.000000, -0.058146,
	0.011747, 0.979380, -0.201687,
	0.056947, -0.202029, -0.977723
$AI Behavior: None
$AI Goals: ( goals ( ai-chase-wing "Alpha" 50 ) )
$Cargo 1:  XSTR("Nothing", -1)
+Initial Velocity: 33
+Subsystem: Pilot
$Arrival Location: Hyperspace
$Arrival Cue: ( true ) 
$Departure Location: Hyperspace
$Departure Cue: ( false ) 
$Determination: 10
+Flags: ( )
+Flags2: ( "hide-ship-name" )
+Respawn priority: 0
+Orders Accepted: 0		;! note that this is a bitfield!!!
+Group: 0
+Use Table Score:
+Score: 12

$Name: SF Manticore 27		;! Object #27
$Class: SF Manticore
$Team: Hostile
$Location: -69.978607, 245.800003, 1140.312988
$Orientation:
	-0.997966, 0.000000, -0.063752,
	0.014035, 0.975465, -0.219706,
	0.062187, -0.220154, -0.973481
$AI Behavior: None
$AI Goals: ( goals ( ai-chase-wing "Alpha" 50 ) )
$Cargo 1:  XSTR("Nothing", -1)
+Initial Velocity: 33
+Subsystem: Pilot
$Arrival Location: Hyperspace
$Arrival Cue: ( true ) 
$Departure Location: Hyperspace
$Departure Cue: ( false ) 
$Determination: 10
+Flags: ( )
+Flags2: ( "hide-ship-name" )
+Respawn priority: 0
+Orders Accepted: 0		;! note that this is a bitfield!!!
+Group: 0
+Use Table Score:
+Score: 12

$Name: SF Manticore 28		;! Object #28
$Class: SF Manticore
$Team: Hostile
$Location: 339.119873, 245.800003, 1146.754639
$Orientation:
	-0.954975, 0.000000, 0.296685,
	-0.062278, 0.977720, -0.200462,
	-0.290075, -0.209913, -0.933699
$AI Behavior: None
$AI Goals: ( goals ( ai-chase-wing "Alpha" 50 ) )
$Cargo 1:  XSTR("Nothing", -1)
+Initial Velocity: 33
+Subsystem: Pilot
$Arrival Location: Hyperspace
$Arrival Cue: ( true ) 
$Departure Location: Hyperspace
$Departure Cue: ( false ) 
$Determination: 10
+Flags: ( )
+Flags2: ( "hide-ship-name" )
+Respawn priority: 0
+Orders Accepted: 0		;! note that this is a bitfield!!!
+Group: 0
+Use Table Score:
+Score: 12

$Name: SF Manticore 29		;! Object #29
$Class: SF Manticore
$Team: Hostile
$Location: 390.092773, 245.800003, 1101.755127
$Orientation:
	-0.937057, 0.000000, 0.349177,
	-0.074931, 0.976704, -0.201085,
	-0.341042, -0.214592, -0.915227
$AI Behavior: None
$AI Goals: ( goals ( ai-chase-wing "Alpha" 50 ) )
$Cargo 1:  XSTR("Nothing", -1)
+Initial Velocity: 33
+Subsystem: Pilot
$Arrival Location: Hyperspace
$Arrival Cue: ( true ) 
$Departure Location: Hyperspace
$Departure Cue: ( false ) 
$Determination: 10
+Flags: ( )
+Flags2: ( "hide-ship-name" )
+Respawn priority: 0
+Orders Accepted: 0		;! note that this is a bitfield!!!
+Group: 0
+Use Table Score:
+Score: 12

$Name: SF Manticore 30		;! Object #30
$Class: SF Manticore
$Team: Hostile
$Location: 451.371216, 245.800003, 1172.372559
$Orientation:
	-0.927231, 0.000000, 0.374489,
	-0.074744, 0.979880, -0.185064,
	-0.366955, -0.199588, -0.908575
$AI Behavior: None
$AI Goals: ( goals ( ai-chase-wing "Alpha" 50 ) )
$Cargo 1:  XSTR("Nothing", -1)
+Initial Velocity: 33
+Subsystem: Pilot
$Arrival Location: Hyperspace
$Arrival Cue: ( true ) 
$Departure Location: Hyperspace
$Departure Cue: ( false ) 
$Determination: 10
+Flags: ( )
+Flags2: ( "hide-ship-name" )
+Respawn priority: 0
+Orders Accepted: 0		;! note that this is a bitfield!!!
+Group: 0
+Use Table Score:
+Score: 12

$Name: SF Manticore 31		;! Object #31
$Class: SF Manticore
$Team: Hostile
$Location: 410.257446, 245.800003, 1201.460938
$Orientation:
	-0.941536, 0.000000, 0.336913,
	-0.066578, 0.980280, -0.186059,
	-0.330269, -0.197613, -0.922969
$AI Behavior: None
$AI Goals: ( goals ( ai-chase-wing "Alpha" 50 ) )
$Cargo 1:  XSTR("Nothing", -1)
+Initial Velocity: 33
+Subsystem: Pilot
$Arrival Location: Hyperspace
$Arrival Cue: ( true ) 
$Departure Location: Hyperspace
$Departure Cue: ( false ) 
$Determination: 10
+Flags: ( )
+Flags2: ( "hide-ship-name" )
+Respawn priority: 0
+Orders Accepted: 0		;! note that this is a bitfield!!!
+Group: 0
+Use Table Score:
+Score: 12

$Name: SF Manticore 32		;! Object #32
$Class: SF Manticore
$Team: Hostile
$Location: 247.884995, 245.800003, 976.793701
$Orientation:
	-0.965659, 0.000000, 0.259811,
	-0.064684, 0.968512, -0.240415,
	-0.251630, -0.248965, -0.935253
$AI Behavior: None
$AI Goals: ( goals ( ai-chase-wing "Alpha" 50 ) )
$Cargo 1:  XSTR("Nothing", -1)
+Initial Velocity: 33
+Subsystem: Pilot
$Arrival Location: Hyperspace
$Arrival Cue: ( true ) 
$Departure Location: Hyperspace
$Departure Cue: ( false ) 
$Determination: 10
+Flags: ( )
+Flags2: ( "hide-ship-name" )
+Respawn priority: 0
+Orders Accepted: 0		;! note that this is a bitfield!!!
+Group: 0
+Use Table Score:
+Score: 12

$Name: SF Manticore 33		;! Object #33
$Class: SF Manticore
$Team: Hostile
$Location: 206.324188, 245.800003, 1009.096680
$Orientation:
	-0.977363, 0.000000, 0.211567,
	-0.051579, 0.969827, -0.238277,
	-0.205184, -0.243795, -0.947873
$AI Behavior: None
$AI Goals: ( goals ( ai-chase-wing "Alpha" 50 ) )
$Cargo 1:  XSTR("Nothing", -1)
+Initial Velocity: 33
+Subsystem: Pilot
$Arrival Location: Hyperspace
$Arrival Cue: ( true ) 
$Departure Location: Hyperspace
$Departure Cue: ( false ) 
$Determination: 10
+Flags: ( )
+Flags2: ( "hide-ship-name" )
+Respawn priority: 0
+Orders Accepted: 0		;! note that this is a bitfield!!!
+Group: 0
+Use Table Score:
+Score: 12

$Name: SF Manticore 34		;! Object #34
$Class: SF Manticore
$Team: Hostile
$Location: 306.749817, 245.800003, 1080.838623
$Orientation:
	-0.958064, 0.000000, 0.286555,
	-0.064021, 0.974723, -0.214047,
	-0.279312, -0.223416, -0.933847
$AI Behavior: None
$AI Goals: ( goals ( ai-chase-wing "Alpha" 50 ) )
$Cargo 1:  XSTR("Nothing", -1)
+Initial Velocity: 33
+Subsystem: Pilot
$Arrival Location: Hyperspace
$Arrival Cue: ( true ) 
$Departure Location: Hyperspace
$Departure Cue: ( false ) 
$Determination: 10
+Flags: ( )
+Flags2: ( "hide-ship-name" )
+Respawn priority: 0
+Orders Accepted: 0		;! note that this is a bitfield!!!
+Group: 0
+Use Table Score:
+Score: 12

$Name: Aquitaine		;! Object #35
$Class: GTD Hecate
$Team: Friendly
$Location: -378.100739, -0.001066, -1746.117920
$Orientation:
	1.000000, 0.000000, 0.000000,
	0.000000, 1.000000, 0.000000,
	0.000000, 0.000000, 1.000000
$AI Behavior: None
$Cargo 1:  XSTR("Nothing", -1)
+Initial Hull: 100
+Initial Shields: 100
+Subsystem: Pilot
+Subsystem: turret01
+Subsystem: turret02
+Subsystem: turret03
+Subsystem: turret04
+Subsystem: turret05
+Subsystem: turret06
+Subsystem: turret07
+Subsystem: turret08
+Subsystem: turret09
+Subsystem: turret10
+Subsystem: turret11
+Subsystem: turret12
+Subsystem: turret13
+Subsystem: turret14
+Subsystem: turret15
+Subsystem: turret16
+Subsystem: turret17
+Subsystem: turret18
+Subsystem: turret19
+Subsystem: turret20
+Subsystem: turret21
+Subsystem: turret22
+Subsystem: turret23
+Subsystem: turret24
+Subsystem: turret25
+Subsystem: turret26
+Subsystem: turret27
$Arrival Location: Hyperspace
$Arrival Cue: ( true ) 
$Departure Location: Hyperspace
$Departure Cue: ( false ) 
$Determination: 10
+Flags: ( "cargo-known" "no-shields" "escort" )
+Flags2: ( )
+Respawn priority: 0
+Escort priority: 0
+Special Hitpoints: 200000
+Orders Accepted: 0		;! note that this is a bitfield!!!
+Group: 0
+Use Table Score:
+Score: 1300

$Name: Baltheron		;! Object #36
$Class: SSD Bhaal
$Team: Hostile
$Location: 3347.801025, -523.109375, 3643.738037
$Orientation:
	0.488476, 0.693444, 0.529649,
	-0.731048, 0.656634, -0.185481,
	-0.476405, -0.296595, 0.827690
$AI Behavior: None
$Cargo 1:  XSTR("Nothing", -1)
+Initial Hull: 100
+Initial Shields: 100
+Subsystem: Pilot
+Subsystem: turret01
+Subsystem: turret02
+Subsystem: turret03
+Subsystem: turret04
+Subsystem: turret05
+Subsystem: turret06
+Subsystem: turret07
+Subsystem: turret08
+Subsystem: turret09
+Subsystem: turret10
+Subsystem: turret11
+Subsystem: turret12
+Subsystem: turret13
+Subsystem: turret14
+Subsystem: turret15
+Subsystem: turret16
+Subsystem: turret17
+Subsystem: turret18
+Subsystem: turret19
+Subsystem: turret20
+Subsystem: turret21
+Subsystem: turret22
+Subsystem: turret23
+Subsystem: turret24
+Subsystem: turret25
+Subsystem: turret26
+Subsystem: turret27
+Subsystem: turret28
+Subsystem: turret29
+Subsystem: turret30
+Subsystem: turret31
+Subsystem: turret32
+Subsystem: turret33
+Subsystem: turret34
+Subsystem: turret35
+Subsystem: turret36
+Subsystem: turret37
+Subsystem: turret38
+Subsystem: turret39
+Subsystem: turret40
+Subsystem: turret41
+Subsystem: turret42
+Subsystem: turret43
+Subsystem: turret44
+Subsystem: turret45
+Subsystem: turret46
+Subsystem: turret47
+Subsystem: turret48
+Subsystem: turret49
+Subsystem: turret50
+Subsystem: Engine
$Damage: 100
$Arrival Location: Hyperspace
$Arrival Cue: ( true ) 
$Departure Location: Hyperspace
$Departure Cue: ( false ) 
$Determination: 10
+Flags: ( "no-shields" "escort" )
+Flags2: ( )
+Respawn priority: 0
+Escort priority: 0
+Special Hitpoints: 200000
+Group: 0
+Score: 1000

$Name: Draco 1		;! Object #37
$Class: SF Dragon
$Team: Hostile
$Location: -954.020325, 379.017059, 2560.520264
$Orientation:
	1.000000, 0.000000, 0.000000,
	0.000000, 1.000000, 0.000000,
	0.000000, 0.000000, 1.000000
$AI Behavior: None
$Cargo 1:  XSTR("Nothing", -1)
+Subsystem: Pilot
$Arrival Location: Hyperspace
$Arrival Cue: ( false ) 
$Departure Location: Hyperspace
