#Mission Info

$Version: 0.10
$Name:  XSTR("Supply Disruption", -1)
$Author: Herkie
$Created: 06/04/16 at 08:15:02
$Modified: 07/02/17 at 19:37:10
$Notes:
This is a FRED2_OPEN created mission.
$End Notes:

$Mission Desc:
 XSTR("The Angels and Ice Queens attacks a large Shivan convoy", -1)
$end_multi_text
+Game Type Flags: 1
+Flags: 192
+Fog Near Mult: 1.000000

+Fog Far Mult: 1.000000

+Disallow Support: 0
+Hull Repair Ceiling: 20.000000
+Subsystem Repair Ceiling: 100.000000

+Viewer pos: 2801.522461, 5878.239258, 6488.316895
+Viewer orient:
	-0.650153, 0.000014, 0.759803,
	-0.544779, 0.697065, -0.466172,
	-0.529638, -0.717008, -0.453191


$Load Screen 640:	LoadAct6Sa.dds
$Load Screen 1024:	LoadAct6La.dds

$Skybox Model: GDPlanet.pof

$AI Profile: AF1

#Sexp_variables

$Variables:
(
		0		"RandomNum"		"0"		"number"
		1		"ShipName"		"None"		"string"
)

#Command Briefing

#Briefing
$start_briefing
$num_stages: 3
$start_stage
$multi_text
 XSTR("Here's another mission for you, pilots. I'm pretty sure that this one is relatively easy. You are going back to $Y{ Sector GD28. $}", -1)
$end_multi_text
$voice: none.wav
$camera_pos: -850.581665, 13199.903320, 10078.688477
$camera_orient:
	-0.999988, 0.000012, 0.004923,
	-0.003827, 0.627042, -0.778976,
	-0.003096, -0.778985, -0.627035
$camera_time: 500
$num_lines: 0
$num_icons: 1
$Flags: 1
$Formula: ( true ) 
$start_icon
$type: 6
$team: Friendly
$class: GTD Hercules
$pos: -565.179810, 4288.481445, 3121.281982
$label: GTD Hercules
+id: 3
$hlight: 0
$mirror: 1
$multi_text
$end_multi_text
$end_icon
$end_stage
$start_stage
$multi_text
 XSTR("Our recon patrol have sighted a $R{large enemy supply convoy $} traversing this area. Their flight vector indicate that they are re-supplying a $R Shivan $R fleet in that sector with munitions and fuel. The same enemy fleet that destroyed the $G 10th $G BG and almost wiping out the $G 12th $G SOC $G Fleet. The same ones that harassed you in your last mission. Make them pay by disrupting their supply. 
", -1)
$end_multi_text
$voice: none.wav
$camera_pos: -6411.967773, 5585.049805, 3976.377930
$camera_orient:
	-0.999988, 0.000012, 0.004923,
	-0.003827, 0.627042, -0.778976,
	-0.003096, -0.778985, -0.627035
$camera_time: 4000
$num_lines: 0
$num_icons: 4
$Flags: 2
$Formula: ( true ) 
$start_icon
$type: 6
$team: Friendly
$class: GTD Hercules
$pos: -565.179810, 4288.481445, 3121.281982
$label: GTD Hercules
+id: 3
$hlight: 0
$mirror: 1
$multi_text
$end_multi_text
$end_icon
$start_icon
$type: 14
$team: Hostile
$class: SFr Mephisto
$pos: -8039.623047, 32.648464, -275.834503
$label: Mephisto Freighter
+id: 8
$hlight: 0
$mirror: 0
$multi_text
$end_multi_text
$end_icon
$start_icon
$type: 14
$team: Hostile
$class: SFr Asmodeus
$pos: -4577.970703, -191.773529, -404.301666
$label: Asmodeus Freighter
+id: 9
$hlight: 0
$mirror: 0
$multi_text
$end_multi_text
$end_icon
$start_icon
$type: 14
$team: Hostile
$class: SFr Dis
$pos: -6399.103027, 451.524109, 51.043152
$label: Dis Freighter
+id: 10
$hlight: 0
$mirror: 0
$multi_text
$end_multi_text
$end_icon
$end_stage
$start_stage
$multi_text
 XSTR("Your mission is to destroy the entire convoy. $b Commodore $b Dachengko has authorized the deployment of three wings from the $G 77th $G Squadron and two from the $G 76th. You must strike your target hard and fast or you will be facing additional enemy reinforcements. Once your job is done, haul ass and get the hell out of there. Understood? Dismissed. ", -1)
$end_multi_text
$voice: none.wav
$camera_pos: 3034.294434, 6852.788086, 4950.430664
$camera_orient:
	-0.999988, 0.000012, 0.004923,
	-0.003828, 0.627043, -0.778976,
	-0.003096, -0.778985, -0.627035
$camera_time: 4000
$num_lines: 0
$num_icons: 6
$Flags: 2
$Formula: ( true ) 
$start_icon
$type: 6
$team: Friendly
$class: GTD Hercules
$pos: 3051.615967, 4288.481445, 2460.468994
$label: GTD Hercules
+id: 3
$hlight: 0
$mirror: 1
$multi_text
$end_multi_text
$end_icon
$start_icon
$type: 1
$team: Friendly
$class: GTF Dark Angel
$pos: 4240.914551, -0.257936, 61.869156
$label: Dark Angels
+id: 5
$hlight: 0
$mirror: 0
$multi_text
$end_multi_text
$end_icon
$start_icon
$type: 1
$team: Friendly
$class: GTF Dark Angel
$pos: 1704.152832, -30.343006, -16.875687
$label: Ice Queens
+id: 6
$hlight: 0
$mirror: 0
$multi_text
$end_multi_text
$end_icon
$start_icon
$type: 14
$team: Hostile
$class: SFr Mephisto
$pos: -8039.623047, 32.648464, -275.834503
$label: Mephisto Freighter
+id: 8
$hlight: 0
$mirror: 0
$multi_text
$end_multi_text
$end_icon
$start_icon
$type: 14
$team: Hostile
$class: SFr Asmodeus
$pos: -4577.970703, -191.773529, -404.301666
$label: Asmodeus Freighter
+id: 9
$hlight: 0
$mirror: 0
$multi_text
$end_multi_text
$end_icon
$start_icon
$type: 14
$team: Hostile
$class: SFr Dis
$pos: -6399.103027, 451.524109, 51.043152
$label: Dis Freighter
+id: 10
$hlight: 0
$mirror: 0
$multi_text
$end_multi_text
$end_icon
$end_stage
$end_briefing

#Debriefing_info

$Num stages: 6

$Formula: ( = 
   ( num-ships-in-battle 
      "alpha" 
      "beta" 
      "gamma" 
      "delta" 
      "epsilon" 
   )
   40 
)
$Multi text
    XSTR("$B{To Lt. Commander John Richter
77th Dark Angels Squadron GTVA $}

Great job. That was certainly a display of guts. A rare talent if you asked me. But I am disturbed that the $R Shivans set up a trap for us. The kind of thing that we resort to. They are also studying our strategy. What amazes me, commander, is that you survived. All of your pilots made it out of a dogfight with more than a hundred enemy fighters. I have heard what other pilots say about you. They were even modest. I say you are the deadliest fighter pilot I have ever seen.

Other squadrons also have executed this kind of operation at different locations and have done so well. This is what we call $V{ $quotewar with wisdom.$quote $}  We rely not only on brute strength anymore. Strategic and well-placed attack is a must in battling a relentless enemy. Though they have greater numbers and guns, we can match their weapons and we have the abilities and precision that makes us difficult to counter.

With a number of successful $P{ $quotesupply-disruption$quote $} operation that we executed, the $R Shivans should consider sending their forces out of $Y Gamma $Y Draconis in retreat. Clearly, this time they have underestimated us. Still, we should not be confident and the enemy shows no sign of letting up. We don't know what other tricks they have against us. But If they do have them we will be ready.

Prepare yourself for the next sortie, commander and talk to your men. Have the rest of the day off and report back here tomorrow at 0900 hours.

$B{Captain Robert Stein
Flight Division Commander
7th Battlegroup $}

$P{ LCARS UPDATE: $} $G{New entry in Techroom Database $}", -1)
$end_multi_text
$Voice: none.wav
$Recommendation text:
    XSTR("", -1)
$end_multi_text

$Formula: ( and 
   ( <= 
      ( num-ships-in-battle 
         "alpha" 
         "beta" 
         "gamma" 
         "delta" 
         "epsilon" 
      )
      39 
   )
   ( > 
      ( num-ships-in-battle 
         "alpha" 
         "beta" 
         "gamma" 
         "delta" 
         "epsilon" 
      )
      20 
   )
)
$Multi text
    XSTR("$B{To Lt. Commander John Richter
77th Dark Angels Squadron GTVA $}

Great job. That was certainly a display of guts. A rare talent if you asked me. But I am disturbed that the $R Shivans set up a trap for us. The kind of thing that we resort to. They are also studying our strategy. What amazes me, commander, is that you survived. Most of your pilots made it out of a dogfight with more than a hundred enemy fighters. I have heard what other pilots say about you. They were even modest. I say you are the deadliest fighter pilot I have ever seen.

Other squadrons also have executed this kind of operation at different locations and have done so well. This is what we call $V{ $quotewar with wisdom.$quote $}  We rely not only on brute strength anymore. Strategic and well-placed attack is a must in battling a relentless enemy. Though they have greater numbers and guns, we can match their weapons and we have the abilities and precision that makes us difficult to counter.

With a number of successful $P{ $quotesupply-disruption$quote $} operation that we executed, the $R Shivans should consider sending their forces out of $Y Gamma $Y Draconis in retreat. Clearly, this time they have underestimated us. Still, we should not be confident and the enemy shows no sign of letting up. We don't know what other tricks they have against us. But If they do have them we will be ready.

Prepare yourself for the next sortie, commander and talk to your men. Have the rest of the day off and report back here tomorrow at 0900 hours.

$B{Captain Robert Stein
Flight Division Commander
GTD Hercules $}

$P{ LCARS UPDATE: $} $G{New entry in Techroom Database $}", -1)
$end_multi_text
$Voice: none.wav
$Recommendation text:
    XSTR("", -1)
$end_multi_text

$Formula: ( = 
   ( num-ships-in-battle 
      "alpha" 
      "beta" 
      "gamma" 
      "delta" 
      "epsilon" 
   )
   20 
)
$Multi text
    XSTR("$B{To Lt. Commander John Richter
77th Dark Angels Squadron GTVA $}

Great job. That was certainly a display of guts. A rare talent if you asked me. But I am disturbed that the $R Shivans set up a trap for us. The kind of thing that we resort to. They are also studying our strategy. What amazes me, commander, is that you survived. Only a half of your squadrons made it out of a dogfight with more than a hundred enemy fighters. I have heard what other pilots say about you. They were even modest. I say you are the deadliest fighter pilot I have ever seen.

Other squadrons also have executed this kind of operation at different locations and have done so well. This is what we call $V{ $quotewar with wisdom.$quote $}  We rely not only on brute strength anymore. Strategic and well-placed attack is a must in battling a relentless enemy. Though they have greater numbers and guns, we can match their weapons and we have the abilities and precision that makes us difficult to counter.

With a number of successful $P{ $quotesupply-disruption$quote $} operation that we executed, the $R Shivans should consider sending their forces out of $Y Gamma $Y Draconis in retreat. Clearly, this time they have underestimated us. Still, we should not be confident and the enemy shows no sign of letting up. We don't know what other tricks they have against us. But If they do have them we will be ready.

Prepare yourself for the next sortie, commander and talk to your men. Have the rest of the day off and report back here tomorrow at 0900 hours.

$B{Captain Robert Stein
Flight Division Commander
GTD Hercules $}

$P{ LCARS UPDATE: $} $G{New entry in Techroom Database $}", -1)
$end_multi_text
$Voice: none.wav
$Recommendation text:
    XSTR("", -1)
$end_multi_text

$Formula: ( and 
   ( <= 
      ( num-ships-in-battle 
         "alpha" 
         "beta" 
         "gamma" 
         "delta" 
         "epsilon" 
      )
      19 
   )
   ( > 
      ( num-ships-in-battle 
         "alpha" 
         "beta" 
         "gamma" 
         "delta" 
         "epsilon" 
      )
      5 
   )
)
$Multi text
    XSTR("$B{To Lt. Commander John Richter
77th Dark Angels Squadron GTVA $}

Great job. That was certainly a display of guts. A rare talent if you asked me. But I am disturbed that the $R Shivans set up a trap for us. The kind of thing that we resort to. They are also studying our strategy. What amazes me, commander, is that you survived. Only a few of your pilots made it out of a dogfight with more than a hundred enemy fighters. I have heard what other pilots say about you. They were even modest. I say you are the deadliest fighter pilot I have ever seen.

Other squadrons also have executed this kind of operation at different locations and have done so well. This is what we call $V{ $quotewar with wisdom.$quote $}  We rely not only on brute strength anymore. Strategic and well-placed attack is a must in battling a relentless enemy. Though they have greater numbers and guns, we can match their weapons and we have the abilities and precision that makes us difficult to counter.

With a number of successful $P{ $quotesupply-disruption$quote $} operation that we executed, the $R Shivans should consider sending their forces out of $Y Gamma $Y Draconis in retreat. Clearly, this time they have underestimated us. Still, we should not be confident and the enemy shows no sign of letting up. We don't know what other tricks they have against us. But If they do have them we will be ready.

Prepare yourself for the next sortie, commander and talk to your men. Have the rest of the day off and report back here tomorrow at 0900 hours.

$B{Captain Robert Stein
Flight Division Commander
GTD Hercules $}

$P{ LCARS UPDATE: $} $G{New entry in Techroom Database $}", -1)
$end_multi_text
$Voice: none.wav
$Recommendation text:
    XSTR("", -1)
$end_multi_text

$Formula: ( and 
   ( <= 
      ( num-ships-in-battle 
         "alpha" 
         "beta" 
         "gamma" 
         "delta" 
         "epsilon" 
      )
      5 
   )
   ( > 
      ( num-ships-in-battle 
         "alpha" 
         "beta" 
         "gamma" 
         "delta" 
         "epsilon" 
      )
      1 
   )
)
$Multi text
    XSTR("$B{To Lt. Commander John Richter
77th Dark Angels Squadron GTVA $}

Great job. That was certainly a display of guts. A rare talent if you asked me. But I am disturbed that the $R Shivans set up a trap for us. The kind of thing that we resort to. They are also studying our strategy. What amazes me, commander, is that you survived. Only a handful of you made it out of a dogfight with more than a hundred enemy fighters. I have heard what other pilots say about you. They were even modest. I say you are the deadliest fighter pilot I have ever seen.

Other squadrons also have executed this kind of operation at different locations and have done so well. This is what we call $V{ $quotewar with wisdom.$quote $}  We rely not only on brute strength anymore. Strategic and well-placed attack is a must in battling a relentless enemy. Though they have greater numbers and guns, we can match their weapons and we have the abilities and precision that makes us difficult to counter.

With a number of successful $P{ $quotesupply-disruption$quote $} operation that we executed, the $R Shivans should consider sending their forces out of $Y Gamma $Y Draconis in retreat. Clearly, this time they have underestimated us. Still, we should not be confident and the enemy shows no sign of letting up. We don't know what other tricks they have against us. But If they do have them we will be ready.

Prepare yourself for the next sortie, commander and talk to your men. Have the rest of the day off and report back here tomorrow at 0900 hours.

$B{Captain Robert Stein
Flight Division Commander
GTD Hercules $}

$P{ LCARS UPDATE: $} $G{New entry in Techroom Database $}", -1)
$end_multi_text
$Voice: none.wav
$Recommendation text:
    XSTR("", -1)
$end_multi_text

$Formula: ( <= 
   ( num-ships-in-battle 
      "alpha" 
      "beta" 
      "gamma" 
      "delta" 
      "epsilon" 
   )
   1 
)
$Multi text
    XSTR("$B{To Lt. Commander John Richter
77th Dark Angels Squadron GTVA $}

Great job. That was certainly a display of guts. A rare talent if you asked me. But I am disturbed that the $R Shivans set up a trap for us. The kind of thing that we resort to. They are also studying our strategy. What amazes me, commander, is that you survived. You are the only one who made it out of a dogfight with more than a hundred enemy fighters. I have heard what other pilots say about you. They were even modest. I say you are the deadliest fighter pilot I have ever seen.

Other squadrons also have executed this kind of operation at different locations and have done so well. This is what we call $V{ $quotewar with wisdom.$quote $}  We rely not only on brute strength anymore. Strategic and well-placed attack is a must in battling a relentless enemy. Though they have greater numbers and guns, we can match their weapons and we have the abilities and precision that makes us difficult to counter.

With a number of successful $P{ $quotesupply-disruption$quote $} operation that we executed, the $R Shivans should consider sending their forces out of $Y Gamma $Y Draconis in retreat. Clearly, this time they have underestimated us. Still, we should not be confident and the enemy shows no sign of letting up. We don't know what other tricks they have against us. But If they do have them we will be ready.

Prepare yourself for the next sortie, commander and talk to your men. Have the rest of the day off and report back here tomorrow at 0900 hours.

$B{Captain Robert Stein
Flight Division Commander
GTD Hercules $}

$P{ LCARS UPDATE: $} $G{New entry in Techroom Database $}", -1)
$end_multi_text
$Voice: none.wav
$Recommendation text:
    XSTR("", -1)
$end_multi_text

#Alternate Types:
$Alt: 77th Dark Angels
$Alt: 76th Ice Queens
$Alt: 7th Battlegroup

#end


#Players		;! 1 total

$Starting Shipname: alpha 1
$Ship Choices: (
	"GTF Hercules Mark II"	12
	"GTF Ares"	12
	"GTF Erinyes"	12
	"GTF Perseus"	12
	"GTF Phoenix"	12
)

+Weaponry Pool: (
	"Akheton SDG"	100
	"Maxim"	12
	"UD-8 Kayser"	12
	"Ripper"	12
	"Starfury"	12
	"Tempest"	10000
	"Hornet"	3000
	"Tornado"	3000
	"Harpoon"	1000
	"Trebuchet"	480
	"Stiletto II"	300
	"Harpoon#Weak#Shivan"	500
	"Hunter"	3000
	"Widowmaker"	60
	"Skyrail"	12
	"Devastator"	12
	"Screamer"	4320
)

#Objects		;! 283 total

$Name: alpha 1		;! Object #0
$Class: GTF Dark Angel
$Alt: 77th Dark Angels

$Team: Friendly
$Location: 964.391113, -0.000754, 3065.418213
$Orientation:
	-0.763815, 0.000000, 0.645435,
	0.000000, 1.000000, 0.000000,
	-0.645435, 0.000000, -0.763815
$AI Behavior: None
$Cargo 1:  XSTR("Nothing", -1)
+Initial Hull: 100
+Subsystem: Pilot
+Primary Banks: ( "Skyrail" "Devastator" )
+Secondary Banks: ( "Screamer" "Screamer" "Trebuchet" )
$Arrival Location: Hyperspace
$Arrival Cue: ( false ) 
$Departure Location: Hyperspace
$Departure Cue: ( false ) 
$Determination: 10
+Flags: ( "cargo-known" "player-start" )
+Flags2: ( )
+Respawn priority: 0
+Orders Accepted: 33023		;! note that this is a bitfield!!!
+Group: 0
+Score: 8

$Name: alpha 2		;! Object #1
$Class: GTF Dark Angel
$Alt: 77th Dark Angels

$Team: Friendly
$Location: 992.137390, -18.213013, 2979.989990
$Orientation:
	-0.763815, 0.000000, 0.645435,
	0.000000, 1.000000, 0.000000,
	-0.645435, 0.000000, -0.763815
$AI Behavior: None
$Cargo 1:  XSTR("Nothing", -1)
+Initial Velocity: 33
+Initial Hull: 100
+Subsystem: Pilot
+Primary Banks: ( "Skyrail" "Devastator" )
+Secondary Banks: ( "Screamer" "Screamer" "Trebuchet" )
$Arrival Location: Hyperspace
$Arrival Cue: ( false ) 
$Departure Location: Hyperspace
$Departure Cue: ( false ) 
$Determination: 10
+Flags: ( "cargo-known" )
+Flags2: ( )
+Respawn priority: 0
+Orders Accepted: 33023		;! note that this is a bitfield!!!
+Group: 0
+Use Table Score:
+Score: 10

$Name: alpha 3		;! Object #2
$Class: GTF Dark Angel
$Alt: 77th Dark Angels

$Team: Friendly
$Location: 884.814575, 30.996691, 3067.605469
$Orientation:
	-0.763815, 0.000000, 0.645435,
	0.000000, 1.000000, 0.000000,
	-0.645435, 0.000000, -0.763815
$AI Behavior: None
$Cargo 1:  XSTR("Nothing", -1)
+Initial Velocity: 33
+Initial Hull: 100
+Subsystem: Pilot
+Primary Banks: ( "Skyrail" "Devastator" )
+Secondary Banks: ( "Screamer" "Screamer" "Trebuchet" )
$Arrival Location: Hyperspace
$Arrival Cue: ( false ) 
$Departure Location: Hyperspace
$Departure Cue: ( false ) 
$Determination: 10
+Flags: ( "cargo-known" )
+Flags2: ( )
+Respawn priority: 0
+Orders Accepted: 33023		;! note that this is a bitfield!!!
+Group: 0
+Use Table Score:
+Score: 10

$Name: alpha 4		;! Object #3
$Class: GTF Dark Angel
$Alt: 77th Dark Angels

$Team: Friendly
$Location: 887.141357, 11.902331, 2970.225830
$Orientation:
	-0.763815, 0.000000, 0.645435,
	0.000000, 1.000000, 0.000000,
	-0.645435, 0.000000, -0.763815
$AI Behavior: None
$Cargo 1:  XSTR("Nothing", -1)
+Initial Velocity: 33
+Initial Hull: 100
+Subsystem: Pilot
+Primary Banks: ( "Skyrail" "Devastator" )
+Secondary Banks: ( "Screamer" "Screamer" "Trebuchet" )
$Arrival Location: Hyperspace
$Arrival Cue: ( false ) 
$Departure Location: Hyperspace
$Departure Cue: ( false ) 
$Determination: 10
+Flags: ( "cargo-known" )
+Flags2: ( )
+Respawn priority: 0
+Orders Accepted: 33023		;! note that this is a bitfield!!!
+Group: 0
+Use Table Score:
+Score: 10

$Name: beta 1		;! Object #4
$Class: GTF Dark Angel
$Alt: 77th Dark Angels

$Team: Friendly
$Location: 895.289063, -12.551871, 2774.259766
$Orientation:
	-0.763815, 0.000000, 0.645435,
	0.000000, 1.000000, 0.000000,
	-0.645435, 0.000000, -0.763815
$AI Behavior: None
$Cargo 1:  XSTR("Nothing", -1)
+Initial Velocity: 33
+Initial Hull: 100
+Subsystem: Pilot
+Primary Banks: ( "Skyrail" "Devastator" )
+Secondary Banks: ( "Screamer" "Screamer" "Trebuchet" )
$Arrival Location: Hyperspace
$Arrival Cue: ( false ) 
$Departure Location: Hyperspace
$Departure Cue: ( false ) 
$Determination: 10
+Flags: ( "cargo-known" )
+Flags2: ( )
+Respawn priority: 0
+Orders Accepted: 33023		;! note that this is a bitfield!!!
+Group: 0
+Use Table Score:
+Score: 10

$Name: beta 2		;! Object #5
$Class: GTF Dark Angel
$Alt: 77th Dark Angels

$Team: Friendly
$Location: 986.471252, 8.461757, 2765.387451
$Orientation:
	-0.763815, 0.000000, 0.645435,
	0.000000, 1.000000, 0.000000,
	-0.645435, 0.000000, -0.763815
$AI Behavior: None
$Cargo 1:  XSTR("Nothing", -1)
+Initial Velocity: 33
+Initial Hull: 100
+Subsystem: Pilot
+Primary Banks: ( "Skyrail" "Devastator" )
+Secondary Banks: ( "Screamer" "Screamer" "Trebuchet" )
$Arrival Location: Hyperspace
$Arrival Cue: ( false ) 
$Departure Location: Hyperspace
$Departure Cue: ( false ) 
$Determination: 10
+Flags: ( "cargo-known" )
+Flags2: ( )
+Respawn priority: 0
+Orders Accepted: 33023		;! note that this is a bitfield!!!
+Group: 0
+Use Table Score:
+Score: 10

$Name: beta 3		;! Object #6
$Class: GTF Dark Angel
$Alt: 77th Dark Angels

$Team: Friendly
$Location: 887.339355, -29.023256, 2871.759521
$Orientation:
	-0.763815, 0.000000, 0.645435,
	0.000000, 1.000000, 0.000000,
	-0.645435, 0.000000, -0.763815
$AI Behavior: None
$Cargo 1:  XSTR("Nothing", -1)
+Initial Velocity: 33
+Initial Hull: 100
+Subsystem: Pilot
+Primary Banks: ( "Skyrail" "Devastator" )
+Secondary Banks: ( "Screamer" "Screamer" "Trebuchet" )
$Arrival Location: Hyperspace
$Arrival Cue: ( false ) 
$Departure Location: Hyperspace
$Departure Cue: ( false ) 
$Determination: 10
+Flags: ( "cargo-known" )
+Flags2: ( )
+Respawn priority: 0
+Orders Accepted: 33023		;! note that this is a bitfield!!!
+Group: 0
+Use Table Score:
+Score: 10

$Name: beta 4		;! Object #7
$Class: GTF Dark Angel
$Alt: 77th Dark Angels

$Team: Friendly
$Location: 984.358398, 26.119822, 2862.747803
$Orientation:
	-0.763815, 0.000000, 0.645435,
	0.000000, 1.000000, 0.000000,
	-0.645435, 0.000000, -0.763815
$AI Behavior: None
$Cargo 1:  XSTR("Nothing", -1)
+Initial Velocity: 33
+Initial Hull: 100
+Subsystem: Pilot
+Primary Banks: ( "Skyrail" "Devastator" )
+Secondary Banks: ( "Screamer" "Screamer" "Trebuchet" )
$Arrival Location: Hyperspace
$Arrival Cue: ( false ) 
$Departure Location: Hyperspace
$Departure Cue: ( false ) 
$Determination: 10
+Flags: ( "cargo-known" )
+Flags2: ( )
+Respawn priority: 0
+Orders Accepted: 33023		;! note that this is a bitfield!!!
+Group: 0
+Use Table Score:
+Score: 10

$Name: gamma 1		;! Object #8
$Class: GTF Dark Angel
$Alt: 77th Dark Angels

$Team: Friendly
$Location: 676.344971, 28.511808, 2946.163818
$Orientation:
	-0.763815, 0.000000, 0.645435,
	0.000000, 1.000000, 0.000000,
	-0.645435, 0.000000, -0.763815
$AI Behavior: None
$Cargo 1:  XSTR("Nothing", -1)
+Initial Velocity: 33
+Initial Hull: 100
+Subsystem: Pilot
+Primary Banks: ( "Skyrail" "Devastator" )
+Secondary Banks: ( "Screamer" "Screamer" "Trebuchet" )
$Arrival Location: Hyperspace
$Arrival Cue: ( false ) 
$Departure Location: Hyperspace
$Departure Cue: ( false ) 
$Determination: 10
+Flags: ( "cargo-known" )
+Flags2: ( )
+Respawn priority: 0
+Orders Accepted: 33023		;! note that this is a bitfield!!!
+Group: 0
+Use Table Score:
+Score: 10

$Name: gamma 2		;! Object #9
$Class: GTF Dark Angel
$Alt: 77th Dark Angels

$Team: Friendly
$Location: 784.856140, -11.595199, 2953.561279
$Orientation:
	-0.763815, 0.000000, 0.645435,
	0.000000, 1.000000, 0.000000,
	-0.645435, 0.000000, -0.763815
$AI Behavior: None
$Cargo 1:  XSTR("Nothing", -1)
+Initial Velocity: 33
+Initial Hull: 100
+Subsystem: Pilot
+Primary Banks: ( "Skyrail" "Devastator" )
+Secondary Banks: ( "Screamer" "Screamer" "Trebuchet" )
$Arrival Location: Hyperspace
$Arrival Cue: ( false ) 
$Departure Location: Hyperspace
$Departure Cue: ( false ) 
$Determination: 10
+Flags: ( "cargo-known" )
+Flags2: ( )
+Respawn priority: 0
+Orders Accepted: 33023		;! note that this is a bitfield!!!
+Group: 0
+Use Table Score:
+Score: 10

$Name: gamma 3		;! Object #10
$Class: GTF Dark Angel
$Alt: 77th Dark Angels

$Team: Friendly
$Location: 667.661804, -0.000301, 3043.527588
$Orientation:
	-0.763815, 0.000000, 0.645435,
	0.000000, 1.000000, 0.000000,
	-0.645435, 0.000000, -0.763815
$AI Behavior: None
$Cargo 1:  XSTR("Nothing", -1)
+Initial Velocity: 33
+Initial Hull: 100
+Subsystem: Pilot
+Primary Banks: ( "Skyrail" "Devastator" )
+Secondary Banks: ( "Screamer" "Screamer" "Trebuchet" )
$Arrival Location: Hyperspace
$Arrival Cue: ( false ) 
$Departure Location: Hyperspace
$Departure Cue: ( false ) 
$Determination: 10
+Flags: ( "cargo-known" )
+Flags2: ( )
+Respawn priority: 0
+Orders Accepted: 33023		;! note that this is a bitfield!!!
+Group: 0
+Use Table Score:
+Score: 10

$Name: gamma 4		;! Object #11
$Class: GTF Dark Angel
$Alt: 77th Dark Angels

$Team: Friendly
$Location: 771.536743, -32.274418, 3043.045898
$Orientation:
	-0.763815, 0.000000, 0.645435,
	0.000000, 1.000000, 0.000000,
	-0.645435, 0.000000, -0.763815
$AI Behavior: None
$Cargo 1:  XSTR("Nothing", -1)
+Initial Velocity: 33
+Initial Hull: 100
+Subsystem: Pilot
+Primary Banks: ( "Skyrail" "Devastator" )
+Secondary Banks: ( "Screamer" "Screamer" "Trebuchet" )
$Arrival Location: Hyperspace
$Arrival Cue: ( false ) 
$Departure Location: Hyperspace
$Departure Cue: ( false ) 
$Determination: 10
+Flags: ( "cargo-known" )
+Flags2: ( )
+Respawn priority: 0
+Orders Accepted: 33023		;! note that this is a bitfield!!!
+Group: 0
+Use Table Score:
+Score: 10

$Name: delta 1		;! Object #12
$Class: GTF Dark Angel
$Alt: 76th Ice Queens

$Team: Friendly
$Location: 901.132324, 17.968790, 2558.843262
$Orientation:
	-0.763815, 0.000000, 0.645435,
	0.000000, 1.000000, 0.000000,
	-0.645435, 0.000000, -0.763815
$AI Behavior: None
$Cargo 1:  XSTR("Nothing", -1)
+Initial Velocity: 33
+Initial Hull: 100
+Subsystem: Pilot
+Primary Banks: ( "Skyrail" "Devastator" )
+Secondary Banks: ( "Screamer" "Screamer" "Trebuchet" )
$Arrival Location: Hyperspace
$Arrival Cue: ( false ) 
$Departure Location: Hyperspace
$Departure Cue: ( false ) 
$Determination: 10
+Flags: ( "cargo-known" )
+Flags2: ( )
+Respawn priority: 0
+Orders Accepted: 33023		;! note that this is a bitfield!!!
+Group: 0
+Use Table Score:
+Score: 10
$Texture Replace:
+old: ahull1
+new: ahull1b

$Name: delta 2		;! Object #13
$Class: GTF Dark Angel
$Alt: 76th Ice Queens

$Team: Friendly
$Location: 978.013184, -14.953250, 2562.182129
$Orientation:
	-0.763815, 0.000000, 0.645435,
	0.000000, 1.000000, 0.000000,
	-0.645435, 0.000000, -0.763815
$AI Behavior: None
$Cargo 1:  XSTR("Nothing", -1)
+Initial Velocity: 33
+Initial Hull: 100
+Subsystem: Pilot
+Primary Banks: ( "Skyrail" "Devastator" )
+Secondary Banks: ( "Screamer" "Screamer" "Trebuchet" )
$Arrival Location: Hyperspace
$Arrival Cue: ( false ) 
$Departure Location: Hyperspace
$Departure Cue: ( false ) 
$Determination: 10
+Flags: ( "cargo-known" )
+Flags2: ( )
+Respawn priority: 0
+Orders Accepted: 33023		;! note that this is a bitfield!!!
+Group: 0
+Use Table Score:
+Score: 10
$Texture Replace:
+old: ahull1
+new: ahull1b

$Name: delta 3		;! Object #14
$Class: GTF Dark Angel
$Alt: 76th Ice Queens

$Team: Friendly
$Location: 886.059326, -0.000829, 2658.528809
$Orientation:
	-0.763815, 0.000000, 0.645435,
	0.000000, 1.000000, 0.000000,
	-0.645435, 0.000000, -0.763815
$AI Behavior: None
$Cargo 1:  XSTR("Nothing", -1)
+Initial Velocity: 33
+Initial Hull: 100
+Subsystem: Pilot
+Primary Banks: ( "Skyrail" "Devastator" )
+Secondary Banks: ( "Screamer" "Screamer" "Trebuchet" )
$Arrival Location: Hyperspace
$Arrival Cue: ( false ) 
$Departure Location: Hyperspace
$Departure Cue: ( false ) 
$Determination: 10
+Flags: ( "cargo-known" )
+Flags2: ( )
+Respawn priority: 0
+Orders Accepted: 33023		;! note that this is a bitfield!!!
+Group: 0
+Use Table Score:
+Score: 10
$Texture Replace:
+old: ahull1
+new: ahull1b

$Name: delta 4		;! Object #15
$Class: GTF Dark Angel
$Alt: 76th Ice Queens

$Team: Friendly
$Location: 973.415588, -17.723793, 2657.971191
$Orientation:
	-0.763815, 0.000000, 0.645435,
	0.000000, 1.000000, 0.000000,
	-0.645435, 0.000000, -0.763815
$AI Behavior: None
$Cargo 1:  XSTR("Nothing", -1)
+Initial Velocity: 33
+Initial Hull: 100
+Subsystem: Pilot
+Primary Banks: ( "Skyrail" "Devastator" )
+Secondary Banks: ( "Screamer" "Screamer" "Trebuchet" )
$Arrival Location: Hyperspace
$Arrival Cue: ( false ) 
$Departure Location: Hyperspace
$Departure Cue: ( false ) 
$Determination: 10
+Flags: ( "cargo-known" )
+Flags2: ( )
+Respawn priority: 0
+Orders Accepted: 33023		;! note that this is a bitfield!!!
+Group: 0
+Use Table Score:
+Score: 10
$Texture Replace:
+old: ahull1
+new: ahull1b

$Name: epsilon 1		;! Object #16
$Class: GTF Dark Angel
$Alt: 76th Ice Queens

$Team: Friendly
$Location: 472.517456, -28.207769, 2933.383057
$Orientation:
	-0.763815, 0.000000, 0.645435,
	0.000000, 1.000000, 0.000000,
	-0.645435, 0.000000, -0.763815
$AI Behavior: None
$Cargo 1:  XSTR("Nothing", -1)
+Initial Velocity: 33
+Initial Hull: 100
+Subsystem: Pilot
+Primary Banks: ( "Skyrail" "Devastator" )
+Secondary Banks: ( "Screamer" "Screamer" "Trebuchet" )
$Arrival Location: Hyperspace
$Arrival Cue: ( false ) 
$Departure Location: Hyperspace
$Departure Cue: ( false ) 
$Determination: 10
+Flags: ( "cargo-known" )
+Flags2: ( )
+Respawn priority: 0
+Orders Accepted: 33023		;! note that this is a bitfield!!!
+Group: 0
+Use Table Score:
+Score: 10
$Texture Replace:
+old: ahull1
+new: ahull1b

$Name: epsilon 2		;! Object #17
$Class: GTF Dark Angel
$Alt: 76th Ice Queens

$Team: Friendly
$Location: 560.873901, 10.954018, 2924.263916
$Orientation:
	-0.763815, 0.000000, 0.645435,
	0.000000, 1.000000, 0.000000,
	-0.645435, 0.000000, -0.763815
$AI Behavior: None
$Cargo 1:  XSTR("Nothing", -1)
+Initial Velocity: 33
+Initial Hull: 100
+Subsystem: Pilot
+Primary Banks: ( "Skyrail" "Devastator" )
+Secondary Banks: ( "Screamer" "Screamer" "Trebuchet" )
$Arrival Location: Hyperspace
$Arrival Cue: ( false ) 
$Departure Location: Hyperspace
$Departure Cue: ( false ) 
$Determination: 10
+Flags: ( "cargo-known" )
+Flags2: ( )
+Respawn priority: 0
+Orders Accepted: 33023		;! note that this is a bitfield!!!
+Group: 0
+Use Table Score:
+Score: 10
$Texture Replace:
+old: ahull1
+new: ahull1b

$Name: epsilon 3		;! Object #18
$Class: GTF Dark Angel
$Alt: 76th Ice Queens

$Team: Friendly
$Location: 465.833862, -32.485523, 3023.959229
$Orientation:
	-0.763815, 0.000000, 0.645435,
	0.000000, 1.000000, 0.000000,
	-0.645435, 0.000000, -0.763815
$AI Behavior: None
$Cargo 1:  XSTR("Nothing", -1)
+Initial Velocity: 33
+Initial Hull: 100
+Subsystem: Pilot
+Primary Banks: ( "Skyrail" "Devastator" )
+Secondary Banks: ( "Screamer" "Screamer" "Trebuchet" )
$Arrival Location: Hyperspace
$Arrival Cue: ( false ) 
$Departure Location: Hyperspace
$Departure Cue: ( false ) 
$Determination: 10
+Flags: ( "cargo-known" )
+Flags2: ( )
+Respawn priority: 0
+Orders Accepted: 33023		;! note that this is a bitfield!!!
+Group: 0
+Use Table Score:
+Score: 10
$Texture Replace:
+old: ahull1
+new: ahull1b

$Name: epsilon 4		;! Object #19
$Class: GTF Dark Angel
$Alt: 76th Ice Queens

$Team: Friendly
$Location: 561.626465, 15.798548, 3019.052002
$Orientation:
	-0.763815, 0.000000, 0.645435,
	0.000000, 1.000000, 0.000000,
	-0.645435, 0.000000, -0.763815
$AI Behavior: None
$Cargo 1:  XSTR("Nothing", -1)
+Initial Velocity: 33
+Initial Hull: 100
+Subsystem: Pilot
+Primary Banks: ( "Skyrail" "Devastator" )
+Secondary Banks: ( "Screamer" "Screamer" "Trebuchet" )
$Arrival Location: Hyperspace
$Arrival Cue: ( false ) 
$Departure Location: Hyperspace
$Departure Cue: ( false ) 
$Determination: 10
+Flags: ( "cargo-known" )
+Flags2: ( )
+Respawn priority: 0
+Orders Accepted: 33023		;! note that this is a bitfield!!!
+Group: 0
+Use Table Score:
+Score: 10
$Texture Replace:
+old: ahull1
+new: ahull1b

$Name: Dis Freighter 01		;! Object #20
$Class: SFr Dis
$Team: Hostile
$Location: -4719.264160, 306.527496, -2976.581543
$Orientation:
	1.000000, 0.000002, -0.000000,
	-0.000002, 1.000000, -0.000000,
	0.000000, 0.000000, 1.000000
$AI Behavior: None
$AI Goals: ( goals ( ai-waypoints-once "Destination C" 89 ) )
$Cargo 1:  XSTR("Nothing", -1)
+Initial Velocity: 33
+Initial Hull: 100
+Initial Shields: 100
+Subsystem: Pilot
+Subsystem: turret01
+Subsystem: turret02
+Subsystem: turret03
+Subsystem: turret04
$Arrival Location: Hyperspace
$Arrival Cue: ( true ) 
$Departure Location: Hyperspace
$Departure Cue: ( false ) 
$Determination: 10
+Flags: ( "no-shields" )
+Flags2: ( )
+Respawn priority: 0
+Orders Accepted: 0		;! note that this is a bitfield!!!
+Group: 0
+Use Table Score:
+Score: 20

$Name: Cargo Pod D01-A		;! Object #21
$Class: SAC 3
$Team: Hostile
$Location: -4720.696289, 309.413727, -2806.630859
$Orientation:
	-1.000000, -0.000002, -0.000026,
	0.000002, -0.999931, 0.011710,
	-0.000026, 0.011710, 0.999931
$AI Behavior: None
$Cargo 1:  XSTR("Nothing", -1)
+Initial Velocity: 33
+Initial Hull: 100
+Initial Shields: 100
+Subsystem: Pilot
$Arrival Location: Hyperspace
$Arrival Cue: ( false ) 
$Departure Location: Hyperspace
$Departure Cue: ( false ) 
$Determination: 10
+Flags: ( "no-shields" )
+Flags2: ( )
+Respawn priority: 0
+Docked With: Dis Freighter 01
$Docker Point: cargo dock01
$Dockee Point: cargo dockpoint
+Group: 0
+Use Table Score:
+Score: 0

$Name: Dis Freighter 02		;! Object #22
$Class: SFr Dis
$Team: Hostile
$Location: -5594.298340, -339.658600, -1312.332397
$Orientation:
	1.000000, 0.000000, -0.000000,
	-0.000000, 1.000000, 0.000000,
	0.000000, 0.000000, 1.000000
$AI Behavior: None
$AI Goals: ( goals ( ai-waypoints-once "Destination C" 89 ) )
$Cargo 1:  XSTR("Nothing", -1)
+Initial Velocity: 33
+Initial Hull: 100
+Initial Shields: 100
+Subsystem: Pilot
+Subsystem: turret01
+Subsystem: turret02
+Subsystem: turret03
+Subsystem: turret04
$Arrival Location: Hyperspace
$Arrival Cue: ( true ) 
$Departure Location: Hyperspace
$Departure Cue: ( false ) 
$Determination: 10
+Flags: ( "no-shields" )
+Flags2: ( )
+Respawn priority: 0
+Orders Accepted: 0		;! note that this is a bitfield!!!
+Group: 0
+Use Table Score:
+Score: 20

$Name: Cargo Pod D02-B		;! Object #23
$Class: SAC 3
$Team: Hostile
$Location: -5595.730469, -336.772369, -1142.381592
$Orientation:
	-1.000000, 0.000000, -0.000026,
	-0.000000, -0.999931, 0.011710,
	-0.000026, 0.011710, 0.999931
$AI Behavior: None
$Cargo 1:  XSTR("Nothing", -1)
+Initial Velocity: 33
+Initial Hull: 100
+Initial Shields: 100
+Subsystem: Pilot
$Arrival Location: Hyperspace
$Arrival Cue: ( false ) 
$Departure Location: Hyperspace
$Departure Cue: ( false ) 
$Determination: 10
+Flags: ( "no-shields" )
+Flags2: ( )
+Respawn priority: 0
+Docked With: Dis Freighter 02
$Docker Point: cargo dock01
$Dockee Point: cargo dockpoint
+Group: 0
+Use Table Score:
+Score: 0

$Name: Dis Freighter 03		;! Object #24
$Class: SFr Dis
$Team: Hostile
$Location: -4707.208496, -397.958344, -1154.324707
$Orientation:
	1.000000, 0.000001, -0.000000,
	-0.000001, 1.000000, -0.000000,
	0.000000, 0.000000, 1.000000
$AI Behavior: None
$AI Goals: ( goals ( ai-waypoints-once "Destination C" 89 ) )
$Cargo 1:  XSTR("Nothing", -1)
+Initial Velocity: 33
+Initial Hull: 100
+Initial Shields: 100
+Subsystem: Pilot
+Subsystem: turret01
+Subsystem: turret02
+Subsystem: turret03
+Subsystem: turret04
$Arrival Location: Hyperspace
$Arrival Cue: ( true ) 
$Departure Location: Hyperspace
$Departure Cue: ( false ) 
$Determination: 10
+Flags: ( "no-shields" )
+Flags2: ( )
+Respawn priority: 0
+Orders Accepted: 0		;! note that this is a bitfield!!!
+Group: 0
+Use Table Score:
+Score: 20

$Name: Cargo Pod D03-C		;! Object #25
$Class: SAC 3
$Team: Hostile
$Location: -4708.640625, -395.072113, -984.373901
$Orientation:
	-1.000000, -0.000002, -0.000026,
	0.000002, -0.999931, 0.011710,
	-0.000026, 0.011710, 0.999931
$AI Behavior: None
$Cargo 1:  XSTR("Nothing", -1)
+Initial Velocity: 33
+Initial Hull: 100
+Initial Shields: 100
+Subsystem: Pilot
$Arrival Location: Hyperspace
$Arrival Cue: ( false ) 
$Departure Location: Hyperspace
$Departure Cue: ( false ) 
$Determination: 10
+Flags: ( "no-shields" )
+Flags2: ( )
+Respawn priority: 0
+Docked With: Dis Freighter 03
$Docker Point: cargo dock01
$Dockee Point: cargo dockpoint
+Group: 0
+Use Table Score:
+Score: 0

$Name: Dis Freighter 04		;! Object #26
$Class: SFr Dis
$Team: Hostile
$Location: -5029.921387, 450.080963, -1925.779297
$Orientation:
	1.000000, 0.000002, -0.000000,
	-0.000002, 1.000000, -0.000000,
	0.000000, 0.000000, 1.000000
$AI Behavior: None
$AI Goals: ( goals ( ai-waypoints-once "Destination C" 89 ) )
$Cargo 1:  XSTR("Nothing", -1)
+Initial Velocity: 33
+Initial Hull: 100
+Initial Shields: 100
+Subsystem: Pilot
+Subsystem: turret01
+Subsystem: turret02
+Subsystem: turret03
+Subsystem: turret04
$Arrival Location: Hyperspace
$Arrival Cue: ( true ) 
$Departure Location: Hyperspace
$Departure Cue: ( false ) 
$Determination: 10
+Flags: ( "no-shields" )
+Flags2: ( )
+Respawn priority: 0
+Orders Accepted: 0		;! note that this is a bitfield!!!
+Group: 0
+Use Table Score:
+Score: 20

$Name: Cargo Pod D04-D		;! Object #27
$Class: SAC 3
$Team: Hostile
$Location: -5031.353516, 452.967194, -1755.828491
$Orientation:
	-1.000000, -0.000003, -0.000026,
	0.000003, -0.999931, 0.011710,
	-0.000026, 0.011710, 0.999931
$AI Behavior: None
$Cargo 1:  XSTR("Nothing", -1)
+Initial Velocity: 33
+Initial Hull: 100
+Initial Shields: 100
+Subsystem: Pilot
$Arrival Location: Hyperspace
$Arrival Cue: ( false ) 
$Departure Location: Hyperspace
$Departure Cue: ( false ) 
$Determination: 10
+Flags: ( "no-shields" )
+Flags2: ( )
+Respawn priority: 0
+Docked With: Dis Freighter 04
$Docker Point: cargo dock01
$Dockee Point: cargo dockpoint
+Group: 0
+Use Table Score:
+Score: 0

$Name: Asmodeus Freighter 01		;! Object #28
$Class: SFr Asmodeus
$Team: Hostile
$Location: -2587.007568, 194.881180, -1877.717041
$Orientation:
	1.000063, 0.000007, -0.000536,
	-0.000008, 1.000044, -0.001154,
	0.000535, 0.001154, 1.000110
$AI Behavior: None
$AI Goals: ( goals ( ai-waypoints-once "Destination B" 89 ) )
$Cargo 1:  XSTR("Nothing", -1)
+Initial Velocity: 33
+Initial Hull: 100
+Initial Shields: 100
+Subsystem: Pilot
+Subsystem: a-turret01
+Subsystem: a-turret02
+Subsystem: a-turret03
+Subsystem: a-turret04
$Arrival Location: Hyperspace
$Arrival Cue: ( true ) 
$Departure Location: Hyperspace
$Departure Cue: ( false ) 
$Determination: 10
+Flags: ( "no-shields" )
+Flags2: ( )
+Respawn priority: 0
+Docked With: Cargo Pod A01-D
$Docker Point: cargo dock01
$Dockee Point: cargo dock04
+Docked With: Cargo Pod A01-C
$Docker Point: cargo dock01
$Dockee Point: cargo dock03
+Docked With: Cargo Pod A01-B
$Docker Point: cargo dock01
$Dockee Point: cargo dock02
+Docked With: Cargo Pod A01-A
$Docker Point: cargo dock01
$Dockee Point: cargo dock01
+Orders Accepted: 0		;! note that this is a bitfield!!!
+Group: 0
+Use Table Score:
+Score: 30

$Name: Cargo Pod A01-A		;! Object #29
$Class: SAC 2
$Team: Hostile
