#Mission Info

$Version: 0.10
$Name:  XSTR("Convoy Raiders", -1)
$Author: Herkie
$Created: 06/27/16 at 16:20:35
$Modified: 07/02/17 at 19:32:08
$Notes:
This is a FRED2_OPEN created mission.
$End Notes:

$Mission Desc:
 XSTR("Put mission description here
", -1)
$end_multi_text
+Game Type Flags: 1
+Flags: 192
+Fog Near Mult: 1.000000

+Fog Far Mult: 1.000000

+Disallow Support: 0
+Hull Repair Ceiling: 50.000000
+Subsystem Repair Ceiling: 100.000000

+Viewer pos: -6369.328613, 3493.460205, 52635.605469
+Viewer orient:
	0.710477, 0.000074, -0.703720,
	0.342543, 0.873500, 0.345924,
	0.614725, -0.486825, 0.620576


$Load Screen 640:	LoadAct7Sa.dds
$Load Screen 1024:	LoadAct7La.dds

$Skybox Model: ShivBox.pof

$AI Profile: AF1
#Fiction Viewer

$File: LogA7D.txt
$Font: font01.vf

#Command Briefing

$Stage Text:
 XSTR("$B{To the Titan Battlegroup
Mutara Nebula $}

The analysis of the $G GTVI $G Division on the data that was stolen from the enemy in your previous $P SOC $P Operation revealed a detailed information of these $b Subspace $b Bombs, as it is now called, and the location of their source. The information was handed over to us just this morning and we are given the task to destroy the $R Shivan facility making these weapons. Further details revealed that there is only one convoy shipping these bombs to their destinations, these ships must also be intercepted. The situation poses an opportunity for us. If we disrupt this operation, we cripple their tactical advantage. These weapons are dreadful. We simply don't have the chance to counter it.

$B{Admiral William Cartwright
GTD Excelsior, 7th Battlegroup
Gamma Draconis $}", -1)
$end_multi_text
$Ani Filename: cb_Act7d.ani
+Wave Filename: none

#Briefing
$start_briefing
$num_stages: 4
$start_stage
$multi_text
 XSTR("We are entering the $V Knossos in 30 minutes, leaving the $Y Mutara nebula. Here are the details, Commander. We are going to wipe out an entire convoy and attempt to capture the only $b Subspace $b Bomb manufacturing facility known in existence. This operation will be done in 2 successive missions.", -1)
$end_multi_text
$voice: none.wav
$camera_pos: -8363.867188, 2667.024414, 58562.562500
$camera_orient:
	-0.011296, 0.000075, -0.999936,
	0.386125, 0.922436, -0.004293,
	0.922377, -0.386149, -0.010449
$camera_time: 500
$num_lines: 0
$num_icons: 5
$Flags: 1
$Formula: ( true ) 
$start_icon
$type: 26
$team: Unknown
$class: Knossos
$pos: 1601.789307, -1479.378052, 58533.773438
$label: Mutara Knossos
+id: 2
$hlight: 0
$mirror: 0
$multi_text
$end_multi_text
$end_icon
$start_icon
$type: 19
$team: Friendly
$class: GTCv Babylon
$pos: -2972.223145, -480.017975, 57221.562500
$label: Babylon
+id: 10
$hlight: 0
$mirror: 0
$multi_text
$end_multi_text
$end_icon
$start_icon
$type: 19
$team: Friendly
$class: GTCv Capella
$pos: 4844.463867, -960.010376, 55603.718750
$label: Capella
+id: 11
$hlight: 0
$mirror: 0
$multi_text
$end_multi_text
$end_icon
$start_icon
$type: 19
$team: Friendly
$class: GTCv Olympus
$pos: -695.812500, -480.018951, 55929.503906
$label: Olympus
+id: 12
$hlight: 0
$mirror: 0
$multi_text
$end_multi_text
$end_icon
$start_icon
$type: 18
$team: Friendly
$class: GTDc Titan
$pos: 493.480347, -960.001282, 61082.816406
$label: Titan
+id: 13
$hlight: 0
$mirror: 1
$multi_text
$end_multi_text
$end_icon
$end_stage
$start_stage
$multi_text
 XSTR("The target $R convoy has been spotted just in the outskirts of the $Y Shivan $Y home $Y system and they are carrying these $V Subspace $V Bombs. This is the first part of our operation. This convoy must be destroyed and none of them must escape. Don't let the enemy fleet in $Y Gamma $Y Draconis get hold of these weapons or our campaign will have difficulties.", -1)
$end_multi_text
$voice: none.wav
$camera_pos: -2792.249268, 7887.856445, 58499.968750
$camera_orient:
	-0.011310, 0.000074, -0.999936,
	0.999362, 0.033876, -0.011301,
	0.033873, -0.999426, -0.000457
$camera_time: 500
$num_lines: 0
$num_icons: 8
$Flags: 3
$Formula: ( true ) 
$start_icon
$type: 12
$team: Hostile
$class: SFr Dis
$pos: -1974.286987, -325.113708, 56488.875000
$label: Shivan Freighters
+id: 1
$hlight: 0
$mirror: 0
$multi_text
$end_multi_text
$end_icon
$start_icon
$type: 12
$team: Hostile
$class: SFr Dis
$pos: -1888.724243, -325.114655, 60408.386719
$label: Shivan Freighters
+id: 3
$hlight: 0
$mirror: 0
$multi_text
$end_multi_text
$end_icon
$start_icon
$type: 12
$team: Hostile
$class: SFr Asmodeus
$pos: -2006.337769, 663.099792, 58321.699219
$label: Shivan Freighters
+id: 4
$hlight: 0
$mirror: 0
$multi_text
$end_multi_text
$end_icon
$start_icon
$type: 1
$team: Friendly
$class: GTF Phoenix
$pos: -2940.612549, 663.099670, 56663.750000
$label: Gamma
+id: 5
$hlight: 0
$mirror: 0
$multi_text
$end_multi_text
$end_icon
$start_icon
$type: 1
$team: Friendly
$class: GTF Phoenix
$pos: -2901.209961, 663.099792, 60145.832031
$label: Alpha
+id: 6
$hlight: 0
$mirror: 0
$multi_text
$end_multi_text
$end_icon
$start_icon
$type: 1
$team: Friendly
$class: GTF Phoenix
$pos: -2909.864502, 663.099548, 58320.625000
$label: Beta
+id: 7
$hlight: 0
$mirror: 0
$multi_text
$end_multi_text
$end_icon
$start_icon
$type: 19
$team: Friendly
$class: GTCv Capella
$pos: 4844.463867, -960.010376, 55603.718750
$label: Capella
+id: 11
$hlight: 0
$mirror: 0
$multi_text
$end_multi_text
$end_icon
$start_icon
$type: 18
$team: Friendly
$class: GTDc Titan
$pos: 493.480347, -960.001282, 61082.816406
$label: Titan
+id: 13
$hlight: 0
$mirror: 0
$multi_text
$end_multi_text
$end_icon
$end_stage
$start_stage
$multi_text
 XSTR("The $G Capella will also assist us. It carries a Shivan tech that we took from the $R Anagora. It is a $V subspace $V inhibiter that will prevent the enemy from jumping out. It is a taste of their own medicine.", -1)
$end_multi_text
$voice: none.wav
$camera_pos: -2792.249268, 7887.856445, 58499.968750
$camera_orient:
	-0.011310, 0.000074, -0.999936,
	0.999362, 0.033876, -0.011301,
	0.033873, -0.999426, -0.000457
$camera_time: 500
$num_lines: 0
$num_icons: 7
$Flags: 3
$Formula: ( true ) 
$start_icon
$type: 12
$team: Hostile
$class: SFr Dis
$pos: -1974.286987, -325.113708, 56488.875000
$label: Shivan Freighters
+id: 1
$hlight: 0
$mirror: 0
$multi_text
$end_multi_text
$end_icon
$start_icon
$type: 12
$team: Hostile
$class: SFr Dis
$pos: -1888.724243, -325.114655, 60408.386719
$label: Shivan Freighters
+id: 3
$hlight: 0
$mirror: 0
$multi_text
$end_multi_text
$end_icon
$start_icon
$type: 12
$team: Hostile
$class: SFr Asmodeus
$pos: -2006.337769, 663.099792, 58321.699219
$label: Shivan Freighters
+id: 4
$hlight: 0
$mirror: 0
$multi_text
$end_multi_text
$end_icon
$start_icon
$type: 0
$team: Friendly
$class: GTCv Capella
$pos: -2982.348877, 663.099854, 58273.484375
$label: Capella
+id: 8
$hlight: 0
$mirror: 1
$multi_text
$end_multi_text
$end_icon
$start_icon
$type: 19
$team: Friendly
$class: GTCv Capella
$pos: 4844.463867, -960.010376, 55603.718750
$label: Capella
+id: 11
$hlight: 0
$mirror: 0
$multi_text
$end_multi_text
$end_icon
$start_icon
$type: 19
$team: Friendly
$class: GTCv Olympus
$pos: 880.303467, -480.018250, 53372.796875
$label: Olympus
+id: 12
$hlight: 0
$mirror: 0
$multi_text
$end_multi_text
$end_icon
$start_icon
$type: 18
$team: Friendly
$class: GTDc Titan
$pos: 493.480347, -960.001282, 61082.816406
$label: Titan
+id: 13
$hlight: 0
$mirror: 0
$multi_text
$end_multi_text
$end_icon
$end_stage
$start_stage
$multi_text
 XSTR("After we have destroyed this $R convoy, will return to the $G Titan, reload and make immediate repairs then we will proceed to the next phase. Further instructions will be given. Failure is not an option, people. This is directly from $b High $b Command. That is all. Suit up pilots.", -1)
$end_multi_text
$voice: none.wav
$camera_pos: 2917.058105, 3429.281006, 58434.589844
$camera_orient:
	-0.011311, 0.000075, -0.999936,
	0.584767, 0.811175, -0.006554,
	0.811123, -0.584803, -0.009218
$camera_time: 500
$num_lines: 0
$num_icons: 13
$Flags: 2
$Formula: ( true ) 
$start_icon
$type: 12
$team: Hostile
$class: SFr Dis
$pos: -1974.286987, -325.113708, 56488.875000
$label: Shivan Freighters
+id: 1
$hlight: 0
$mirror: 0
$multi_text
$end_multi_text
$end_icon
$start_icon
$type: 26
$team: Unknown
$class: Knossos
$pos: -1277.575317, -1479.377441, 59030.402344
$label: Mutara Knossos
+id: 2
$hlight: 0
$mirror: 0
$multi_text
$end_multi_text
$end_icon
$start_icon
$type: 12
$team: Hostile
$class: SFr Dis
$pos: -1888.724243, -325.114655, 60408.386719
$label: Shivan Freighters
+id: 3
$hlight: 0
$mirror: 0
$multi_text
$end_multi_text
$end_icon
$start_icon
$type: 12
$team: Hostile
$class: SFr Asmodeus
$pos: -2006.337769, 663.099792, 58321.699219
$label: Shivan Freighters
+id: 4
$hlight: 0
$mirror: 0
$multi_text
$end_multi_text
$end_icon
$start_icon
$type: 1
$team: Friendly
$class: GTF Phoenix
$pos: -2940.612549, 663.099670, 56663.750000
$label: Gamma
+id: 5
$hlight: 0
$mirror: 0
$multi_text
$end_multi_text
$end_icon
$start_icon
$type: 1
$team: Friendly
$class: GTF Phoenix
$pos: -2901.209961, 663.099792, 60145.832031
$label: Alpha
+id: 6
$hlight: 0
$mirror: 0
$multi_text
$end_multi_text
$end_icon
$start_icon
$type: 1
$team: Friendly
$class: GTF Phoenix
$pos: -2909.864502, 663.099548, 58320.625000
$label: Beta
+id: 7
$hlight: 0
$mirror: 0
$multi_text
$end_multi_text
$end_icon
$start_icon
$type: 0
$team: Friendly
$class: GTCv Capella
$pos: -2982.348877, 663.099854, 58273.484375
$label: Capella
+id: 8
$hlight: 0
$mirror: 0
$multi_text
$end_multi_text
$end_icon
$start_icon
$type: 6
$team: Friendly
$class: GTDc Titan
$pos: 10520.379883, -2108.283691, 58614.210938
$label: Titan
+id: 9
$hlight: 0
$mirror: 1
$multi_text
$end_multi_text
$end_icon
$start_icon
$type: 19
$team: Friendly
$class: GTCv Babylon
$pos: -2972.223145, -480.017975, 57221.562500
$label: Babylon
+id: 10
$hlight: 0
$mirror: 0
$multi_text
$end_multi_text
$end_icon
$start_icon
$type: 19
$team: Friendly
$class: GTCv Capella
$pos: 4844.463867, -960.010376, 55603.718750
$label: Capella
+id: 11
$hlight: 0
$mirror: 0
$multi_text
$end_multi_text
$end_icon
$start_icon
$type: 19
$team: Friendly
$class: GTCv Olympus
$pos: 880.303467, -480.018250, 53372.796875
$label: Olympus
+id: 12
$hlight: 0
$mirror: 0
$multi_text
$end_multi_text
$end_icon
$start_icon
$type: 18
$team: Friendly
$class: GTDc Titan
$pos: 493.480347, -960.001282, 61082.816406
$label: Titan
+id: 13
$hlight: 0
$mirror: 0
$multi_text
$end_multi_text
$end_icon
$end_stage
$end_briefing

#Debriefing_info

$Num stages: 2

$Formula: ( is-event-true-delay 
   "transports have escaped" 
   0 
)
$Multi text
    XSTR("$B{Personal Log:
Commander John Richter
December 2, 2370
Shiva System $}

We vectored the escaping $P freighter to this location but we found nothing but debris from the $G Capella. Apparently, the $R Shivans set up an ambush. I tried to contact the $G Titan but there was no response. Has something happen? I don't know for sure. $b Beta $b 1 is panicking. I have to calm him down. The rest of my squadron are beginning to waver. Fear is contagious. Do we have the chance of getting rescued? Will we ever get out of this situation? We could get back to the Shivan Knossos and return to the Mutara Nebula and hope to get picked up somehow but it is not a viable option. We are running out of fuel. We won't make it that far. It's been half an hour since and my pilots are waiting for my orders.

Ok. This will be a gamble. We are going back to the Knossos...Wait...I have a huge blip in my monitor. I read five...No, twelve Shivan squadrons. They have arrived!...I have to cut this log recording for now. I just hope that if we $R{ <DATA CORRUPTED> $} $P $slash$slash[19754] $G $slashNS $V{<UNEXPECTED END OF LOG> $}", -1)
$end_multi_text
$Voice: none.wav
$Recommendation text:
    XSTR("", -1)
$end_multi_text

$Formula: ( is-event-true-delay 
   "return to base at once" 
   0 
)
$Multi text
    XSTR("$B{Personal Log:
Commander John Richter
December 2, 2370
Shiva System $}

We jumped to this coordinates transmitted by the $G Titan but we found nothing. Our task force was nowhere to be found. I can only assume the $R Shivans intercepted Titan's transmission and messed the data stream. We are definitely lost. I tried to contact our base ship but there was no response. Has something happen? I don't know for sure. $b Beta $b 1 is panicking. I have to calm him down. The rest of my squadron are beginning to waver. Fear is contagious. Do we have the chance of getting rescued? Will we ever get out of this situation? We could get back to the Shivan Knossos and return to the Mutara Nebula and hope to get picked up somehow but it is not viable option. We are running out of fuel. We won't make it that far. It's been half an hour since and my pilots are waiting for my orders.

Ok. This will be a gamble. We are going back to the Knossos...Wait...I have a huge blip in my monitor. I read five...No, twelve Shivan squadrons. They have arrived!...I have to cut this log recording for now. I just hope that if we $R{ <DATA CORRUPTED> $} $P $slash$slash[19754] $G $slashNS $V{<UNEXPECTED END OF LOG> $}", -1)
$end_multi_text
$Voice: none.wav
$Recommendation text:
    XSTR("", -1)
$end_multi_text

#Players		;! 1 total

$Starting Shipname: alpha 1
$Ship Choices: (
	"GTF Erinyes"	5
	"GTF Dark Angel"	12
)

+Weaponry Pool: (
	"Skyrail"	24
	"Ripper"	24
	"Devastator"	12
	"Starfury"	12
	"Blizzard"	4
	"Rockeye"	500
	"Tempest"	5000
	"Hornet"	4400
	"Tornado"	2152
	"Harpoon"	500
	"Trebuchet"	600
	"Screamer"	2000
	"Hunter"	2000
	"Widowmaker"	100
	"Maxim"	12
	"UD-8 Kayser"	12
)

#Objects		;! 125 total

$Name: alpha 1		;! Object #0
$Class: GTF Phoenix
$Team: Friendly
$Location: -6251.567871, 3365.700439, 52754.484375
$Orientation:
	0.657717, -0.012933, -0.753156,
	0.342652, 0.895553, 0.283854,
	0.670819, -0.444765, 0.593451
$AI Behavior: None
$Cargo 1:  XSTR("Nothing", -1)
+Initial Hull: 100
+Subsystem: Pilot
$Arrival Location: Hyperspace
$Arrival Cue: ( false ) 
$Departure Location: Hyperspace
$Departure Cue: ( false ) 
$Determination: 10
+Flags: ( "cargo-known" "player-start" )
+Flags2: ( )
+Respawn priority: 0
+Orders Accepted: 33023		;! note that this is a bitfield!!!
+Group: 0
+Score: 8

$Name: Dis Freighter 01		;! Object #1
$Class: SFr Dis
$Team: Hostile
$Location: 1297.206665, 650.360901, 65157.746094
$Orientation:
	0.766058, -0.130514, 0.629656,
	-0.101608, -0.991735, -0.081930,
	0.634922, -0.001221, -0.772753
$AI Behavior: None
$AI Goals: ( goals ( ai-waypoints-once "A" 89 ) )
$Cargo 1:  XSTR("Nothing", -1)
+Initial Velocity: 33
+Initial Hull: 100
+Initial Shields: 100
+Subsystem: Pilot
+Subsystem: turret01
+Subsystem: turret02
+Subsystem: turret03
+Subsystem: turret04
$Arrival Location: Hyperspace
$Arrival Cue: ( true ) 
$Departure Location: Hyperspace
$Departure Cue: ( or 
   ( are-waypoints-done-delay 
      "Dis Freighter 01" 
      "A" 
      0 
   )
   ( is-destroyed-delay 0 "Capella" ) 
)
$Determination: 10
+Flags: ( "no-shields" )
+Flags2: ( )
+Respawn priority: 0
+Orders Accepted: 0		;! note that this is a bitfield!!!
+Group: 0
+Use Table Score:
+Score: 20

$Name: Cargo Pod D01		;! Object #2
$Class: SAC 3
$Team: Hostile
$Location: 1403.743286, 647.479980, 65025.253906
$Orientation:
	-0.766063, 0.130619, -0.629628,
	0.109117, 0.991639, 0.072942,
	0.633669, -0.012831, -0.773676
$AI Behavior: None
$Cargo 1:  XSTR("Subspace Bombs", -1)
+Initial Velocity: 33
+Initial Hull: 100
+Initial Shields: 100
+Subsystem: Pilot
$Arrival Location: Hyperspace
$Arrival Cue: ( false ) 
$Departure Location: Hyperspace
$Departure Cue: ( false ) 
$Determination: 10
+Flags: ( "no-shields" )
+Flags2: ( )
+Respawn priority: 0
+Docked With: Dis Freighter 01
$Docker Point: cargo dock01
$Dockee Point: cargo dockpoint
+Group: 0
+Use Table Score:
+Score: 0

$Name: Dis Freighter 02		;! Object #3
$Class: SFr Dis
$Team: Hostile
$Location: -1898.632690, -494.745819, 63022.773438
$Orientation:
	0.761069, -0.149907, 0.631163,
	-0.104836, -0.988620, -0.108391,
	0.640189, 0.016323, -0.768076
$AI Behavior: None
$AI Goals: ( goals ( ai-waypoints-once "E" 89 ) )
$Cargo 1:  XSTR("Nothing", -1)
+Initial Velocity: 33
+Initial Hull: 100
+Initial Shields: 100
+Subsystem: Pilot
+Subsystem: turret01
+Subsystem: turret02
+Subsystem: turret03
+Subsystem: turret04
$Arrival Location: Hyperspace
$Arrival Cue: ( true ) 
$Departure Location: Hyperspace
$Departure Cue: ( or 
   ( are-waypoints-done-delay 
      "Dis Freighter 02" 
      "E" 
      0 
   )
   ( is-destroyed-delay 2 "Capella" ) 
)
$Determination: 10
+Flags: ( "no-shields" )
+Flags2: ( )
+Respawn priority: 0
+Orders Accepted: 0		;! note that this is a bitfield!!!
+Group: 0
+Use Table Score:
+Score: 20

$Name: Cargo Pod D02		;! Object #4
$Class: SAC 3
$Team: Hostile
$Location: -1791.220703, -494.626556, 62891.019531
$Orientation:
	-0.761107, 0.149722, -0.631161,
	0.112184, 0.988771, 0.099271,
	0.638897, 0.004749, -0.769310
$AI Behavior: None
$Cargo 1:  XSTR("Subspace Bombs", -1)
+Initial Velocity: 33
+Initial Hull: 100
+Initial Shields: 100
+Subsystem: Pilot
$Arrival Location: Hyperspace
$Arrival Cue: ( false ) 
$Departure Location: Hyperspace
$Departure Cue: ( false ) 
$Determination: 10
+Flags: ( "no-shields" )
+Flags2: ( )
+Respawn priority: 0
+Docked With: Dis Freighter 02
$Docker Point: cargo dock01
$Dockee Point: cargo dockpoint
+Group: 0
+Use Table Score:
+Score: 0

$Name: Dis Freighter 03		;! Object #5
$Class: SFr Dis
$Team: Hostile
$Location: 916.416382, -69.300468, 63681.789063
$Orientation:
	0.764385, -0.079732, 0.639889,
	-0.049405, -0.996738, -0.065180,
	0.642934, 0.018209, -0.765753
$AI Behavior: None
$AI Goals: ( goals ( ai-waypoints-once "B" 89 ) )
$Cargo 1:  XSTR("Nothing", -1)
+Initial Velocity: 33
+Initial Hull: 100
+Initial Shields: 100
+Subsystem: Pilot
+Subsystem: turret01
+Subsystem: turret02
+Subsystem: turret03
+Subsystem: turret04
$Arrival Location: Hyperspace
$Arrival Cue: ( true ) 
$Departure Location: Hyperspace
$Departure Cue: ( or 
   ( are-waypoints-done-delay 
      "Dis Freighter 03" 
      "B" 
      0 
   )
   ( is-destroyed-delay 3 "Capella" ) 
)
$Determination: 10
+Flags: ( "no-shields" )
+Flags2: ( )
+Respawn priority: 0
+Orders Accepted: 0		;! note that this is a bitfield!!!
+Group: 0
+Use Table Score:
+Score: 20

$Name: Cargo Pod D03		;! Object #6
$Class: SAC 3
$Team: Hostile
$Location: 1024.453125, -68.968452, 63550.539063
$Orientation:
	-0.764400, 0.079755, -0.639868,
	0.056948, 0.996881, 0.056223,
	0.642292, 0.006538, -0.766480
$AI Behavior: None
$Cargo 1:  XSTR("Subspace Bombs", -1)
+Initial Velocity: 33
+Initial Hull: 100
+Initial Shields: 100
+Subsystem: Pilot
$Arrival Location: Hyperspace
$Arrival Cue: ( false ) 
$Departure Location: Hyperspace
$Departure Cue: ( false ) 
$Determination: 10
+Flags: ( "no-shields" )
+Flags2: ( )
+Respawn priority: 0
+Docked With: Dis Freighter 03
$Docker Point: cargo dock01
$Dockee Point: cargo dockpoint
+Group: 0
+Use Table Score:
+Score: 0

$Name: Dis Freighter 04		;! Object #7
$Class: SFr Dis
$Team: Hostile
$Location: -242.243530, -361.603027, 63564.558594
$Orientation:
	0.762322, -0.070792, 0.643371,
	-0.083806, -0.996493, -0.010345,
	0.641800, -0.046028, -0.765527
$AI Behavior: None
$AI Goals: ( goals ( ai-waypoints-once "F" 89 ) )
$Cargo 1:  XSTR("Nothing", -1)
+Initial Velocity: 33
+Initial Hull: 100
+Initial Shields: 100
+Subsystem: Pilot
+Subsystem: turret01
+Subsystem: turret02
+Subsystem: turret03
+Subsystem: turret04
$Arrival Location: Hyperspace
$Arrival Cue: ( true ) 
$Departure Location: Hyperspace
$Departure Cue: ( or 
   ( are-waypoints-done-delay 
      "Dis Freighter 04" 
      "F" 
      0 
   )
   ( is-destroyed-delay 4 "Capella" ) 
)
$Determination: 10
+Flags: ( "no-shields" )
+Flags2: ( )
+Respawn priority: 0
+Orders Accepted: 0		;! note that this is a bitfield!!!
+Group: 0
+Use Table Score:
+Score: 20

$Name: Cargo Pod D04		;! Object #8
$Class: SAC 3
$Team: Hostile
$Location: -134.497971, -372.201080, 63433.496094
$Orientation:
	-0.762336, 0.070819, -0.643352,
	0.091335, 0.995884, 0.001396,
	0.640755, -0.057692, -0.765612
$AI Behavior: None
$Cargo 1:  XSTR("Subspace Bombs", -1)
+Initial Velocity: 33
+Initial Hull: 100
+Initial Shields: 100
+Subsystem: Pilot
$Arrival Location: Hyperspace
$Arrival Cue: ( false ) 
$Departure Location: Hyperspace
$Departure Cue: ( false ) 
$Determination: 10
+Flags: ( "no-shields" )
+Flags2: ( )
+Respawn priority: 0
+Docked With: Dis Freighter 04
$Docker Point: cargo dock01
$Dockee Point: cargo dockpoint
+Group: 0
+Use Table Score:
+Score: 0

$Name: Dis Freighter 05		;! Object #9
$Class: SFr Dis
$Team: Hostile
$Location: -42.382305, 155.099930, 62322.207031
$Orientation:
	0.767453, -0.035815, 0.640132,
	-0.050065, -0.998792, 0.004139,
	0.639188, -0.035222, -0.768292
$AI Behavior: None
$AI Goals: ( goals ( ai-waypoints-once "D" 89 ) )
$Cargo 1:  XSTR("Nothing", -1)
+Initial Velocity: 33
+Initial Hull: 100
+Initial Shields: 100
+Subsystem: Pilot
+Subsystem: turret01
+Subsystem: turret02
+Subsystem: turret03
+Subsystem: turret04
$Arrival Location: Hyperspace
$Arrival Cue: ( true ) 
$Departure Location: Hyperspace
$Departure Cue: ( or 
   ( are-waypoints-done-delay 
      "Dis Freighter 05" 
      "D" 
      0 
   )
   ( is-destroyed-delay 5 "Capella" ) 
)
$Determination: 10
+Flags: ( "no-shields" )
+Flags2: ( )
+Respawn priority: 0
+Orders Accepted: 0		;! note that this is a bitfield!!!
+Group: 0
+Use Table Score:
+Score: 20

$Name: Cargo Pod D05		;! Object #10
$Class: SAC 3
$Team: Hostile
$Location: 65.006927, 146.281479, 62190.718750
$Orientation:
	-0.767468, 0.035840, -0.640112,
	0.057565, 0.998310, -0.013121,
	0.638538, -0.046915, -0.768208
$AI Behavior: None
$Cargo 1:  XSTR("Subspace Bombs", -1)
+Initial Velocity: 33
+Initial Hull: 100
+Initial Shields: 100
+Subsystem: Pilot
$Arrival Location: Hyperspace
$Arrival Cue: ( false ) 
$Departure Location: Hyperspace
$Departure Cue: ( false ) 
$Determination: 10
+Flags: ( "no-shields" )
+Flags2: ( )
+Respawn priority: 0
+Docked With: Dis Freighter 05
$Docker Point: cargo dock01
$Dockee Point: cargo dockpoint
+Group: 0
+Use Table Score:
+Score: 0

$Name: Dis Freighter 06		;! Object #11
$Class: SFr Dis
$Team: Hostile
$Location: -134.997650, -322.900024, 60780.894531
$Orientation:
	0.758924, -0.159239, 0.631473,
	-0.129284, -0.987246, -0.093575,
	0.638269, -0.010621, -0.769770
$AI Behavior: None
$AI Goals: ( goals ( ai-waypoints-once "E" 89 ) )
$Cargo 1:  XSTR("Nothing", -1)
+Initial Velocity: 33
+Initial Hull: 100
+Initial Shields: 100
+Subsystem: Pilot
+Subsystem: turret01
+Subsystem: turret02
+Subsystem: turret03
+Subsystem: turret04
$Arrival Location: Hyperspace
$Arrival Cue: ( true ) 
$Departure Location: Hyperspace
$Departure Cue: ( or 
   ( are-waypoints-done-delay 
      "Dis Freighter 06" 
      "E" 
      0 
   )
   ( is-destroyed-delay 6 "Capella" ) 
)
$Determination: 10
+Flags: ( "no-shields" )
+Flags2: ( )
+Respawn priority: 0
+Orders Accepted: 0		;! note that this is a bitfield!!!
+Group: 0
+Use Table Score:
+Score: 20

$Name: Cargo Pod D06		;! Object #12
$Class: SAC 3
$Team: Hostile
$Location: -27.977890, -327.327271, 60648.894531
$Orientation:
	-0.758940, 0.159242, -0.631453,
	0.136751, 0.987054, 0.084556,
	0.636692, -0.022177, -0.770829
$AI Behavior: None
$Cargo 1:  XSTR("Subspace Bombs", -1)
+Initial Velocity: 33
+Initial Hull: 100
+Initial Shields: 100
+Subsystem: Pilot
$Arrival Location: Hyperspace
$Arrival Cue: ( false ) 
$Departure Location: Hyperspace
$Departure Cue: ( false ) 
$Determination: 10
+Flags: ( "no-shields" )
+Flags2: ( )
+Respawn priority: 0
+Docked With: Dis Freighter 06
$Docker Point: cargo dock01
$Dockee Point: cargo dockpoint
+Group: 0
+Use Table Score:
+Score: 0

$Name: Dis Freighter 07		;! Object #13
$Class: SFr Dis
$Team: Hostile
$Location: 1885.803955, 349.399384, 61400.394531
$Orientation:
	0.775670, 0.057794, 0.628606,
	-0.019208, -0.993255, 0.115064,
	0.630946, -0.101315, -0.769244
$AI Behavior: None
$AI Goals: ( goals ( ai-waypoints-once "7" 89 ) )
$Cargo 1:  XSTR("Nothing", -1)
+Initial Velocity: 33
+Initial Hull: 100
+Initial Shields: 100
+Subsystem: Pilot
+Subsystem: turret01
+Subsystem: turret02
+Subsystem: turret03
+Subsystem: turret04
$Arrival Location: Hyperspace
$Arrival Cue: ( true ) 
$Departure Location: Hyperspace
$Departure Cue: ( or 
   ( are-waypoints-done-delay 
      "Dis Freighter 07" 
      "C" 
      0 
   )
   ( is-destroyed-delay 7 "Capella" ) 
)
$Determination: 10
+Flags: ( "no-shields" )
+Flags2: ( )
+Respawn priority: 0
+Orders Accepted: 0		;! note that this is a bitfield!!!
+Group: 0
+Use Table Score:
+Score: 20

$Name: Cargo Pod D07		;! Object #14
$Class: SAC 3
$Team: Hostile
$Location: 1991.876953, 329.230804, 61269.085938
$Orientation:
	-0.775688, -0.057846, -0.628579,
	0.026553, 0.991997, -0.124099,
	0.630657, -0.112941, -0.767860
$AI Behavior: None
$Cargo 1:  XSTR("Subspace Bombs", -1)
+Initial Velocity: 33
+Initial Hull: 100
+Initial Shields: 100
+Subsystem: Pilot
$Arrival Location: Hyperspace
$Arrival Cue: ( false ) 
$Departure Location: Hyperspace
$Departure Cue: ( false ) 
$Determination: 10
+Flags: ( "no-shields" )
+Flags2: ( )
+Respawn priority: 0
+Docked With: Dis Freighter 07
$Docker Point: cargo dock01
$Dockee Point: cargo dockpoint
+Group: 0
+Use Table Score:
+Score: 0

$Name: alpha 2		;! Object #15
$Class: GTF Phoenix
$Team: Friendly
$Location: -6257.121582, 3365.747314, 52816.996094
$Orientation:
	0.710913, 0.000000, -0.703279,
	0.305902, 0.900447, 0.309223,
	0.633265, -0.434965, 0.640140
$AI Behavior: None
$Cargo 1:  XSTR("Nothing", -1)
+Initial Hull: 100
+Subsystem: Pilot
$Arrival Location: Hyperspace
$Arrival Cue: ( false ) 
$Departure Location: Hyperspace
$Departure Cue: ( false ) 
$Determination: 10
+Flags: ( "cargo-known" )
+Flags2: ( )
+Respawn priority: 0
+Orders Accepted: 33023		;! note that this is a bitfield!!!
+Group: 0
+Use Table Score:
+Score: 15

$Name: alpha 3		;! Object #16
$Class: GTF Phoenix
$Team: Friendly
$Location: -6175.461426, 3365.747314, 52802.847656
$Orientation:
	0.710913, 0.000000, -0.703279,
	0.305902, 0.900447, 0.309223,
	0.633265, -0.434965, 0.640140
$AI Behavior: None
$Cargo 1:  XSTR("Nothing", -1)
+Initial Hull: 100
+Subsystem: Pilot
$Arrival Location: Hyperspace
$Arrival Cue: ( false ) 
$Departure Location: Hyperspace
$Departure Cue: ( false ) 
$Determination: 10
+Flags: ( "cargo-known" )
+Flags2: ( )
+Respawn priority: 0
+Orders Accepted: 33023		;! note that this is a bitfield!!!
+Group: 0
+Use Table Score:
+Score: 15

$Name: beta 1		;! Object #17
$Class: GTF Phoenix
$Team: Friendly
$Location: -6104.681152, 3365.747314, 52801.792969
$Orientation:
	0.710913, 0.000000, -0.703279,
	0.305902, 0.900447, 0.309223,
	0.633265, -0.434965, 0.640140
$AI Behavior: None
$Cargo 1:  XSTR("Nothing", -1)
+Initial Hull: 100
+Subsystem: Pilot
$Arrival Location: Hyperspace
$Arrival Cue: ( false ) 
$Departure Location: Hyperspace
$Departure Cue: ( false ) 
$Determination: 10
+Flags: ( "cargo-known" )
+Flags2: ( )
+Respawn priority: 0
+Orders Accepted: 33023		;! note that this is a bitfield!!!
+Group: 0
+Use Table Score:
+Score: 15

$Name: beta 2		;! Object #18
$Class: GTF Phoenix
$Team: Friendly
$Location: -6007.698730, 3365.747314, 52723.792969
$Orientation:
	0.710913, 0.000000, -0.703279,
	0.305902, 0.900447, 0.309223,
	0.633265, -0.434965, 0.640140
$AI Behavior: None
$Cargo 1:  XSTR("Nothing", -1)
+Initial Hull: 100
+Subsystem: Pilot
$Arrival Location: Hyperspace
$Arrival Cue: ( false ) 
$Departure Location: Hyperspace
$Departure Cue: ( false ) 
$Determination: 10
+Flags: ( "cargo-known" )
+Flags2: ( )
+Respawn priority: 0
+Orders Accepted: 33023		;! note that this is a bitfield!!!
+Group: 0
+Use Table Score:
+Score: 15

$Name: beta 3		;! Object #19
$Class: GTF Phoenix
$Team: Friendly
$Location: -6026.080566, 3365.747314, 52789.125000
$Orientation:
	0.710913, 0.000000, -0.703279,
	0.305902, 0.900447, 0.309223,
	0.633265, -0.434965, 0.640140
$AI Behavior: None
$Cargo 1:  XSTR("Nothing", -1)
+Initial Hull: 100
+Subsystem: Pilot
$Arrival Location: Hyperspace
$Arrival Cue: ( false ) 
$Departure Location: Hyperspace
$Departure Cue: ( false ) 
$Determination: 10
+Flags: ( "cargo-known" )
+Flags2: ( )
+Respawn priority: 0
+Orders Accepted: 33023		;! note that this is a bitfield!!!
+Group: 0
+Use Table Score:
+Score: 15

$Name: alpha 4		;! Object #20
$Class: GTF Phoenix
$Team: Friendly
$Location: -6175.460449, 3365.747314, 52726.859375
$Orientation:
	0.659983, 0.000000, -0.751280,
	0.326781, 0.900447, 0.287070,
	0.676488, -0.434965, 0.594280
$AI Behavior: None
$Cargo 1:  XSTR("Nothing", -1)
+Initial Hull: 100
+Subsystem: Pilot
$Arrival Location: Hyperspace
$Arrival Cue: ( false ) 
$Departure Location: Hyperspace
$Departure Cue: ( false ) 
$Determination: 10
+Flags: ( "cargo-known" )
+Flags2: ( )
+Respawn priority: 0
+Orders Accepted: 33023		;! note that this is a bitfield!!!
+Group: 0
+Use Table Score:
+Score: 15

$Name: beta 4		;! Object #21
$Class: GTF Phoenix
$Team: Friendly
$Location: -6087.910645, 3365.747314, 52734.136719
$Orientation:
	0.710913, 0.000000, -0.703279,
	0.305902, 0.900447, 0.309223,
	0.633265, -0.434965, 0.640140
$AI Behavior: None
$Cargo 1:  XSTR("Nothing", -1)
+Initial Hull: 100
+Subsystem: Pilot
$Arrival Location: Hyperspace
$Arrival Cue: ( false ) 
$Departure Location: Hyperspace
$Departure Cue: ( false ) 
$Determination: 10
+Flags: ( "cargo-known" )
+Flags2: ( )
+Respawn priority: 0
+Orders Accepted: 33023		;! note that this is a bitfield!!!
+Group: 0
+Use Table Score:
+Score: 15

$Name: gamma 1		;! Object #22
$Class: GTF Phoenix
$Team: Friendly
$Location: -6223.283691, 3365.747314, 53007.777344
$Orientation:
	0.710913, 0.000000, -0.703279,
	0.305902, 0.900447, 0.309223,
	0.633265, -0.434965, 0.640140
$AI Behavior: None
$Cargo 1:  XSTR("Nothing", -1)
+Initial Hull: 100
+Subsystem: Pilot
$Arrival Location: Hyperspace
$Arrival Cue: ( false ) 
$Departure Location: Hyperspace
$Departure Cue: ( false ) 
$Determination: 10
+Flags: ( "cargo-known" )
+Flags2: ( )
+Respawn priority: 0
+Orders Accepted: 33023		;! note that this is a bitfield!!!
+Group: 0
+Use Table Score:
+Score: 15

$Name: gamma 2		;! Object #23
$Class: GTF Phoenix
$Team: Friendly
$Location: -6282.745117, 3365.747314, 52996.964844
$Orientation:
	0.710913, 0.000000, -0.703279,
	0.305902, 0.900447, 0.309223,
	0.633265, -0.434965, 0.640140
$AI Behavior: None
$Cargo 1:  XSTR("Nothing", -1)
+Initial Hull: 100
+Subsystem: Pilot
$Arrival Location: Hyperspace
$Arrival Cue: ( false ) 
$Departure Location: Hyperspace
$Departure Cue: ( false ) 
$Determination: 10
+Flags: ( "cargo-known" )
+Flags2: ( )
+Respawn priority: 0
+Orders Accepted: 33023		;! note that this is a bitfield!!!
+Group: 0
+Use Table Score:
+Score: 15

$Name: gamma 3		;! Object #24
$Class: GTF Phoenix
$Team: Friendly
$Location: -6224.198730, 3365.700439, 52904.195313
$Orientation:
	0.710913, 0.000000, -0.703279,
	0.305902, 0.900447, 0.309223,
	0.633265, -0.434965, 0.640140
$AI Behavior: None
$Cargo 1:  XSTR("Nothing", -1)
+Initial Hull: 100
+Subsystem: Pilot
$Arrival Location: Hyperspace
$Arrival Cue: ( false ) 
$Departure Location: Hyperspace
$Departure Cue: ( false ) 
$Determination: 10
+Flags: ( "cargo-known" )
+Flags2: ( )
+Respawn priority: 0
+Orders Accepted: 33023		;! note that this is a bitfield!!!
+Group: 0
+Use Table Score:
+Score: 15

$Name: gamma 4		;! Object #25
$Class: GTF Phoenix
$Team: Friendly
$Location: -6303.168457, 3365.747314, 52889.769531
$Orientation:
	0.710913, 0.000000, -0.703279,
	0.305902, 0.900447, 0.309223,
	0.633265, -0.434965, 0.640140
$AI Behavior: None
$Cargo 1:  XSTR("Nothing", -1)
+Initial Hull: 100
+Subsystem: Pilot
$Arrival Location: Hyperspace
$Arrival Cue: ( false ) 
$Departure Location: Hyperspace
$Departure Cue: ( false ) 
$Determination: 10
+Flags: ( "cargo-known" )
+Flags2: ( )
+Respawn priority: 0
+Orders Accepted: 33023		;! note that this is a bitfield!!!
+Group: 0
+Use Table Score:
+Score: 15

$Name: Asmo Freighter 01		;! Object #26
$Class: SFr Asmodeus
$Team: Hostile
$Location: 465.096497, -28.187569, 64066.488281
$Orientation:
	-0.762932, 0.001516, -0.646921,
	0.009870, 1.000010, -0.009295,
	0.646865, -0.013473, -0.762919
$AI Behavior: None
$AI Goals: ( goals ( ai-waypoints-once "B" 89 ) )
$Cargo 1:  XSTR("Nothing", -1)
+Initial Velocity: 33
+Initial Hull: 100
+Initial Shields: 100
+Subsystem: Pilot
+Subsystem: a-turret01
+Subsystem: a-turret02
+Subsystem: a-turret03
+Subsystem: a-turret04
$Arrival Location: Hyperspace
$Arrival Cue: ( true ) 
$Departure Location: Hyperspace
$Departure Cue: ( or 
   ( are-waypoints-done-delay 
      "Asmo Freighter 01" 
      "B" 
      0 
   )
   ( is-destroyed-delay 8 "Capella" ) 
)
$Determination: 10
+Flags: ( "no-shields" )
+Flags2: ( )
+Respawn priority: 0
+Docked With: Cargo Pod A17
$Docker Point: cargo dock01
$Dockee Point: cargo dock04
+Docked With: Cargo Pod A03
$Docker Point: cargo dock01
$Dockee Point: cargo dock03
+Docked With: Cargo Pod A02
$Docker Point: cargo dock01
$Dockee Point: cargo dock02
+Docked With: Cargo Pod A01
$Docker Point: cargo dock01
$Dockee Point: cargo dock01
+Orders Accepted: 0		;! note that this is a bitfield!!!
+Group: 0
+Use Table Score:
+Score: 30

$Name: Cargo Pod A01		;! Object #27
$Class: SAC 2
$Team: Hostile
$Location: 456.451447, -15.814398, 64047.187500
$Orientation:
	-0.684251, -0.452646, -0.572198,
	-0.337571, 0.891703, -0.301978,
	0.646871, -0.013468, -0.762914
$AI Behavior: None
$Cargo 1:  XSTR("Nothing", -1)
+Initial Velocity: 33
+Initial Hull: 100
+Initial Shields: 100
+Subsystem: Pilot
$Arrival Location: Hyperspace
$Arrival Cue: ( false ) 
$Departure Location: Hyperspace
$Departure Cue: ( false ) 
$Determination: 10
+Flags: ( "no-shields" )
+Flags2: ( )
+Respawn priority: 0
+Docked With: Asmo Freighter 01
$Docker Point: cargo dock01
$Dockee Point: cargo dock01
+Group: 0
+Use Table Score:
+Score: 0

$Name: Cargo Pod A02		;! Object #28
$Class: SAC 2
$Team: Hostile
$Location: 485.539307, -15.869932, 64071.949219
$Orientation:
	0.675306, -0.455349, 0.580617,
	0.355161, 0.890326, 0.285416,
	-0.646853, 0.013466, 0.762929
$AI Behavior: None
$Cargo 1:  XSTR("Nothing", -1)
+Initial Velocity: 33
+Initial Hull: 100
+Initial Shields: 100
+Subsystem: Pilot
$Arrival Location: Hyperspace
$Arrival Cue: ( false ) 
$Departure Location: Hyperspace
$Departure Cue: ( false ) 
$Determination: 10
+Flags: ( "no-shields" )
+Flags2: ( )
+Respawn priority: 0
+Docked With: Asmo Freighter 01
$Docker Point: cargo dock02
$Dockee Point: cargo dock01
+Group: 0
+Use Table Score:
+Score: 0

$Name: Cargo Pod A03		;! Object #29
$Class: SAC 2
$Team: Hostile
$Location: 431.481293, -15.294312, 64076.636719
$Orientation:
	-0.684269, -0.452643, -0.572180,
	-0.337569, 0.891704, -0.301976,
	0.646854, -0.013479, -0.762928
$AI Behavior: None
$Cargo 1:  XSTR("Nothing", -1)
+Initial Velocity: 33
+Initial Hull: 100
+Initial Shields: 100
+Subsystem: Pilot
$Arrival Location: Hyperspace
$Arrival Cue: ( false ) 
$Departure Location: Hyperspace
$Departure Cue: ( false ) 
$Determination: 10
+Flags: ( "no-shields" )
+Flags2: ( )
+Respawn priority: 0
+Docked With: Asmo Freighter 01
$Docker Point: cargo dock03
$Dockee Point: cargo dock01
+Group: 0
+Use Table Score:
+Score: 0

$Name: Cargo Pod A17		;! Object #30
$Class: SAC 2
$Team: Hostile
$Location: 460.578888, -15.349812, 64101.414063
$Orientation:
	0.675310, -0.455346, 0.580615,
	0.355158, 0.890327, 0.285413,
	-0.646851, 0.013464, 0.762931
$AI Behavior: None
$Cargo 1:  XSTR("Nothing", -1)
+Initial Velocity: 33
+Initial Hull: 100
+Initial Shields: 100
+Subsystem: Pilot
$Arrival Location: Hyperspace
$Arrival Cue: ( false ) 
$Departure Location: Hyperspace
$Departure Cue: ( false ) 
$Determination: 10
+Flags: ( "no-shields" )
+Flags2: ( )
+Respawn priority: 0
+Docked With: Asmo Freighter 01
$Docker Point: cargo dock04
$Dockee Point: cargo dock01
+Group: 0
+Use Table Score:
+Score: 0

$Name: Asmo Freighter 02		;! Object #31
$Class: SFr Asmodeus
$Team: Hostile
$Location: -120.822906, -28.676088, 64802.734375
$Orientation:
	-0.762864, -0.004513, -0.646948,
	-0.005667, 1.000086, -0.000295,
	0.646974, 0.003439, -0.762921
$AI Behavior: None
$AI Goals: ( goals ( ai-waypoints-once "B" 89 ) )
$Cargo 1:  XSTR("Nothing", -1)
+Initial Velocity: 33
+Initial Hull: 100
+Initial Shields: 100
+Subsystem: Pilot
+Subsystem: a-turret01
+Subsystem: a-turret02
+Subsystem: a-turret03
+Subsystem: a-turret04
$Arrival Location: Hyperspace
$Arrival Cue: ( true ) 
$Departure Location: Hyperspace
$Departure Cue: ( or 
   ( are-waypoints-done-delay 
      "Asmo Freighter 02" 
      "B" 
      0 
   )
   ( is-destroyed-delay 9 "Capella" ) 
)
$Determination: 10
+Flags: ( "no-shields" )
+Flags2: ( )
+Respawn priority: 0
+Docked With: Cargo Pod A07
$Docker Point: cargo dock01
$Dockee Point: cargo dock04
+Docked With: Cargo Pod A06
$Docker Point: cargo dock01
$Dockee Point: cargo dock03
+Docked With: Cargo Pod A05
$Docker Point: cargo dock01
$Dockee Point: cargo dock02
+Docked With: Cargo Pod A04
$Docker Point: cargo dock01
$Dockee Point: cargo dock01
+Orders Accepted: 0		;! note that this is a bitfield!!!
+Group: 0
+Use Table Score:
+Score: 30

$Name: Cargo Pod A04		;! Object #32
$Class: SAC 2
$Team: Hostile
$Location: -129.659348, -16.265596, 64783.546875
$Orientation:
	-0.677149, -0.458052, -0.576294,
	-0.351384, 0.889034, -0.293971,
	0.646968, 0.003436, -0.762926
$AI Behavior: None
$Cargo 1:  XSTR("Nothing", -1)
+Initial Velocity: 33
+Initial Hull: 100
+Initial Shields: 100
+Subsystem: Pilot
$Arrival Location: Hyperspace
$Arrival Cue: ( false ) 
$Departure Location: Hyperspace
$Departure Cue: ( false ) 
$Determination: 10
+Flags: ( "no-shields" )
+Flags2: ( )
+Respawn priority: 0
+Docked With: Asmo Freighter 02
$Docker Point: cargo dock01
$Dockee Point: cargo dock01
+Group: 0
+Use Table Score:
+Score: 0

$Name: Cargo Pod A05		;! Object #33
$Class: SAC 2
$Team: Hostile
$Location: -100.574585, -16.092333, 64808.304688
$Orientation:
	0.682292, -0.450011, 0.576564,
	0.341286, 0.893131, 0.293447,
	-0.646971, -0.003441, 0.762924
$AI Behavior: None
$Cargo 1:  XSTR("Nothing", -1)
+Initial Velocity: 33
+Initial Hull: 100
+Initial Shields: 100
+Subsystem: Pilot
$Arrival Location: Hyperspace
$Arrival Cue: ( false ) 
$Departure Location: Hyperspace
$Departure Cue: ( false ) 
$Determination: 10
+Flags: ( "no-shields" )
+Flags2: ( )
+Respawn priority: 0
+Docked With: Asmo Freighter 02
$Docker Point: cargo dock02
$Dockee Point: cargo dock01
+Group: 0
+Use Table Score:
+Score: 0

$Name: Cargo Pod A06		;! Object #34
$Class: SAC 2
$Team: Hostile
$Location: -154.633743, -16.398321, 64812.996094
$Orientation:
	-0.677152, -0.458049, -0.576293,
	-0.351382, 0.889035, -0.293969,
	0.646966, 0.003435, -0.762927
$AI Behavior: None
$Cargo 1:  XSTR("Nothing", -1)
+Initial Velocity: 33
+Initial Hull: 100
+Initial Shields: 100
+Subsystem: Pilot
$Arrival Location: Hyperspace
$Arrival Cue: ( false ) 
$Departure Location: Hyperspace
$Departure Cue: ( false ) 
$Determination: 10
+Flags: ( "no-shields" )
+Flags2: ( )
+Respawn priority: 0
+Docked With: Asmo Freighter 02
$Docker Point: cargo dock03
$Dockee Point: cargo dock01
+Group: 0
+Use Table Score:
+Score: 0

$Name: Cargo Pod A07		;! Object #35
$Class: SAC 2
$Team: Hostile
$Location: -125.539276, -16.224998, 64837.769531
$Orientation:
	0.682295, -0.450008, 0.576563,
	0.341285, 0.893132, 0.293444,
	-0.646968, -0.003441, 0.762926
$AI Behavior: None
$Cargo 1:  XSTR("Nothing", -1)
+Initial Velocity: 33
+Initial Hull: 100
+Initial Shields: 100
+Subsystem: Pilot
$Arrival Location: Hyperspace
$Arrival Cue: ( false ) 
$Departure Location: Hyperspace
$Departure Cue: ( false ) 
$Determination: 10
+Flags: ( "no-shields" )
+Flags2: ( )
+Respawn priority: 0
+Docked With: Asmo Freighter 02
$Docker Point: cargo dock04
$Dockee Point: cargo dock01
+Group: 0
+Use Table Score:
+Score: 0

$Name: Asmo Freighter 03		;! Object #36
$Class: SFr Asmodeus
$Team: Hostile
$Location: 2823.718994, 656.622314, 63108.707031
$Orientation:
	-0.767639, -0.000782, -0.641164,
	0.004280, 1.000052, -0.006356,
