#Mission Info

$Version: 0.10
$Name:  XSTR("The enemy's backyard", -1)
$Author: Herkie Del Socorro
$Created: 06/20/11 at 21:34:36
$Modified: 09/24/20 at 18:25:33
$Notes:
This is a FRED2_OPEN created mission.
$End Notes:

$Mission Desc:
 XSTR("August 11, 2370. The Dark Angels under the S O C conduct a recon sweep on the Shivan planet.
", -1)
$end_multi_text
+Game Type Flags: 1
+Flags: 395272
+Fog Near Mult: 1.000000

+Fog Far Mult: 1.000000

+Disallow Support: 0
+Hull Repair Ceiling: 0.000000
+Subsystem Repair Ceiling: 100.000000

+Viewer pos: -1058.566162, 39.537125, -3555.851318
+Viewer orient:
	-0.391812, 0.000000, 0.920045,
	-0.159378, 0.984882, -0.067873,
	-0.906136, -0.173228, -0.385888


$Load Screen 640:	LoadAct4Sa.dds
$Load Screen 1024:	LoadAct4La.dds

$Skybox Model: ShivanaBox1.pof

$AI Profile: AF1

#Command Briefing

$Stage Text:
 XSTR("$B{To the SOC operatives and volunteers $}

We are finally here. Right at the heart of the $R Shivan $R home $R system and as it turned out, this location is outside our own galaxy, just in the outskirts of the $Y Large $Y Magellanic $Y Cloud. This is turning out to be an intergalactic war. We have managed to slip through the $P Knossos without any encounter or incident. Thanks to our modified AWACs and jamming devices, we were able to shield our IFF signals thus cloaking us from enemy sensors. Our suspicions are correct. This will give us a tactical advantage in our invasion campaign.

Our immediate task right now is to do a systematic reconnaissance of the planet which we now designate as $b Shiva. We will position the $G GTD $G Titan far out in the perimeter of the system away from enemy presence for the purpose of not being detected. Our mission is to conduct a sensor sweep and recon of a specific region near the surface of the planet just below $Y Shiva's $Y moon. The far side of this moon will serve as our rally point to build up our forces in preparation of our main assault on the planet.

$B{Colonel Christopher Snipes
Galactic Terran-Vasudan Intelligence $}", -1)
$end_multi_text
$Ani Filename: cb_Act4c.ani
+Wave Filename: none

$Stage Text:
 XSTR("$B{To the SOC volunteers $}

By order of Special Operations Command and GTVI, you will be using their standard issue, the $G SOC $G Eagle. It is a high performance interceptor and space superiority fighter suitable for this dangerous mission. All other specifications are classified. 

$B{Lt. commander Greg Virgil
Fleet Quarter Master $}", -1)
$end_multi_text
$Ani Filename: cb_Act4c.ani
+Wave Filename: none

#Briefing
$start_briefing
$num_stages: 4
$start_stage
$multi_text
 XSTR("Alright, Dark Angels, I'm $G Colonel $G Snipes of $b Galactic $b Terran-Vasudan $b Intelligence in cooperation with $b Special $b Operations $b Command. High Command has ordered you to be under our wing for the moment. I am personally assigned here because this is a delicate operation. This must be done by the numbers so listen very carefully. We are now about to enter $R Shiva's atmosphere. Deep behind enemy lines. ", -1)
$end_multi_text
$voice: none.wav
$camera_pos: -22205.972656, 7259.860352, 17927.626953
$camera_orient:
	0.999999, -0.000000, -0.001537,
	0.001537, 0.026193, 0.999656,
	0.000040, -0.999657, 0.026193
$camera_time: 5000
$num_lines: 0
$num_icons: 9
$Flags: 0
$Formula: ( true ) 
$start_icon
$type: 30
$team: Friendly
$class: GTA Charybdis
$pos: -46708.199219, 0.000000, 26188.158203
$label: Oculus
+id: 1
$hlight: 0
$mirror: 0
$multi_text
$end_multi_text
$end_icon
$start_icon
$type: 1
$team: Friendly
$class: GTF Ulysses
$pos: -3678.285400, 0.000000, 570.106323
$label: beta
+id: 2
$hlight: 0
$mirror: 0
$multi_text
$end_multi_text
$end_icon
$start_icon
$type: 1
$team: Friendly
$class: GTF Ulysses
$pos: -49772.531250, -0.000000, 16410.537109
$label: Alpha
+id: 3
$hlight: 0
$mirror: 0
$multi_text
$end_multi_text
$end_icon
$start_icon
$type: 1
$team: Hostile
$class: SF Manticore
$pos: 489.021149, 0.000000, 21811.691406
$label: Shivans
+id: 4
$hlight: 0
$mirror: 0
$multi_text
$end_multi_text
$end_icon
$start_icon
$type: 1
$team: Hostile
$class: SF Manticore
$pos: -44592.296875, 83.703522, 34729.085938
$label: Shivans
+id: 5
$hlight: 0
$mirror: 0
$multi_text
$end_multi_text
$end_icon
$start_icon
$type: 23
$team: Hostile
$class: SF Mara
$pos: 8728.348633, -68.945938, 3102.895020
$label: Shivan Forces
+id: 6
$hlight: 0
$mirror: 0
$multi_text
$end_multi_text
$end_icon
$start_icon
$type: 1
$team: Hostile
$class: SF Manticore
$pos: 8546.881836, 0.000000, 8606.151367
$label: SF Manticore 48
+id: 7
$hlight: 0
$mirror: 0
$multi_text
$end_multi_text
$end_icon
$start_icon
$type: 1
$team: Hostile
$class: SF Manticore
$pos: 7804.607910, -68.945938, 16891.121094
$label: SF Manticore 66
+id: 8
$hlight: 0
$mirror: 0
$multi_text
$end_multi_text
$end_icon
$start_icon
$type: 7
$team: Unknown
$class: SF Manticore
$pos: -22278.234375, 0.000010, 18081.699219
$label: Shiva
+id: 9
$hlight: 0
$mirror: 0
$multi_text
$end_multi_text
$end_icon
$end_stage
$start_stage
$multi_text
 XSTR("We have two objectives. First, we must gather sufficient data and information about the $R Shivan $R planet. Second, we must clear the sector from enemy presence. Remember, do not let anyone of them jump from the battle or else they will inform their command hierarchy of our incursion. If this happens, our campaign in this war will be in jeopardy. We do not want to provoke them. Not just yet.", -1)
$end_multi_text
$voice: none.wav
$camera_pos: -22205.972656, 7259.860352, 17927.626953
$camera_orient:
	0.999999, -0.000000, -0.001537,
	0.001537, 0.026193, 0.999656,
	0.000040, -0.999657, 0.026193
$camera_time: 5000
$num_lines: 0
$num_icons: 9
$Flags: 0
$Formula: ( true ) 
$start_icon
$type: 30
$team: Friendly
$class: GTA Charybdis
$pos: -39299.593750, 0.000000, 23029.623047
$label: Oculus
+id: 1
$hlight: 0
$mirror: 0
$multi_text
$end_multi_text
$end_icon
$start_icon
$type: 1
$team: Friendly
$class: SOC Eagle
$pos: -21032.992188, 0.001208, 18200.693359
$label: beta
+id: 2
$hlight: 1
$mirror: 0
$multi_text
$end_multi_text
$end_icon
$start_icon
$type: 1
$team: Friendly
$class: SOC Eagle
$pos: -23861.373047, 0.000397, 18144.574219
$label: Alpha
+id: 3
$hlight: 1
$mirror: 0
$multi_text
$end_multi_text
$end_icon
$start_icon
$type: 1
$team: Hostile
$class: SF Manticore
$pos: -5633.550781, 0.000000, 19238.943359
$label: Shivans
+id: 4
$hlight: 0
$mirror: 0
$multi_text
$end_multi_text
$end_icon
$start_icon
$type: 1
$team: Hostile
$class: SF Manticore
$pos: -37143.582031, 83.703522, 29392.742188
$label: Shivans
+id: 5
$hlight: 0
$mirror: 0
$multi_text
$end_multi_text
$end_icon
$start_icon
$type: 23
$team: Hostile
$class: SF Mara
$pos: 8728.348633, -68.945938, 3102.895020
$label: Shivan Forces
+id: 6
$hlight: 0
$mirror: 0
$multi_text
$end_multi_text
$end_icon
$start_icon
$type: 1
$team: Hostile
$class: SF Manticore
$pos: 8546.881836, 0.000000, 8606.151367
$label: SF Manticore 48
+id: 7
$hlight: 0
$mirror: 0
$multi_text
$end_multi_text
$end_icon
$start_icon
$type: 1
$team: Hostile
$class: SF Manticore
$pos: 7804.607910, -68.945938, 16891.121094
$label: SF Manticore 66
+id: 8
$hlight: 0
$mirror: 0
$multi_text
$end_multi_text
$end_icon
$start_icon
$type: 7
$team: Unknown
$class: SF Manticore
$pos: -22278.234375, 0.000010, 18081.699219
$label: Shiva
+id: 9
$hlight: 0
$mirror: 0
$multi_text
$end_multi_text
$end_icon
$end_stage
$start_stage
$multi_text
 XSTR("The first phase of the operation is to escort our AWAC ship, the $G GTA $G Valkyrie. We must defend this craft while it conducts a sensor sweep of the planet's surface. We can expect hostiles but don't worry. Our AWACs will cloak us from enemy scanners and we will jam their communication systems. It's alright to have $R Shivans jumping in but if they escape, their HQ command will know what happen here. They will keep on sending ships to investigate but they won't get any news as long as the $G Valkyrie is operational. If our cover's blown, we will be swarmed by who knows what.", -1)
$end_multi_text
$voice: none.wav
$camera_pos: -22205.972656, 7259.860352, 17927.626953
$camera_orient:
	0.999999, -0.000000, -0.001537,
	0.001537, 0.026193, 0.999656,
	0.000040, -0.999657, 0.026193
$camera_time: 5000
$num_lines: 0
$num_icons: 9
$Flags: 1
$Formula: ( true ) 
$start_icon
$type: 30
$team: Friendly
$class: GTA Charybdis
$pos: -21009.167969, -0.000059, 18140.189453
$label: Valkyrie
+id: 1
$hlight: 1
$mirror: 0
$multi_text
$end_multi_text
$end_icon
$start_icon
$type: 1
$team: Friendly
$class: SOC Eagle
$pos: -20241.423828, 0.001110, 17475.605469
$label: beta
+id: 2
$hlight: 0
$mirror: 0
$multi_text
$end_multi_text
$end_icon
$start_icon
$type: 1
$team: Friendly
$class: SOC Eagle
$pos: -20277.976563, 0.000291, 18854.265625
$label: Alpha
+id: 3
$hlight: 0
$mirror: 0
$multi_text
$end_multi_text
$end_icon
$start_icon
$type: 17
$team: Hostile
$class: SB Nahema
$pos: -24184.435547, 0.000196, 17565.921875
$label: Shivans
+id: 4
$hlight: 0
$mirror: 0
$multi_text
$end_multi_text
$end_icon
$start_icon
$type: 1
$team: Hostile
$class: SF Manticore
$pos: -24168.667969, 83.703575, 18825.503906
$label: Shivans
+id: 5
$hlight: 0
$mirror: 0
$multi_text
$end_multi_text
$end_icon
$start_icon
$type: 23
$team: Hostile
$class: SF Mara
$pos: 8728.348633, -68.945938, 3102.895020
$label: Shivan Forces
+id: 6
$hlight: 0
$mirror: 0
$multi_text
$end_multi_text
$end_icon
$start_icon
$type: 1
$team: Hostile
$class: SF Manticore
$pos: 8546.881836, 0.000000, 8606.151367
$label: SF Manticore 48
+id: 7
$hlight: 0
$mirror: 0
$multi_text
$end_multi_text
$end_icon
$start_icon
$type: 1
$team: Hostile
$class: SF Manticore
$pos: 7804.607910, -68.945938, 16891.121094
$label: SF Manticore 66
+id: 8
$hlight: 0
$mirror: 0
$multi_text
$end_multi_text
$end_icon
$start_icon
$type: 7
$team: Unknown
$class: SF Manticore
$pos: -22278.234375, 0.000010, 18081.699219
$label: Shiva
+id: 9
$hlight: 0
$mirror: 0
$multi_text
$end_multi_text
$end_icon
$end_stage
$start_stage
$multi_text
 XSTR("Second Phase of our sortie will be a total sanitation of the area. You must engage all hostiles on sight but follow my instructions to the letter. Our survival will depend on our team work. Don't be a hero. Heroes die easily and they get their companions killed. Once we have cleared the sector, the $G GTD $G Titan and the $G GTCv $G Babylon will arrive and secure the area. Always bear in mind to keep your eyes open and concentrate on the mission. Good luck, Dark Angels. ", -1)
$end_multi_text
$voice: none.wav
$camera_pos: -21602.689453, 13937.174805, 17915.791016
$camera_orient:
	-0.003551, 0.000000, -0.999994,
	0.999971, 0.006751, -0.003550,
	0.006751, -0.999977, -0.000024
$camera_time: 5000
$num_lines: 0
$num_icons: 9
$Flags: 0
$Formula: ( true ) 
$start_icon
$type: 1
$team: Friendly
$class: SOC Eagle
$pos: -23137.578125, 0.001305, 22532.794922
$label: beta
+id: 2
$hlight: 0
$mirror: 0
$multi_text
$end_multi_text
$end_icon
$start_icon
$type: 1
$team: Friendly
$class: SOC Eagle
$pos: -20145.923828, -0.000417, 22598.484375
$label: Alpha
+id: 3
$hlight: 0
$mirror: 0
$multi_text
$end_multi_text
$end_icon
$start_icon
$type: 17
$team: Friendly
$class: GTDc Titan
$pos: -22790.722656, 0.000268, 15857.173828
$label: GTD Titan
+id: 4
$hlight: 0
$mirror: 0
$multi_text
$end_multi_text
$end_icon
$start_icon
$type: 1
$team: Hostile
$class: SF Manticore
$pos: -32277.261719, 83.704353, 18167.205078
$label: Shivans
+id: 5
$hlight: 0
$mirror: 0
$multi_text
$end_multi_text
$end_icon
$start_icon
$type: 6
$team: Hostile
$class: SC Rakshasa
$pos: -21537.291016, -68.946266, 22833.197266
$label: Shivan Forces
+id: 6
$hlight: 1
$mirror: 1
$multi_text
$end_multi_text
$end_icon
$start_icon
$type: 1
$team: Hostile
$class: SF Mara
$pos: -23028.046875, -0.000456, 20771.369141
$label: Shivan Forces
+id: 7
$hlight: 1
$mirror: 0
$multi_text
$end_multi_text
$end_icon
$start_icon
$type: 1
$team: Hostile
$class: SB Nahema
$pos: -20168.761719, -68.946609, 20732.634766
$label: Shivan Forces
+id: 8
$hlight: 1
$mirror: 0
$multi_text
$end_multi_text
$end_icon
$start_icon
$type: 7
$team: Unknown
$class: SF Manticore
$pos: -21577.519531, 0.000157, 18101.226563
$label: Shiva
+id: 9
$hlight: 0
$mirror: 0
$multi_text
$end_multi_text
$end_icon
$start_icon
$type: 0
$team: Friendly
$class: GTCv Babylon
$pos: -20363.757813, 576.512390, 15642.312500
$label: GTCv Babylon
+id: 10
$hlight: 0
$mirror: 0
$multi_text
$end_multi_text
$end_icon
$end_stage
$end_briefing

#Debriefing_info

$Num stages: 1

$Formula: ( is-goal-false-delay 
   "protect Oculus" 
   0 
)
$Multi text
    XSTR("The failure of the mission brought out bitter consequences for the GTVA. The Shivans were alerted and have doubled up their defenses. It will be very difficult for the alliance in their campaign against the Shivans. Lieutenant Commander John Richter have died a hero and if mankind will overcome this war, he will be remembered for many generations.", -1)
$end_multi_text
$Voice: none.wav
$Recommendation text:
    XSTR("", -1)
$end_multi_text

#Alternate Types:
$Alt: S O C Volunteer
$Alt: S O C Operative
$Alt: Unknown Craft

#end


#Callsigns:
$Callsign: Snipes

#end


#Players		;! 1 total

$Starting Shipname: alpha 1
$Ship Choices: (
	"GTF Ulysses"	5
	"GTF Hercules"	5
	"GTF Hercules Mark II"	5
	"GTF Ares"	5
	"GTF Erinyes"	5
	"GTF Loki"	5
	"GTF Pegasus"	5
	"GTF Perseus"	5
	"GTF Myrmidon"	5
	"SF Mara (terrans)"	5
	"GTB Artemis"	5
	"GTB Artemis D.H."	5
	"GTB Medusa"	5
	"GTB Ursa"	5
	"GTB Zeus"	5
	"GTB Boanerges"	5
	"GVF Ptah"	5
	"Spacesuit"	5
)

+Weaponry Pool: (
	"Subach HL-7"	16
	"Subach HL-D"	16
	"Mekhu HL-7"	16
	"Mekhu HL-7D"	16
	"Akheton SDG"	16
	"Morning Star"	16
	"MorningStar D"	16
	"Prometheus R"	16
	"Prometheus S"	16
	"Prometheus D"	16
	"Maxim"	16
	"Maxim D"	16
	"UD-8 Kayser"	16
	"UD-D Kayser"	16
	"Circe"	16
	"Lamprey"	16
	"Targeting Laser"	16
	"Ripper"	16
	"Devastator"	16
	"Rockeye"	500
	"Rockeye D"	500
	"Tempest"	500
	"Tempest D"	500
	"Hornet"	500
	"Hornet D"	500
	"Tornado"	756
	"Tornado D"	500
	"Harpoon"	500
	"Harpoon D"	500
	"Harpoon#Weak"	500
	"Trebuchet"	500
	"TAG-A"	500
	"TAG-B"	500
	"TAG-C"	500
	"Piranha"	500
	"Stiletto II"	500
	"Infyrno"	500
	"Infyrno D"	500
	"Cyclops"	500
	"Cyclops#short"	500
	"Helios"	500
	"EMP Adv."	500
	"Screamer"	1920
	"Hunter"	640
)

#Objects		;! 144 total

$Name: alpha 1		;! Object #0
$Class: SOC Eagle
$Team: Friendly
$Location: -1154.982666, 0.000000, -3605.628662
$Orientation:
	-0.555699, 0.000000, 0.831383,
	0.000000, 1.000000, 0.000000,
	-0.831383, 0.000000, -0.555699
$AI Behavior: None
$Cargo 1:  XSTR("Nothing", -1)
+Initial Hull: 100
+Subsystem: Pilot
$Arrival Location: Hyperspace
$Arrival Cue: ( false ) 
$Departure Location: Hyperspace
$Departure Cue: ( false ) 
$Determination: 10
+Flags: ( "cargo-known" "player-start" )
+Flags2: ( )
+Respawn priority: 0
+Orders Accepted: 33023		;! note that this is a bitfield!!!
+Group: 0
+Score: 8

$Name: alpha 2		;! Object #1
$Class: SOC Eagle
$Alt: S O C Volunteer

$Team: Friendly
$Location: -1168.625000, 0.000000, -3658.534424
$Orientation:
	-0.555699, 0.000000, 0.831384,
	0.000000, 1.000000, 0.000000,
	-0.831383, 0.000000, -0.555699
$AI Behavior: None
$Cargo 1:  XSTR("Nothing", -1)
+Initial Hull: 100
+Subsystem: Pilot
$Arrival Location: Hyperspace
$Arrival Cue: ( false ) 
$Departure Location: Hyperspace
$Departure Cue: ( false ) 
$Determination: 10
+Flags: ( "cargo-known" "guardian" )
+Flags2: ( )
+Respawn priority: 0
+Orders Accepted: 33023		;! note that this is a bitfield!!!
+Group: 0
+Score: 12
+Persona Index: 3

$Name: alpha 3		;! Object #2
$Class: SOC Eagle
$Alt: S O C Volunteer

$Team: Friendly
$Location: -1206.738525, 0.000000, -3603.415527
$Orientation:
	-0.555699, 0.000000, 0.831384,
	0.000000, 1.000000, 0.000000,
	-0.831383, 0.000000, -0.555699
$AI Behavior: None
$Cargo 1:  XSTR("Nothing", -1)
+Initial Hull: 100
+Subsystem: Pilot
$Arrival Location: Hyperspace
$Arrival Cue: ( false ) 
$Departure Location: Hyperspace
$Departure Cue: ( false ) 
$Determination: 10
+Flags: ( "cargo-known" )
+Flags2: ( )
+Respawn priority: 0
+Orders Accepted: 33023		;! note that this is a bitfield!!!
+Group: 0
+Score: 12
+Persona Index: 2

$Name: alpha 4		;! Object #3
$Class: SOC Eagle
$Alt: S O C Volunteer

$Team: Friendly
$Location: -1221.503418, 0.000000, -3650.927002
$Orientation:
	-0.555699, 0.000000, 0.831384,
	0.000000, 1.000000, 0.000000,
	-0.831383, 0.000000, -0.555699
$AI Behavior: None
$Cargo 1:  XSTR("Nothing", -1)
+Initial Hull: 100
+Subsystem: Pilot
$Arrival Location: Hyperspace
$Arrival Cue: ( false ) 
$Departure Location: Hyperspace
$Departure Cue: ( false ) 
$Determination: 10
+Flags: ( "cargo-known" )
+Flags2: ( )
+Respawn priority: 0
+Orders Accepted: 33023		;! note that this is a bitfield!!!
+Group: 0
+Score: 12
+Persona Index: 3

$Name: beta 1		;! Object #4
$Class: SOC Eagle
$Alt: S O C Operative

$Callsign: Snipes

$Team: Friendly
$Location: -1391.613037, 0.000000, -3646.980225
$Orientation:
	-0.555699, 0.000000, 0.831384,
	0.000000, 1.000000, 0.000000,
	-0.831383, 0.000000, -0.555699
$AI Behavior: None
$Cargo 1:  XSTR("Nothing", -1)
+Initial Hull: 100
+Subsystem: Pilot
$Arrival Location: Hyperspace
$Arrival Cue: ( false ) 
$Departure Location: Hyperspace
$Departure Cue: ( false ) 
$Determination: 10
+Flags: ( "cargo-known" "guardian" )
+Flags2: ( )
+Respawn priority: 0
+Orders Accepted: 33023		;! note that this is a bitfield!!!
+Group: 0
+Score: 12
+Persona Index: 0

$Name: beta 2		;! Object #5
$Class: SOC Eagle
$Alt: S O C Volunteer

$Team: Friendly
$Location: -1327.183960, 0.000000, -3667.799072
$Orientation:
	-0.555699, 0.000000, 0.831384,
	0.000000, 1.000000, 0.000000,
	-0.831383, 0.000000, -0.555699
$AI Behavior: None
$Cargo 1:  XSTR("Nothing", -1)
+Initial Hull: 100
+Subsystem: Pilot
$Arrival Location: Hyperspace
$Arrival Cue: ( false ) 
$Departure Location: Hyperspace
$Departure Cue: ( false ) 
$Determination: 10
+Flags: ( "cargo-known" )
+Flags2: ( )
+Respawn priority: 0
+Orders Accepted: 33023		;! note that this is a bitfield!!!
+Group: 0
+Score: 12
+Persona Index: 1

$Name: beta 3		;! Object #6
$Class: SOC Eagle
$Alt: S O C Volunteer

$Team: Friendly
$Location: -1387.624878, 0.000000, -3584.763428
$Orientation:
	-0.555699, 0.000000, 0.831384,
	0.000000, 1.000000, 0.000000,
	-0.831383, 0.000000, -0.555699
$AI Behavior: None
$Cargo 1:  XSTR("Nothing", -1)
+Initial Hull: 100
+Subsystem: Pilot
$Arrival Location: Hyperspace
$Arrival Cue: ( false ) 
$Departure Location: Hyperspace
$Departure Cue: ( false ) 
$Determination: 10
+Flags: ( "cargo-known" )
+Flags2: ( )
+Respawn priority: 0
+Orders Accepted: 33023		;! note that this is a bitfield!!!
+Group: 0
+Score: 12
+Persona Index: 2

$Name: beta 4		;! Object #7
$Class: SOC Eagle
$Alt: S O C Volunteer

$Team: Friendly
$Location: -1333.260498, 0.000000, -3604.150879
$Orientation:
	-0.555699, 0.000000, 0.831384,
	0.000000, 1.000000, 0.000000,
	-0.831383, 0.000000, -0.555699
$AI Behavior: None
$Cargo 1:  XSTR("Nothing", -1)
+Initial Hull: 100
+Subsystem: Pilot
$Arrival Location: Hyperspace
$Arrival Cue: ( false ) 
$Departure Location: Hyperspace
$Departure Cue: ( false ) 
$Determination: 10
+Flags: ( "cargo-known" )
+Flags2: ( )
+Respawn priority: 0
+Orders Accepted: 33023		;! note that this is a bitfield!!!
+Group: 0
+Score: 12
+Persona Index: 7

$Name: Valkyrie		;! Object #8
$Class: GTA Charybdis
$Team: Friendly
$Location: -11297.996094, 0.000000, -9688.048828
$Orientation:
	-0.555699, 0.000000, 0.831384,
	0.000000, 1.000000, 0.000000,
	-0.831383, 0.000000, -0.555699
$AI Behavior: None
$AI Goals: ( goals ( ai-waypoints-once "Sensor Sweep area" 89 ) )
$Cargo 1:  XSTR("Nothing", -1)
+Initial Velocity: 33
+Initial Hull: 100
+Initial Shields: 100
+Subsystem: Pilot
+Subsystem: Turret01
+Subsystem: Turret02
+Subsystem: Turret03
+Subsystem: Turret04
+Subsystem: Turret05
+Subsystem: Turret06
$Arrival Location: Hyperspace
+Arrival Delay: 120
$Arrival Cue: ( true ) 
$Departure Location: Hyperspace
$Departure Cue: ( are-waypoints-done-delay 
   "Valkyrie" 
   "Sensor Sweep area" 
   0 
)
$Determination: 10
+Flags: ( "cargo-known" "no-shields" "escort" )
+Flags2: ( )
+Respawn priority: 0
+Escort priority: 0
+Special Hitpoints: 40000
+Orders Accepted: 1		;! note that this is a bitfield!!!
+Group: 0
+Use Table Score:
+Score: 150

$Name: Aquila 2		;! Object #9
$Class: SF Manticore
$Team: Hostile
$Location: -17429.957031, 84.865273, -8567.188477
$Orientation:
	-0.890846, 0.000000, -0.454306,
	0.000000, 1.000000, 0.000000,
	0.454306, 0.000000, -0.890846
$AI Behavior: None
$Cargo 1:  XSTR("Nothing", -1)
+Initial Velocity: 33
+Subsystem: Pilot
$Arrival Location: Hyperspace
$Arrival Cue: ( false ) 
$Departure Location: Hyperspace
$Departure Cue: ( false ) 
$Determination: 10
+Flags: ( )
+Flags2: ( )
+Respawn priority: 0
+Orders Accepted: 0		;! note that this is a bitfield!!!
+Group: 0
+Use Table Score:
+Score: 12

$Name: Aquila 3		;! Object #10
$Class: SF Manticore
$Team: Hostile
$Location: -17498.234375, 84.499306, -8601.924805
$Orientation:
	-0.890846, 0.000000, -0.454306,
	0.000000, 1.000000, 0.000000,
	0.454306, 0.000000, -0.890846
$AI Behavior: None
$Cargo 1:  XSTR("Nothing", -1)
+Initial Velocity: 33
+Subsystem: Pilot
$Arrival Location: Hyperspace
$Arrival Cue: ( false ) 
$Departure Location: Hyperspace
$Departure Cue: ( false ) 
$Determination: 10
+Flags: ( )
+Flags2: ( )
+Respawn priority: 0
+Orders Accepted: 0		;! note that this is a bitfield!!!
+Group: 0
+Use Table Score:
+Score: 12

$Name: Aquila 4		;! Object #11
$Class: SF Manticore
$Team: Hostile
$Location: -17417.232422, 109.181190, -8514.237305
$Orientation:
	-0.890846, 0.000000, -0.454306,
	0.000000, 1.000000, 0.000000,
	0.454306, 0.000000, -0.890846
$AI Behavior: None
$Cargo 1:  XSTR("Nothing", -1)
+Initial Velocity: 33
+Subsystem: Pilot
$Arrival Location: Hyperspace
$Arrival Cue: ( false ) 
$Departure Location: Hyperspace
$Departure Cue: ( false ) 
$Determination: 10
+Flags: ( )
+Flags2: ( )
+Respawn priority: 0
+Orders Accepted: 0		;! note that this is a bitfield!!!
+Group: 0
+Use Table Score:
+Score: 12

$Name: Aquila 5		;! Object #12
$Class: SF Manticore
$Team: Hostile
$Location: -17547.732422, 115.327187, -8582.413086
$Orientation:
	-0.890846, 0.000000, -0.454306,
	0.000000, 1.000000, 0.000000,
	0.454306, 0.000000, -0.890846
$AI Behavior: None
$Cargo 1:  XSTR("Nothing", -1)
+Initial Velocity: 33
+Subsystem: Pilot
$Arrival Location: Hyperspace
$Arrival Cue: ( false ) 
$Departure Location: Hyperspace
$Departure Cue: ( false ) 
$Determination: 10
+Flags: ( )
+Flags2: ( )
+Respawn priority: 0
+Orders Accepted: 0		;! note that this is a bitfield!!!
+Group: 0
+Use Table Score:
+Score: 12

$Name: Boreas 1		;! Object #13
$Class: SF Manticore
$Team: Hostile
$Location: -17580.576172, 33.570717, -8539.874023
$Orientation:
	-0.881582, 0.000000, -0.472031,
	0.000000, 1.000000, 0.000000,
	0.472031, 0.000000, -0.881582
$AI Behavior: None
$Cargo 1:  XSTR("Nothing", -1)
+Initial Velocity: 33
+Subsystem: Pilot
$Arrival Location: Hyperspace
$Arrival Cue: ( false ) 
$Departure Location: Hyperspace
$Departure Cue: ( false ) 
$Determination: 10
+Flags: ( )
+Flags2: ( )
+Respawn priority: 0
+Orders Accepted: 0		;! note that this is a bitfield!!!
+Group: 0
+Use Table Score:
+Score: 12

$Name: Boreas 2		;! Object #14
$Class: SF Manticore
$Team: Hostile
$Location: -17646.492188, 32.876503, -8533.475586
$Orientation:
	-0.881582, 0.000000, -0.472031,
	0.000000, 1.000000, 0.000000,
	0.472031, 0.000000, -0.881582
$AI Behavior: None
$Cargo 1:  XSTR("Nothing", -1)
+Initial Velocity: 33
+Subsystem: Pilot
$Arrival Location: Hyperspace
$Arrival Cue: ( false ) 
$Departure Location: Hyperspace
$Departure Cue: ( false ) 
$Determination: 10
+Flags: ( )
+Flags2: ( )
+Respawn priority: 0
+Orders Accepted: 0		;! note that this is a bitfield!!!
+Group: 0
+Use Table Score:
+Score: 12

$Name: Boreas 3		;! Object #15
$Class: SF Manticore
$Team: Hostile
$Location: -17708.046875, 37.857948, -8571.881836
$Orientation:
	-0.881582, 0.000000, -0.472031,
	0.000000, 1.000000, 0.000000,
	0.472031, 0.000000, -0.881582
$AI Behavior: None
$Cargo 1:  XSTR("Nothing", -1)
+Initial Velocity: 33
+Subsystem: Pilot
$Arrival Location: Hyperspace
$Arrival Cue: ( false ) 
$Departure Location: Hyperspace
$Departure Cue: ( false ) 
$Determination: 10
+Flags: ( )
+Flags2: ( )
+Respawn priority: 0
+Orders Accepted: 0		;! note that this is a bitfield!!!
+Group: 0
+Use Table Score:
+Score: 12

$Name: Boreas 4		;! Object #16
$Class: SF Manticore
$Team: Hostile
$Location: -17726.517578, 56.147713, -8625.643555
$Orientation:
	-0.881582, 0.000000, -0.472031,
	0.000000, 1.000000, 0.000000,
	0.472031, 0.000000, -0.881582
$AI Behavior: None
$Cargo 1:  XSTR("Nothing", -1)
+Initial Velocity: 33
+Subsystem: Pilot
$Arrival Location: Hyperspace
$Arrival Cue: ( false ) 
$Departure Location: Hyperspace
$Departure Cue: ( false ) 
$Determination: 10
+Flags: ( )
+Flags2: ( )
+Respawn priority: 0
+Orders Accepted: 0		;! note that this is a bitfield!!!
+Group: 0
+Use Table Score:
+Score: 12

$Name: Boreas 5		;! Object #17
$Class: SF Manticore
$Team: Hostile
$Location: -17663.152344, 77.326668, -8587.280273
$Orientation:
	-0.881582, 0.000000, -0.472031,
	0.000000, 1.000000, 0.000000,
	0.472031, 0.000000, -0.881582
$AI Behavior: None
$Cargo 1:  XSTR("Nothing", -1)
+Initial Velocity: 33
+Subsystem: Pilot
$Arrival Location: Hyperspace
$Arrival Cue: ( false ) 
$Departure Location: Hyperspace
$Departure Cue: ( false ) 
$Determination: 10
+Flags: ( )
+Flags2: ( )
+Respawn priority: 0
+Orders Accepted: 0		;! note that this is a bitfield!!!
+Group: 0
+Use Table Score:
+Score: 12

$Name: Boreas 6		;! Object #18
$Class: SF Manticore
$Team: Hostile
$Location: -17610.773438, 91.998329, -8581.788086
$Orientation:
	-0.881582, 0.000000, -0.472031,
	0.000000, 1.000000, 0.000000,
	0.472031, 0.000000, -0.881582
$AI Behavior: None
$Cargo 1:  XSTR("Nothing", -1)
+Initial Velocity: 33
+Subsystem: Pilot
$Arrival Location: Hyperspace
$Arrival Cue: ( false ) 
$Departure Location: Hyperspace
$Departure Cue: ( false ) 
$Determination: 10
+Flags: ( )
+Flags2: ( )
+Respawn priority: 0
+Orders Accepted: 0		;! note that this is a bitfield!!!
+Group: 0
+Use Table Score:
+Score: 12

$Name: Carina 1		;! Object #19
$Class: SF Manticore
$Team: Hostile
$Location: -17478.117188, 56.147713, -8486.108398
$Orientation:
	-0.835589, 0.000000, -0.549355,
	0.000000, 1.000000, 0.000000,
	0.549355, 0.000000, -0.835589
$AI Behavior: None
$Cargo 1:  XSTR("Nothing", -1)
+Initial Velocity: 33
+Subsystem: Pilot
$Arrival Location: Hyperspace
$Arrival Cue: ( false ) 
$Departure Location: Hyperspace
$Departure Cue: ( false ) 
$Determination: 10
+Flags: ( )
+Flags2: ( )
+Respawn priority: 0
+Orders Accepted: 0		;! note that this is a bitfield!!!
+Group: 0
+Use Table Score:
+Score: 12

$Name: Carina 2		;! Object #20
$Class: SF Manticore
$Team: Hostile
$Location: -17473.222656, 37.770058, -8425.949219
$Orientation:
	-0.835589, 0.000000, -0.549355,
	0.000000, 1.000000, 0.000000,
	0.549355, 0.000000, -0.835589
$AI Behavior: None
$Cargo 1:  XSTR("Nothing", -1)
+Initial Velocity: 33
+Subsystem: Pilot
$Arrival Location: Hyperspace
$Arrival Cue: ( false ) 
$Departure Location: Hyperspace
$Departure Cue: ( false ) 
$Determination: 10
+Flags: ( )
+Flags2: ( )
+Respawn priority: 0
+Orders Accepted: 0		;! note that this is a bitfield!!!
+Group: 0
+Use Table Score:
+Score: 12

$Name: Carina 3		;! Object #21
$Class: SF Manticore
$Team: Hostile
$Location: -17404.357422, 56.147713, -8409.841797
$Orientation:
	-0.835589, 0.000000, -0.549355,
	0.000000, 1.000000, 0.000000,
	0.549355, 0.000000, -0.835589
$AI Behavior: None
$Cargo 1:  XSTR("Nothing", -1)
+Initial Velocity: 33
+Subsystem: Pilot
$Arrival Location: Hyperspace
$Arrival Cue: ( false ) 
$Departure Location: Hyperspace
$Departure Cue: ( false ) 
$Determination: 10
+Flags: ( )
+Flags2: ( )
+Respawn priority: 0
+Orders Accepted: 0		;! note that this is a bitfield!!!
+Group: 0
+Use Table Score:
+Score: 12

$Name: Aquila 1		;! Object #22
$Class: SF Manticore
$Team: Hostile
$Location: -17453.164063, 103.511024, -8592.402344
$Orientation:
	-0.858527, 0.000000, -0.512769,
	0.000000, 1.000000, 0.000000,
	0.512770, 0.000000, -0.858527
$AI Behavior: None
$Cargo 1:  XSTR("Nothing", -1)
+Initial Velocity: 33
+Subsystem: Pilot
$Arrival Location: Hyperspace
$Arrival Cue: ( false ) 
$Departure Location: Hyperspace
$Departure Cue: ( false ) 
$Determination: 10
+Flags: ( )
+Flags2: ( )
+Respawn priority: 0
+Orders Accepted: 0		;! note that this is a bitfield!!!
+Group: 0
+Use Table Score:
+Score: 12

$Name: Carina 4		;! Object #23
$Class: SF Manticore
$Team: Hostile
$Location: -17350.619141, 23.553139, -8404.672852
$Orientation:
	-0.835589, 0.000000, -0.549355,
	0.000000, 1.000000, 0.000000,
	0.549355, 0.000000, -0.835589
$AI Behavior: None
$Cargo 1:  XSTR("Nothing", -1)
+Initial Velocity: 33
+Subsystem: Pilot
$Arrival Location: Hyperspace
$Arrival Cue: ( false ) 
$Departure Location: Hyperspace
$Departure Cue: ( false ) 
$Determination: 10
+Flags: ( )
+Flags2: ( )
+Respawn priority: 0
+Orders Accepted: 0		;! note that this is a bitfield!!!
+Group: 0
+Use Table Score:
+Score: 12

$Name: Carina 5		;! Object #24
$Class: SF Manticore
$Team: Hostile
$Location: -17333.855469, 10.752968, -8345.811523
$Orientation:
	-0.835589, 0.000000, -0.549355,
	0.000000, 1.000000, 0.000000,
	0.549355, 0.000000, -0.835589
$AI Behavior: None
$Cargo 1:  XSTR("Nothing", -1)
+Initial Velocity: 33
+Subsystem: Pilot
$Arrival Location: Hyperspace
$Arrival Cue: ( false ) 
$Departure Location: Hyperspace
$Departure Cue: ( false ) 
$Determination: 10
+Flags: ( )
+Flags2: ( )
+Respawn priority: 0
+Orders Accepted: 0		;! note that this is a bitfield!!!
+Group: 0
+Use Table Score:
+Score: 12

$Name: Carina 6		;! Object #25
$Class: SF Manticore
$Team: Hostile
$Location: -17394.441406, 85.911415, -8448.581055
$Orientation:
	-0.835589, 0.000000, -0.549355,
	0.000000, 1.000000, 0.000000,
	0.549355, 0.000000, -0.835589
$AI Behavior: None
$Cargo 1:  XSTR("Nothing", -1)
+Initial Velocity: 33
+Subsystem: Pilot
$Arrival Location: Hyperspace
$Arrival Cue: ( false ) 
$Departure Location: Hyperspace
$Departure Cue: ( false ) 
$Determination: 10
+Flags: ( )
+Flags2: ( )
+Respawn priority: 0
+Orders Accepted: 0		;! note that this is a bitfield!!!
+Group: 0
+Use Table Score:
+Score: 12

$Name: King Herkie		;! Object #26
$Class: SJ Sathanas
$Team: Hostile
$Location: -22908.220703, -0.006867, -179.763306
$Orientation:
	-0.837335, 0.000000, -0.546691,
	0.000000, 1.000000, 0.000000,
	0.546691, 0.000000, -0.837335
$AI Behavior: None
+AI Class: BP2-General
$AI Goals: ( goals ( ai-chase "alpha 1" 89 ) )
$Cargo 1:  XSTR("Nothing", -1)
+Initial Velocity: 33
+Initial Hull: 100
+Initial Shields: 100
+Subsystem: Pilot
+Subsystem: turret01
+Subsystem: turret02
+Subsystem: turret03
+Subsystem: turret04
+Subsystem: turret05
+Subsystem: turret06
+Subsystem: turret07
+Subsystem: turret08
+Subsystem: turret09
+Subsystem: turret10
+Subsystem: turret11
+Subsystem: turret12
+Subsystem: turret13
+Subsystem: turret14
+Subsystem: turret15
+Subsystem: turret16
+Subsystem: turret17
+Subsystem: turret18
+Subsystem: turret19
+Subsystem: turret20
+Subsystem: turret21
+Subsystem: turret22
+Subsystem: turret23
+Subsystem: turret24
+Subsystem: turret25
+Subsystem: turret26
+Subsystem: turret27
+Subsystem: turret28
+Subsystem: turret29
+Subsystem: turret30
+Subsystem: turret31
+Subsystem: turret32
+Subsystem: turret33
+Subsystem: turret34
+Subsystem: turret35
+Subsystem: turret36
+Subsystem: turret37
+Subsystem: turret38
+Subsystem: turret39
+Subsystem: turret40
+Subsystem: turret41
+Subsystem: turret42
+Subsystem: turret43
+Subsystem: turret44
+Subsystem: turret45
+Subsystem: turret46
+Subsystem: turret47
+Subsystem: turret48
+Subsystem: turret49
+Subsystem: turret50
+Subsystem: turret51
+Subsystem: turret52
+Subsystem: turret53
$Arrival Location: Hyperspace
$Arrival Cue: ( is-event-true-delay 
   "Doom is certain!" 
   0 
)
$Departure Location: Hyperspace
$Departure Cue: ( false ) 
$Determination: 10
+Flags: ( "no-shields" )
+Flags2: ( "hide-ship-name" )
+Respawn priority: 0
+Group: 0
+Use Table Score:
+Score: 10000

$Name: SF Manticore 32		;! Object #27
$Class: SF Manticore
$Team: Hostile
$Location: -21903.416016, 429.182037, 5228.795410
$Orientation:
	-0.555699, 0.000000, 0.831384,
	0.000000, 1.000000, 0.000000,
	-0.831383, 0.000000, -0.555699
$AI Behavior: None
+AI Class: BP2-General
$AI Goals: ( goals ( ai-chase "alpha 1" 50 ) )
$Cargo 1:  XSTR("Nothing", -1)
+Initial Velocity: 33
+Subsystem: Pilot
$Arrival Location: Near Ship
+Arrival Distance: 700
$Arrival Anchor: <any friendly>
+Arrival Delay: 5
$Arrival Cue: ( is-event-true-delay 
   "Doom is certain!" 
   0 
)
$Departure Location: Hyperspace
$Departure Cue: ( false ) 
$Determination: 10
+Flags: ( )
+Flags2: ( "hide-ship-name" )
+Respawn priority: 0
+Orders Accepted: 0		;! note that this is a bitfield!!!
+Group: 0
+Use Table Score:
+Score: 12

$Name: SF Manticore 33		;! Object #28
$Class: SF Manticore
$Team: Hostile
$Location: -22162.587891, 151.510208, 5165.685547
$Orientation:
	-0.555699, 0.000000, 0.831384,
	0.000000, 1.000000, 0.000000,
	-0.831383, 0.000000, -0.555699
$AI Behavior: None
+AI Class: BP2-General
$AI Goals: ( goals ( ai-chase "alpha 1" 50 ) )
$Cargo 1:  XSTR("Nothing", -1)
+Initial Velocity: 33
+Subsystem: Pilot
$Arrival Location: Near Ship
+Arrival Distance: 700
$Arrival Anchor: <any friendly>
+Arrival Delay: 5
$Arrival Cue: ( is-event-true-delay 
   "Doom is certain!" 
   0 
)
$Departure Location: Hyperspace
$Departure Cue: ( false ) 
$Determination: 10
+Flags: ( )
+Flags2: ( "hide-ship-name" )
+Respawn priority: 0
+Orders Accepted: 0		;! note that this is a bitfield!!!
+Group: 0
+Use Table Score:
+Score: 12

$Name: SF Manticore 34		;! Object #29
$Class: SF Manticore
$Team: Hostile
$Location: -22568.273438, 383.685791, 5115.866699
$Orientation:
	-0.555699, 0.000000, 0.831384,
	0.000000, 1.000000, 0.000000,
	-0.831383, 0.000000, -0.555699
$AI Behavior: None
+AI Class: BP2-General
$AI Goals: ( goals ( ai-chase "alpha 1" 50 ) )
$Cargo 1:  XSTR("Nothing", -1)
+Initial Velocity: 33
+Subsystem: Pilot
$Arrival Location: Near Ship
+Arrival Distance: 700
$Arrival Anchor: <any friendly>
+Arrival Delay: 5
$Arrival Cue: ( is-event-true-delay 
   "Doom is certain!" 
   0 
)
$Departure Location: Hyperspace
$Departure Cue: ( false ) 
$Determination: 10
+Flags: ( )
+Flags2: ( "hide-ship-name" )
+Respawn priority: 0
+Orders Accepted: 0		;! note that this is a bitfield!!!
+Group: 0
+Use Table Score:
+Score: 12

$Name: SF Manticore 35		;! Object #30
$Class: SF Manticore
$Team: Hostile
$Location: -22909.558594, 189.315659, 5041.057617
$Orientation:
	-0.555699, 0.000000, 0.831384,
	0.000000, 1.000000, 0.000000,
	-0.831383, 0.000000, -0.555699
$AI Behavior: None
+AI Class: BP2-General
$AI Goals: ( goals ( ai-chase "alpha 1" 50 ) )
$Cargo 1:  XSTR("Nothing", -1)
+Initial Velocity: 33
+Subsystem: Pilot
$Arrival Location: Near Ship
+Arrival Distance: 700
$Arrival Anchor: <any friendly>
+Arrival Delay: 5
$Arrival Cue: ( is-event-true-delay 
   "Doom is certain!" 
   0 
)
$Departure Location: Hyperspace
$Departure Cue: ( false ) 
$Determination: 10
+Flags: ( )
+Flags2: ( "hide-ship-name" )
+Respawn priority: 0
+Orders Accepted: 0		;! note that this is a bitfield!!!
+Group: 0
+Use Table Score:
+Score: 12

$Name: SF Manticore 36		;! Object #31
$Class: SF Manticore
$Team: Hostile
$Location: -21878.593750, 242.626419, 5887.636230
$Orientation:
	-0.555699, 0.000000, 0.831384,
	0.000000, 1.000000, 0.000000,
	-0.831383, 0.000000, -0.555699
$AI Behavior: None
+AI Class: BP2-General
$AI Goals: ( goals ( ai-chase "alpha 1" 50 ) )
$Cargo 1:  XSTR("Nothing", -1)
+Initial Velocity: 33
+Subsystem: Pilot
$Arrival Location: Near Ship
+Arrival Distance: 700
$Arrival Anchor: <any friendly>
+Arrival Delay: 5
$Arrival Cue: ( is-event-true-delay 
   "Doom is certain!" 
   0 
)
$Departure Location: Hyperspace
$Departure Cue: ( false ) 
$Determination: 10
+Flags: ( )
+Flags2: ( "hide-ship-name" )
+Respawn priority: 0
+Orders Accepted: 0		;! note that this is a bitfield!!!
+Group: 0
+Use Table Score:
+Score: 12

$Name: SF Manticore 37		;! Object #32
$Class: SF Manticore
$Team: Hostile
$Location: -22180.654297, 479.202087, 5817.277832
$Orientation:
	-0.555699, 0.000000, 0.831384,
	0.000000, 1.000000, 0.000000,
	-0.831383, 0.000000, -0.555699
$AI Behavior: None
+AI Class: BP2-General
$AI Goals: ( goals ( ai-chase "alpha 1" 50 ) )
$Cargo 1:  XSTR("Nothing", -1)
+Initial Velocity: 33
+Subsystem: Pilot
$Arrival Location: Near Ship
+Arrival Distance: 700
$Arrival Anchor: <any friendly>
+Arrival Delay: 5
$Arrival Cue: ( is-event-true-delay 
   "Doom is certain!" 
   0 
)
$Departure Location: Hyperspace
$Departure Cue: ( false ) 
$Determination: 10
+Flags: ( )
+Flags2: ( "hide-ship-name" )
+Respawn priority: 0
+Orders Accepted: 0		;! note that this is a bitfield!!!
+Group: 0
+Use Table Score:
+Score: 12

$Name: SF Manticore 38		;! Object #33
$Class: SF Manticore
$Team: Hostile
$Location: -22645.015625, 162.744766, 5748.947754
$Orientation:
	-0.555699, 0.000000, 0.831384,
	0.000000, 1.000000, 0.000000,
	-0.831383, 0.000000, -0.555699
$AI Behavior: None
+AI Class: BP2-General
$AI Goals: ( goals ( ai-chase "alpha 1" 50 ) )
$Cargo 1:  XSTR("Nothing", -1)
+Initial Velocity: 33
+Subsystem: Pilot
$Arrival Location: Near Ship
+Arrival Distance: 700
$Arrival Anchor: <any friendly>
+Arrival Delay: 5
$Arrival Cue: ( is-event-true-delay 
   "Doom is certain!" 
   0 
)
$Departure Location: Hyperspace
$Departure Cue: ( false ) 
$Determination: 10
+Flags: ( )
+Flags2: ( "hide-ship-name" )
+Respawn priority: 0
+Orders Accepted: 0		;! note that this is a bitfield!!!
+Group: 0
+Use Table Score:
+Score: 12

$Name: SF Manticore 39		;! Object #34
$Class: SF Manticore
$Team: Hostile
$Location: -23191.289063, -332.739502, 5531.320801
$Orientation:
	-0.555699, 0.000000, 0.831384,
	0.000000, 1.000000, 0.000000,
	-0.831383, 0.000000, -0.555699
$AI Behavior: None
+AI Class: BP2-General
$AI Goals: ( goals ( ai-chase "alpha 1" 50 ) )
$Cargo 1:  XSTR("Nothing", -1)
+Initial Velocity: 33
+Subsystem: Pilot
$Arrival Location: Near Ship
+Arrival Distance: 700
$Arrival Anchor: <any friendly>
+Arrival Delay: 5
$Arrival Cue: ( is-event-true-delay 
   "Doom is certain!" 
   0 
)
$Departure Location: Hyperspace
$Departure Cue: ( false ) 
$Determination: 10
+Flags: ( )
+Flags2: ( "hide-ship-name" )
+Respawn priority: 0
+Orders Accepted: 0		;! note that this is a bitfield!!!
+Group: 0
+Use Table Score:
+Score: 12

$Name: SF Manticore 40		;! Object #35
$Class: SF Manticore
$Team: Hostile
$Location: -23869.414063, -369.018890, 5312.406250
$Orientation:
	-0.555699, 0.000000, 0.831384,
	0.000000, 1.000000, 0.000000,
	-0.831383, 0.000000, -0.555699
$AI Behavior: None
+AI Class: BP2-General
$AI Goals: ( goals ( ai-chase "alpha 1" 50 ) )
$Cargo 1:  XSTR("Nothing", -1)
+Initial Velocity: 33
+Subsystem: Pilot
$Arrival Location: Near Ship
+Arrival Distance: 700
$Arrival Anchor: <any friendly>
+Arrival Delay: 5
$Arrival Cue: ( is-event-true-delay 
   "Doom is certain!" 
   0 
)
$Departure Location: Hyperspace
$Departure Cue: ( false ) 
$Determination: 10
+Flags: ( )
+Flags2: ( "hide-ship-name" )
+Respawn priority: 0
+Orders Accepted: 0		;! note that this is a bitfield!!!
+Group: 0
+Use Table Score:
+Score: 12

$Name: SF Manticore 41		;! Object #36
$Class: SF Manticore
$Team: Hostile
$Location: -23728.984375, -104.524826, 5683.626465
$Orientation:
	-0.555699, 0.000000, 0.831384,
	0.000000, 1.000000, 0.000000,
	-0.831383, 0.000000, -0.555699
$AI Behavior: None
+AI Class: BP2-General
$AI Goals: ( goals ( ai-chase "alpha 1" 50 ) )
$Cargo 1:  XSTR("Nothing", -1)
+Initial Velocity: 33
+Subsystem: Pilot
$Arrival Location: Near Ship
+Arrival Distance: 700
$Arrival Anchor: <any friendly>
+Arrival Delay: 5
$Arrival Cue: ( is-event-true-delay 
   "Doom is certain!" 
   0 
)
$Departure Location: Hyperspace
$Departure Cue: ( false ) 
$Determination: 10
