#Mission Info

$Version: 0.10
$Name:  XSTR("Space Superiority", -1)
$Author: Herkie Del Socorro
$Created: 06/19/11 at 16:47:18
$Modified: 09/27/20 at 04:59:40
$Notes:
This is a FRED2_OPEN created mission.
$End Notes:

$Mission Desc:
 XSTR("August 14, 2370. The Titan is under attack by Shivan squadrons. The Shivans are now alerted of the GTVA's presence in Shiva.
", -1)
$end_multi_text
+Game Type Flags: 1
+Flags: 393288
+Fog Near Mult: 1.000000

+Fog Far Mult: 1.000000

+Disallow Support: 0
+Hull Repair Ceiling: 20.000000
+Subsystem Repair Ceiling: 100.000000

+Viewer pos: 1952.330322, -171.116364, -135.803711
+Viewer orient:
	0.989682, 0.000005, 0.143280,
	-0.018453, 0.991676, 0.127427,
	-0.142087, -0.128756, 0.981445


$Load Screen 640:	LoadAct4Sa.dds
$Load Screen 1024:	LoadAct4La.dds

$Skybox Model: earthskybox.pof

$AI Profile: AF1

#Sexp_variables

$Variables:
(
		0		"TitanStillHere"		"0"		"number"
)
#Fiction Viewer

$File: LogA4F.txt
$Font: font01.vf

#Command Briefing

$Stage Text:
 XSTR("$B{ To the 77th Dark Angels. $}

This is $B{ Rear Admiral James Richards $} of the $G GTD $G Titan. We are currently conducting our final recon of the perimeter near the far side of $Y Shiva's $Y moon. It has been decided that this will be the staging area of the $G GTVA $G battle groups. This sector must be secured for our attack on the $Y Shivan $Y home $Y world. Our final war with the $R Shivans must end here.

But just yesterday, an $R{ enemy patrol craft $} escaped from the clutches of our $G 76th $G Squadron. Their failure to eliminate this enemy created a big problem for our spearhead assault. No doubt the planet's entire forces are already alerted and it will be very difficult for us. So much for the element of surprise. $V{ We must now expect a massive retaliation. $}

As we speak $b 6 $b battle groups are already on route here to reinforce our position. We must hold our ground until the other fleet groups arrive.  If we cannot gain our foothold here, there will be no choice but to retreat back to $Y Gamma $Y Draconis.", -1)
$end_multi_text
$Ani Filename: cb_HQ.ani
+Wave Filename: none

#Briefing
$start_briefing
$num_stages: 1
$start_stage
$multi_text
 XSTR("$R{RED ALERT!  RED ALERT! ALL PILOTS TO THE HANGAR NOW!
WE ARE UNDER ATTACK BY SQUADRONS OF ENEMY FIGHTERS! $}", -1)
$end_multi_text
$voice: none.wav
$camera_pos: 695.341980, 21122.615234, 3773.932617
$camera_orient:
	-1.000000, -0.000000, -0.000677,
	0.000674, 0.084834, -0.996395,
	0.000058, -0.996395, -0.084834
$camera_time: 500
$num_lines: 0
$num_icons: 8
$Flags: 0
$Formula: ( true ) 
$start_icon
$type: 6
$team: Friendly
$class: GTDc Titan
$pos: 1616.962158, 0.000084, 1230.479248
$label: Titan
+id: 2
$hlight: 0
$mirror: 1
$multi_text
$end_multi_text
$end_icon
$start_icon
$type: 1
$team: Friendly
$class: GTCv Babylon
$pos: 3985.051025, -4211.861328, 2634.799072
$label: Babylon
+id: 3
$hlight: 0
$mirror: 1
$multi_text
$end_multi_text
$end_icon
$start_icon
$type: 1
$team: Hostile
$class: SF Manticore
$pos: 3005.689453, 96.193848, -722.232605
$label: Shivan Squadron
+id: 4
$hlight: 0
$mirror: 0
$multi_text
$end_multi_text
$end_icon
$start_icon
$type: 1
$team: Hostile
$class: SF Manticore
$pos: 6465.180176, 1547.670288, 225.877335
$label: Shivan Squadron
+id: 5
$hlight: 0
$mirror: 0
$multi_text
$end_multi_text
$end_icon
$start_icon
$type: 1
$team: Hostile
$class: SF Manticore
$pos: 5161.824707, 773.834595, 4842.329102
$label: Shivan Squadron
+id: 6
$hlight: 0
$mirror: 0
$multi_text
$end_multi_text
$end_icon
$start_icon
$type: 1
$team: Hostile
$class: SF Manticore
$pos: 655.119568, -2837.211914, 4714.145508
$label: Shivan Squadron
+id: 7
$hlight: 0
$mirror: 0
$multi_text
$end_multi_text
$end_icon
$start_icon
$type: 1
$team: Hostile
$class: SF Manticore
$pos: 8593.123047, -2105.947998, 2384.326660
$label: Shivan Squadron
+id: 8
$hlight: 0
$mirror: 0
$multi_text
$end_multi_text
$end_icon
$start_icon
$type: 7
$team: Unknown
$class: SF Manticore
$pos: -3970.754395, -2009.756104, 2227.086182
$label: Shiva
+id: 9
$hlight: 0
$mirror: 0
$multi_text
$end_multi_text
$end_icon
$end_stage
$end_briefing

#Debriefing_info

$Num stages: 4

$Formula: ( and 
   ( is-goal-true-delay 
      "Protect the Titan" 
      0 
   )
   ( is-goal-true-delay 
      "Protect the Diomedes" 
      0 
   )
)
$Multi text
    XSTR("$B{To Lt. Commander John Richter
77th Dark Angel Squadron $}

Great job, Commander. Both of our warships have successfully escaped. It was almost a miracle. Outstanding effort in your part. You have faced the peril inside the enemy's home and made it out of there. The importance of the $G Titan is critical in our campaign. And to maintain our military might, we must not, as much as possible, lose any of our vessels.

The $G{ GTVA battle groups $} on route to our position are now making their retreat to $Y Gamma $Y Draconis. It was a miscalculation in our part. The lesson we have learned is that we cannot just barge into an enemy territory without sure knowledge of the extent of the enemy's force. The scans we have obtained from the planet was not entirely conclusive because it was done hastily. We have greatly underestimated the $R Shivans. The council of the $b GTVA is now having an emergency meeting on how to restructure our strategy in order to eliminate the Shivan threat.

But we are not out of the bushes yet. We still have to make our way to the $V Shivan $V knossos to escape the system and the enemy will be relentless in pursuing us. Be ready, commander. Talk to your men.

$B{Rear Admiral James Richards
Commander of the GTD Titan $}", -1)
$end_multi_text
$Voice: none.wav
$Recommendation text:
    XSTR("", -1)
$end_multi_text

$Formula: ( and 
   ( is-goal-true-delay 
      "Protect the Titan" 
      0 
   )
   ( is-goal-false-delay 
      "Protect the Diomedes" 
      0 
   )
)
$Multi text
    XSTR("$B{To Lt. Commander John Richter
77th Dark Angel Squadron $}

Good job, Commander. You have saved the Titan from eminent destruction. Because of your dedication, the carrier was able to escape from the clutches of the enemy fleet. Unfortunately, we have lost the Babylon. If we are to maintain our military might, we must, as much as possible, lessen our loses.

The $G{ GTVA battle groups $} on route to our position are now making their retreat to $Y Gamma $Y Draconis. It was a miscalculation in our part. The lesson we have learned is we cannot just barge into an enemy territory without sure knowledge of the extent of the enemy's force. The scans we have obtained from the planet was not entirely conclusive. We have greatly underestimated the $R Shivans. The council of the GTVA is now having an emergency meeting on how to restructure our strategy in order to eliminate the Shivan threat.

But we are not out of the bushes yet. We still have to make our way to the Shivan knossos and the enemy will be relentless in pursuing us. Be ready, commander.

$B{Rear Admiral James Richards
Commander of the GTD Titan $}", -1)
$end_multi_text
$Voice: none.wav
$Recommendation text:
    XSTR("", -1)
$end_multi_text

$Formula: ( and 
   ( is-goal-false-delay 
      "Protect the Titan" 
      0 
   )
   ( is-goal-false-delay 
      "Protect the Diomedes" 
      0 
   )
)
$Multi text
    XSTR("$B{To Lt. Commander John Richter
77th Dark Angel Squadron $}

Mission failed. The loss of the carrier is a big blow to the 7th Battlegroup and such a loss is unacceptable to the GTVA. As a squadron commander, you should have employed all the necessary means to defend and save the ship. It is your duty to ensure the safety of the $G Titan. Therefore, you are hereby removed of your rank and status as a military pilot and all the benefits herewith will be revoked.

$B{The GTVA High Command $}", -1)
$end_multi_text
$Voice: none.wav
$Recommendation text:
    XSTR("Try to draw the enemy fire from the Titan during the second wave. Head out far to the enemy's jump entry point, commanding your squadron to form on you. It should save some hit points for the Titan. ", -1)
$end_multi_text

$Formula: ( and 
   ( is-goal-false-delay 
      "Protect the Titan" 
      0 
   )
   ( is-goal-true-delay 
      "Protect the Diomedes" 
      0 
   )
)
$Multi text
    XSTR("$B{To Lt. Commander John Richter
77th Dark Angel Squadron $}

Mission failed. Although we have saved the GTCv Babylon, the loss of the carrier is a big blow to the 7th Battlegroup and such a loss is unacceptable to the GTVA. As a squadron commander, you should have employed all the necessary means to defend and save the ship. It is your duty to ensure the safety of the $G Titan. Therefore, you are hereby removed of your rank and status as a military pilot and all the benefits herewith will be revoked.

$B{The GTVA High Command $} ", -1)
$end_multi_text
$Voice: none.wav
$Recommendation text:
    XSTR("Try to draw the enemy fire from the Titan during the second wave. Head out far to the enemy's jump entry point, commanding your squadron to form on you. It should save some hit points for the Titan. ", -1)
$end_multi_text

#Alternate Types:
$Alt: Unkown
$Alt: Unkown Class

#end


#Players		;! 1 total

$Starting Shipname: alpha 1
$Ship Choices: (
)

+Weaponry Pool: (
	"MorningStar D"	16
	"Maxim"	0
	"UD-8 Kayser"	8
	"Skyrail"	4
	"Ripper"	8
	"Devastator"	4
	"Hornet"	0
	"Tornado"	640
	"Screamer"	3360
	"Hunter"	320
)

#Objects		;! 249 total

$Name: alpha 1		;! Object #0
$Class: GTF Phoenix
$Team: Friendly
$Location: 1948.271484, -175.603577, -112.122429
$Orientation:
	0.977591, 0.029995, 0.208366,
	-0.087722, 0.957813, 0.273679,
	-0.191367, -0.285824, 0.938980
$AI Behavior: None
$Cargo 1:  XSTR("Nothing", -1)
+Initial Hull: 100
+Subsystem: Pilot
+Primary Banks: ( "UD-8 Kayser" "Ripper" )
+Secondary Banks: ( "Screamer" "Tornado" )
$Arrival Location: Hyperspace
$Arrival Cue: ( false ) 
$Departure Location: Hyperspace
$Departure Cue: ( false ) 
$Determination: 10
+Flags: ( "cargo-known" "player-start" )
+Flags2: ( )
+Respawn priority: 0
+Special Hitpoints: 1500
+Special Shield Points: 1000
+Orders Accepted: 33023		;! note that this is a bitfield!!!
+Group: 0
+Score: 8

$Name: Titan		;! Object #1
$Class: GTDc Titan
$Team: Friendly
$Location: 1011.396851, 0.000000, -321.025085
$Orientation:
	0.199893, 0.279527, -0.939100,
	-0.077728, 0.959947, 0.269187,
	0.976731, 0.019186, 0.213614
$AI Behavior: None
$Cargo 1:  XSTR("Nothing", -1)
+Initial Hull: 100
+Initial Shields: 100
+Subsystem: Pilot
+Subsystem: turret01
+Subsystem: turret02
+Subsystem: turret03
+Subsystem: turret04
+Subsystem: turret05
+Subsystem: turret06
+Subsystem: turret07
+Subsystem: turret08
+Subsystem: turret09
+Subsystem: turret10
+Subsystem: turret11
+Subsystem: turret12
+Subsystem: turret13
+Subsystem: turret14
+Subsystem: turret15
+Subsystem: turret16
+Subsystem: turret17
+Subsystem: turret18
+Subsystem: turret19
+Subsystem: turret20
+Subsystem: turret21
+Subsystem: turret22
+Subsystem: turret23
+Subsystem: turret24
+Subsystem: turret25
+Subsystem: turret26
+Subsystem: turret27
+Subsystem: turret28
+Subsystem: turret29
+Subsystem: turret30
+Subsystem: turret31
+Subsystem: turret32
+Subsystem: turret33
+Subsystem: turret34
+Subsystem: turret35
+Subsystem: turret36
+Subsystem: turret37
+Subsystem: turret38
+Subsystem: turret39
+Subsystem: turret40
+Subsystem: turret41
+Subsystem: turret42
+Subsystem: turret43
+Subsystem: turret44
+Subsystem: turret45
+Subsystem: turret46
+Subsystem: turret47
+Subsystem: turret48
+Subsystem: turret49
+Subsystem: turret50
+Subsystem: turret51
+Subsystem: turret52
+Subsystem: turret53
+Subsystem: turret54
$Arrival Location: Hyperspace
$Arrival Cue: ( true ) 
$Departure Location: Hyperspace
$Departure Cue: ( are-waypoints-done-delay 
   "Titan" 
   "Titan escape route" 
   0 
)
$Determination: 10
+Flags: ( "cargo-known" "no-shields" "escort" )
+Flags2: ( )
+Respawn priority: 0
+Escort priority: 1
+Orders Accepted: 0		;! note that this is a bitfield!!!
+Group: 0
+Score: 1000

$Name: alpha 2		;! Object #2
$Class: GTF Phoenix
$Team: Friendly
$Location: 1925.793091, -156.801270, 199.969009
$Orientation:
	0.991364, -0.019999, 0.129608,
	-0.010246, 0.973472, 0.228578,
	-0.130741, -0.227932, 0.964860
$AI Behavior: None
+AI Class: Colonel
$Cargo 1:  XSTR("Nothing", -1)
+Initial Hull: 100
+Subsystem: Pilot
+Primary Banks: ( "UD-8 Kayser" "Ripper" )
+Secondary Banks: ( "Screamer" "Tornado" )
$Arrival Location: Hyperspace
$Arrival Cue: ( false ) 
$Departure Location: Hyperspace
$Departure Cue: ( false ) 
$Determination: 10
+Flags: ( "cargo-known" )
+Flags2: ( )
+Respawn priority: 0
+Special Hitpoints: 1500
+Special Shield Points: 1000
+Orders Accepted: 33023		;! note that this is a bitfield!!!
+Group: 0
+Score: 12

$Name: alpha 3		;! Object #3
$Class: GTF Phoenix
$Team: Friendly
$Location: 1943.971313, -144.388702, 184.840866
$Orientation:
	0.966390, -0.092964, 0.239683,
	0.000000, 0.932327, 0.361615,
	-0.257080, -0.349462, 0.900992
$AI Behavior: None
+AI Class: Colonel
$Cargo 1:  XSTR("Nothing", -1)
+Initial Hull: 100
+Subsystem: Pilot
+Primary Banks: ( "UD-8 Kayser" "Ripper" )
+Secondary Banks: ( "Screamer" "Tornado" )
$Arrival Location: Hyperspace
$Arrival Cue: ( false ) 
$Departure Location: Hyperspace
$Departure Cue: ( false ) 
$Determination: 10
+Flags: ( "cargo-known" )
+Flags2: ( )
+Respawn priority: 0
+Special Hitpoints: 1500
+Special Shield Points: 1000
+Orders Accepted: 33023		;! note that this is a bitfield!!!
+Group: 0
+Score: 12
+Persona Index: 3

$Name: alpha 4		;! Object #4
$Class: GTF Phoenix
$Team: Friendly
$Location: 1909.608887, -150.720566, 180.817734
$Orientation:
	1.000000, 0.000000, 0.000000,
	0.000000, 0.955337, 0.295520,
	0.000000, -0.295520, 0.955337
$AI Behavior: None
+AI Class: Colonel
$Cargo 1:  XSTR("Nothing", -1)
+Initial Hull: 100
+Subsystem: Pilot
+Primary Banks: ( "UD-8 Kayser" "Ripper" )
+Secondary Banks: ( "Screamer" "Tornado" )
$Arrival Location: Hyperspace
$Arrival Cue: ( false ) 
$Departure Location: Hyperspace
$Departure Cue: ( false ) 
$Determination: 10
+Flags: ( "cargo-known" )
+Flags2: ( )
+Respawn priority: 0
+Special Hitpoints: 1500
+Special Shield Points: 1000
+Orders Accepted: 33023		;! note that this is a bitfield!!!
+Group: 0
+Score: 12
+Persona Index: 2

$Name: Babylon		;! Object #5
$Class: GTCv Babylon
$Team: Friendly
$Location: 460.674500, -510.088257, 445.781128
$Orientation:
	0.304289, 0.228333, -0.924810,
	-0.099833, 0.973145, 0.207419,
	0.947335, 0.029212, 0.318913
$AI Behavior: None
$Cargo 1:  XSTR("Nothing", -1)
+Initial Hull: 100
+Initial Shields: 100
+Subsystem: Pilot
+Subsystem: turret01
+Subsystem: turret02
+Subsystem: turret03
+Subsystem: turret04
+Subsystem: turret05
+Subsystem: turret06
+Subsystem: turret07
+Subsystem: turret08
+Subsystem: turret09
+Subsystem: turret10
+Subsystem: turret11
+Subsystem: turret12
+Subsystem: turret13
+Subsystem: turret14
+Subsystem: turret15
+Subsystem: turret16
+Subsystem: turret17
+Subsystem: turret18
+Subsystem: turret19
+Subsystem: turret20
+Subsystem: turret21
+Subsystem: turret22
$Arrival Location: Hyperspace
$Arrival Cue: ( true ) 
$Departure Location: Hyperspace
$Departure Cue: ( are-waypoints-done-delay 
   "Babylon" 
   "Diomedes escape route" 
   0 
)
$Determination: 10
+Flags: ( "cargo-known" "no-shields" "escort" "guardian" )
+Flags2: ( )
+Respawn priority: 0
+Escort priority: 0
+Orders Accepted: 0		;! note that this is a bitfield!!!
+Group: 0
+Score: 8

$Name: Burunda		;! Object #6
$Class: SC Rakshasa
$Team: Hostile
$Location: 4191.399902, 2674.899902, -2031.900024
$Orientation:
	0.550004, 0.000000, 0.835162,
	-0.599448, 0.696289, 0.394772,
	-0.581514, -0.717762, 0.382961
$AI Behavior: None
+AI Class: BP2-Captain
$AI Goals: ( goals ( ai-waypoints-once "Rakshasha 6 point" 50 ) )
$Cargo 1:  XSTR("Nothing", -1)
+Initial Velocity: 33
+Initial Hull: 100
+Initial Shields: 100
+Subsystem: Pilot
+Subsystem: turret01
+Subsystem: turret02
+Subsystem: turret03
+Subsystem: turret04
+Subsystem: turret05
+Subsystem: turret06
+Subsystem: turret07
+Subsystem: turret08
+Subsystem: turret09
+Subsystem: turret10
+Subsystem: turret11
+Subsystem: turret12
+Subsystem: turret13
+Subsystem: turret14
$Arrival Location: Hyperspace
+Arrival Delay: 10
$Arrival Cue: ( is-event-true-delay 
   "still more coming in" 
   0 
)
$Departure Location: Hyperspace
$Departure Cue: ( false ) 
$Determination: 10
+Flags: ( "no-shields" )
+Flags2: ( )
+Respawn priority: 0
+Orders Accepted: 0		;! note that this is a bitfield!!!
+Group: 0
+Use Table Score:
+Score: 300

$Name: Garuta		;! Object #7
$Class: SC Rakshasa
$Team: Hostile
$Location: 4872.899902, 2601.600098, -1272.699951
$Orientation:
	0.437794, 0.000000, 0.899075,
	-0.640685, 0.701566, 0.311974,
	-0.630760, -0.712605, 0.307141
$AI Behavior: None
+AI Class: BP2-Captain
$AI Goals: ( goals ( ai-waypoints-once "Rakshasha 7 point" 50 ) )
$Cargo 1:  XSTR("Nothing", -1)
+Initial Velocity: 33
+Initial Hull: 100
+Initial Shields: 100
+Subsystem: Pilot
+Subsystem: turret01
+Subsystem: turret02
+Subsystem: turret03
+Subsystem: turret04
+Subsystem: turret05
+Subsystem: turret06
+Subsystem: turret07
+Subsystem: turret08
+Subsystem: turret09
+Subsystem: turret10
+Subsystem: turret11
+Subsystem: turret12
+Subsystem: turret13
+Subsystem: turret14
$Arrival Location: Hyperspace
+Arrival Delay: 10
$Arrival Cue: ( is-event-true-delay 
   "still more coming in" 
   0 
)
$Departure Location: Hyperspace
$Departure Cue: ( false ) 
$Determination: 10
+Flags: ( "no-shields" )
+Flags2: ( )
+Respawn priority: 0
+Orders Accepted: 0		;! note that this is a bitfield!!!
+Group: 0
+Use Table Score:
+Score: 300

$Name: Andor 1		;! Object #8
$Class: SF Manticore
$Team: Hostile
$Location: 996.400024, 0.000000, 3708.399902
$Orientation:
	-0.999993, 0.000000, -0.003722,
	0.000000, 1.000000, 0.000000,
	0.003722, 0.000000, -0.999993
$AI Behavior: None
$Cargo 1:  XSTR("Nothing", -1)
+Subsystem: Pilot
$Arrival Location: Hyperspace
$Arrival Cue: ( false ) 
$Departure Location: Hyperspace
$Departure Cue: ( false ) 
$Determination: 10
+Flags: ( )
+Flags2: ( )
+Respawn priority: 0
+Orders Accepted: 0		;! note that this is a bitfield!!!
+Group: 0
+Use Table Score:
+Score: 12

$Name: Andor 2		;! Object #9
$Class: SF Manticore
$Team: Hostile
$Location: 1104.164917, 0.000000, 3685.602539
$Orientation:
	-0.999732, 0.000000, 0.023147,
	0.000000, 1.000000, 0.000000,
	-0.023147, 0.000000, -0.999732
$AI Behavior: None
$Cargo 1:  XSTR("Nothing", -1)
+Subsystem: Pilot
$Arrival Location: Hyperspace
$Arrival Cue: ( false ) 
$Departure Location: Hyperspace
$Departure Cue: ( false ) 
$Determination: 10
+Flags: ( )
+Flags2: ( )
+Respawn priority: 0
+Orders Accepted: 0		;! note that this is a bitfield!!!
+Group: 0
+Use Table Score:
+Score: 12

$Name: Andor 3		;! Object #10
$Class: SF Manticore
$Team: Hostile
$Location: 1039.826416, 36.462254, 3625.470703
$Orientation:
	-0.999974, 0.000000, 0.007204,
	-0.000067, 0.999957, -0.009238,
	-0.007203, -0.009239, -0.999931
$AI Behavior: None
$Cargo 1:  XSTR("Nothing", -1)
+Subsystem: Pilot
$Arrival Location: Hyperspace
$Arrival Cue: ( false ) 
$Departure Location: Hyperspace
$Departure Cue: ( false ) 
$Determination: 10
+Flags: ( )
+Flags2: ( )
+Respawn priority: 0
+Orders Accepted: 0		;! note that this is a bitfield!!!
+Group: 0
+Use Table Score:
+Score: 12

$Name: Andor 4		;! Object #11
$Class: SF Manticore
$Team: Hostile
$Location: 1056.527832, 0.000000, 3835.141846
$Orientation:
	-0.999941, 0.000000, 0.010858,
	0.000000, 1.000000, 0.000000,
	-0.010858, 0.000000, -0.999941
$AI Behavior: None
$Cargo 1:  XSTR("Nothing", -1)
+Subsystem: Pilot
$Arrival Location: Hyperspace
$Arrival Cue: ( false ) 
$Departure Location: Hyperspace
$Departure Cue: ( false ) 
$Determination: 10
+Flags: ( )
+Flags2: ( )
+Respawn priority: 0
+Orders Accepted: 0		;! note that this is a bitfield!!!
+Group: 0
+Use Table Score:
+Score: 12

$Name: Andor 5		;! Object #12
$Class: SF Manticore
$Team: Hostile
$Location: 997.609497, 36.462254, 3751.429443
$Orientation:
	-0.999994, 0.000000, -0.003385,
	0.000030, 0.999960, -0.008953,
	0.003385, -0.008953, -0.999954
$AI Behavior: None
$Cargo 1:  XSTR("Nothing", -1)
+Subsystem: Pilot
$Arrival Location: Hyperspace
$Arrival Cue: ( false ) 
$Departure Location: Hyperspace
$Departure Cue: ( false ) 
$Determination: 10
+Flags: ( )
+Flags2: ( )
+Respawn priority: 0
+Orders Accepted: 0		;! note that this is a bitfield!!!
+Group: 0
+Use Table Score:
+Score: 12

$Name: Andor 6		;! Object #13
$Class: SF Manticore
$Team: Hostile
$Location: 912.580566, 0.000000, 3856.441162
$Orientation:
	-0.999720, 0.000000, -0.023648,
	0.000000, 1.000000, 0.000000,
	0.023648, 0.000000, -0.999720
$AI Behavior: None
$Cargo 1:  XSTR("Nothing", -1)
+Subsystem: Pilot
$Arrival Location: Hyperspace
$Arrival Cue: ( false ) 
$Departure Location: Hyperspace
$Departure Cue: ( false ) 
$Determination: 10
+Flags: ( )
+Flags2: ( )
+Respawn priority: 0
+Orders Accepted: 0		;! note that this is a bitfield!!!
+Group: 0
+Use Table Score:
+Score: 12

$Name: Baltar 1		;! Object #14
$Class: SF Manticore
$Team: Hostile
$Location: -260.918243, 1547.669312, 3633.223633
$Orientation:
	-0.951937, 0.000000, -0.306294,
	0.106938, 0.937072, -0.332356,
	0.287020, -0.349136, -0.892033
$AI Behavior: None
$Cargo 1:  XSTR("Nothing", -1)
+Subsystem: Pilot
$Arrival Location: Hyperspace
$Arrival Cue: ( false ) 
$Departure Location: Hyperspace
$Departure Cue: ( false ) 
$Determination: 10
+Flags: ( )
+Flags2: ( )
+Respawn priority: 0
+Orders Accepted: 0		;! note that this is a bitfield!!!
+Group: 0
+Use Table Score:
+Score: 12

$Name: Baltar 2		;! Object #15
$Class: SF Manticore
$Team: Hostile
$Location: -96.475624, 1547.669312, 3745.997070
$Orientation:
	-0.964843, 0.000000, -0.262827,
	0.090587, 0.938726, -0.332548,
	0.246722, -0.344665, -0.905723
$AI Behavior: None
$Cargo 1:  XSTR("Nothing", -1)
+Subsystem: Pilot
$Arrival Location: Hyperspace
$Arrival Cue: ( false ) 
$Departure Location: Hyperspace
$Departure Cue: ( false ) 
$Determination: 10
+Flags: ( )
+Flags2: ( )
+Respawn priority: 0
+Orders Accepted: 0		;! note that this is a bitfield!!!
+Group: 0
+Use Table Score:
+Score: 12

$Name: Baltar 3		;! Object #16
$Class: SF Manticore
$Team: Hostile
$Location: -218.142395, 1547.669312, 3517.369141
$Orientation:
	-0.952334, 0.000000, -0.305058,
	0.109354, 0.933542, -0.341382,
	0.284784, -0.358469, -0.889043
$AI Behavior: None
$Cargo 1:  XSTR("Nothing", -1)
+Subsystem: Pilot
$Arrival Location: Hyperspace
$Arrival Cue: ( false ) 
$Departure Location: Hyperspace
$Departure Cue: ( false ) 
$Determination: 10
+Flags: ( )
+Flags2: ( )
+Respawn priority: 0
+Orders Accepted: 0		;! note that this is a bitfield!!!
+Group: 0
+Use Table Score:
+Score: 12

$Name: Baltar 4		;! Object #17
$Class: SF Manticore
$Team: Hostile
$Location: -23.175962, 1547.669312, 3619.089844
$Orientation:
	-0.967213, 0.000000, -0.253965,
	0.090196, 0.934809, -0.343508,
	0.237409, -0.355152, -0.904159
$AI Behavior: None
$Cargo 1:  XSTR("Nothing", -1)
+Subsystem: Pilot
$Arrival Location: Hyperspace
$Arrival Cue: ( false ) 
$Departure Location: Hyperspace
$Departure Cue: ( false ) 
$Determination: 10
+Flags: ( )
+Flags2: ( )
+Respawn priority: 0
+Orders Accepted: 0		;! note that this is a bitfield!!!
+Group: 0
+Use Table Score:
+Score: 12

$Name: Baltar 5		;! Object #18
$Class: SF Manticore
$Team: Hostile
$Location: -153.824722, 1547.669312, 3642.590088
$Orientation:
	-0.959401, 0.000000, -0.282044,
	0.098944, 0.936447, -0.336566,
	0.264120, -0.350809, -0.898429
$AI Behavior: None
$Cargo 1:  XSTR("Nothing", -1)
+Subsystem: Pilot
$Arrival Location: Hyperspace
$Arrival Cue: ( false ) 
$Departure Location: Hyperspace
$Departure Cue: ( false ) 
$Determination: 10
+Flags: ( )
+Flags2: ( )
+Respawn priority: 0
+Orders Accepted: 0		;! note that this is a bitfield!!!
+Group: 0
+Use Table Score:
+Score: 12

$Name: Baltar 6		;! Object #19
$Class: SF Manticore
$Team: Hostile
$Location: 21.233765, 1547.669312, 3712.178711
$Orientation:
	-0.971161, 0.000000, -0.238423,
	0.083258, 0.937046, -0.339134,
	0.223413, -0.349205, -0.910023
$AI Behavior: None
$Cargo 1:  XSTR("Nothing", -1)
+Subsystem: Pilot
$Arrival Location: Hyperspace
$Arrival Cue: ( false ) 
$Departure Location: Hyperspace
$Departure Cue: ( false ) 
$Determination: 10
+Flags: ( )
+Flags2: ( )
+Respawn priority: 0
+Orders Accepted: 0		;! note that this is a bitfield!!!
+Group: 0
+Use Table Score:
+Score: 12

$Name: Cetus 1		;! Object #20
$Class: SF Manticore
$Team: Hostile
$Location: 3786.140381, -4211.861816, 2262.117188
$Orientation:
	-0.681385, 0.000000, 0.731925,
	0.544014, 0.668998, 0.506449,
	-0.489657, 0.743264, -0.455845
$AI Behavior: None
$Cargo 1:  XSTR("Nothing", -1)
+Subsystem: Pilot
$Arrival Location: Hyperspace
$Arrival Cue: ( false ) 
$Departure Location: Hyperspace
$Departure Cue: ( false ) 
$Determination: 10
+Flags: ( )
+Flags2: ( )
+Respawn priority: 0
+Orders Accepted: 0		;! note that this is a bitfield!!!
+Group: 0
+Use Table Score:
+Score: 12

$Name: Cetus 2		;! Object #21
$Class: SF Manticore
$Team: Hostile
$Location: 4351.950195, -4211.861816, 2035.456543
$Orientation:
	-0.576429, 0.000000, 0.817147,
	0.586363, 0.696483, 0.413630,
	-0.569129, 0.717574, -0.401473
$AI Behavior: None
$Cargo 1:  XSTR("Nothing", -1)
+Subsystem: Pilot
$Arrival Location: Hyperspace
$Arrival Cue: ( false ) 
$Departure Location: Hyperspace
$Departure Cue: ( false ) 
$Determination: 10
+Flags: ( )
+Flags2: ( )
+Respawn priority: 0
+Orders Accepted: 0		;! note that this is a bitfield!!!
+Group: 0
+Use Table Score:
+Score: 12

$Name: Cetus 3		;! Object #22
$Class: SF Manticore
$Team: Hostile
$Location: 4689.358398, -4211.861816, 2112.679199
$Orientation:
	-0.551829, 0.000000, 0.833957,
	0.575976, 0.723185, 0.381123,
	-0.603106, 0.690654, -0.399075
$AI Behavior: None
$Cargo 1:  XSTR("Nothing", -1)
+Subsystem: Pilot
$Arrival Location: Hyperspace
$Arrival Cue: ( false ) 
$Departure Location: Hyperspace
$Departure Cue: ( false ) 
$Determination: 10
+Flags: ( )
+Flags2: ( )
+Respawn priority: 0
+Orders Accepted: 0		;! note that this is a bitfield!!!
+Group: 0
+Use Table Score:
+Score: 12

$Name: Cetus 4		;! Object #23
$Class: SF Manticore
$Team: Hostile
$Location: 4213.171875, -4211.861816, 2249.707520
$Orientation:
	-0.626077, 0.000000, 0.779761,
	0.558340, 0.698059, 0.448296,
	-0.544320, 0.716040, -0.437039
$AI Behavior: None
$Cargo 1:  XSTR("Nothing", -1)
+Subsystem: Pilot
$Arrival Location: Hyperspace
$Arrival Cue: ( false ) 
$Departure Location: Hyperspace
$Departure Cue: ( false ) 
$Determination: 10
+Flags: ( )
+Flags2: ( )
+Respawn priority: 0
+Orders Accepted: 0		;! note that this is a bitfield!!!
+Group: 0
+Use Table Score:
+Score: 12

$Name: Cetus 5		;! Object #24
$Class: SF Manticore
$Team: Hostile
$Location: 3463.108643, -4211.899902, 2492.320557
$Orientation:
	-0.753899, 0.000000, 0.656991,
	0.491747, 0.663154, 0.564280,
	-0.435686, 0.748483, -0.499951
$AI Behavior: None
$Cargo 1:  XSTR("Nothing", -1)
+Subsystem: Pilot
$Arrival Location: Hyperspace
$Arrival Cue: ( false ) 
$Departure Location: Hyperspace
$Departure Cue: ( false ) 
$Determination: 10
+Flags: ( )
+Flags2: ( )
+Respawn priority: 0
+Orders Accepted: 0		;! note that this is a bitfield!!!
+Group: 0
+Use Table Score:
+Score: 12

$Name: Cetus 6		;! Object #25
$Class: SF Manticore
$Team: Hostile
$Location: 3719.532471, -4211.861816, 2121.793457
$Orientation:
	-0.669797, 0.000000, 0.742544,
	0.561342, 0.654605, 0.506347,
	-0.486073, 0.755971, -0.438452
$AI Behavior: None
$Cargo 1:  XSTR("Nothing", -1)
+Subsystem: Pilot
$Arrival Location: Hyperspace
$Arrival Cue: ( false ) 
$Departure Location: Hyperspace
$Departure Cue: ( false ) 
$Determination: 10
+Flags: ( )
+Flags2: ( )
+Respawn priority: 0
+Orders Accepted: 0		;! note that this is a bitfield!!!
+Group: 0
+Use Table Score:
+Score: 12

$Name: Dosadi 1		;! Object #26
$Class: SF Manticore
$Team: Hostile
$Location: -2265.123779, -2837.212891, 1704.713745
$Orientation:
	-0.525870, 0.000000, -0.850565,
	-0.504413, 0.805178, 0.311858,
	0.684857, 0.593033, -0.423419
$AI Behavior: None
$Cargo 1:  XSTR("Nothing", -1)
+Subsystem: Pilot
$Arrival Location: Hyperspace
$Arrival Cue: ( false ) 
$Departure Location: Hyperspace
$Departure Cue: ( false ) 
$Determination: 10
+Flags: ( )
+Flags2: ( )
+Respawn priority: 0
+Orders Accepted: 0		;! note that this is a bitfield!!!
+Group: 0
+Use Table Score:
+Score: 12

$Name: Dosadi 2		;! Object #27
$Class: SF Manticore
$Team: Hostile
$Location: -2304.217529, -2837.212891, 2010.472778
$Orientation:
	-0.575211, 0.000000, -0.818005,
	-0.469085, 0.819241, 0.329855,
	0.670143, 0.573450, -0.471236
$AI Behavior: None
$Cargo 1:  XSTR("Nothing", -1)
+Subsystem: Pilot
$Arrival Location: Hyperspace
$Arrival Cue: ( false ) 
$Departure Location: Hyperspace
$Departure Cue: ( false ) 
$Determination: 10
+Flags: ( )
+Flags2: ( )
+Respawn priority: 0
+Orders Accepted: 0		;! note that this is a bitfield!!!
+Group: 0
+Use Table Score:
+Score: 12

$Name: Dosadi 3		;! Object #28
$Class: SF Manticore
$Team: Hostile
$Location: -2583.014404, -2837.212891, 2059.704102
$Orientation:
	-0.552202, 0.000000, -0.833711,
	-0.458312, 0.835346, 0.303559,
	0.696436, 0.549725, -0.461279
$AI Behavior: None
$Cargo 1:  XSTR("Nothing", -1)
+Subsystem: Pilot
$Arrival Location: Hyperspace
$Arrival Cue: ( false ) 
$Departure Location: Hyperspace
$Departure Cue: ( false ) 
$Determination: 10
+Flags: ( )
+Flags2: ( )
+Respawn priority: 0
+Orders Accepted: 0		;! note that this is a bitfield!!!
+Group: 0
+Use Table Score:
+Score: 12

$Name: Dosadi 4		;! Object #29
$Class: SF Manticore
$Team: Hostile
$Location: -2621.399170, -2837.212891, 2654.486816
$Orientation:
	-0.633649, 0.000000, -0.773621,
	-0.400066, 0.855904, 0.327682,
	0.662145, 0.517135, -0.542343
$AI Behavior: None
$Cargo 1:  XSTR("Nothing", -1)
+Subsystem: Pilot
$Arrival Location: Hyperspace
$Arrival Cue: ( false ) 
$Departure Location: Hyperspace
$Departure Cue: ( false ) 
$Determination: 10
+Flags: ( )
+Flags2: ( )
+Respawn priority: 0
+Orders Accepted: 0		;! note that this is a bitfield!!!
+Group: 0
+Use Table Score:
+Score: 12

$Name: Dosadi 5		;! Object #30
$Class: SF Manticore
$Team: Hostile
$Location: -2657.513672, -2837.212891, 2281.372559
$Orientation:
	-0.578548, 0.000000, -0.815648,
	-0.435142, 0.845805, 0.308651,
	0.689879, 0.533492, -0.489339
$AI Behavior: None
$Cargo 1:  XSTR("Nothing", -1)
+Subsystem: Pilot
$Arrival Location: Hyperspace
$Arrival Cue: ( false ) 
$Departure Location: Hyperspace
$Departure Cue: ( false ) 
$Determination: 10
+Flags: ( )
+Flags2: ( )
+Respawn priority: 0
+Orders Accepted: 0		;! note that this is a bitfield!!!
+Group: 0
+Use Table Score:
+Score: 12

$Name: Dosadi 6		;! Object #31
$Class: SF Manticore
$Team: Hostile
$Location: -2749.620117, -2837.212891, 1715.257690
$Orientation:
	-0.476114, 0.000000, -0.879384,
	-0.486127, 0.833311, 0.263198,
	0.732800, 0.552805, -0.396751
$AI Behavior: None
$Cargo 1:  XSTR("Nothing", -1)
+Subsystem: Pilot
$Arrival Location: Hyperspace
$Arrival Cue: ( false ) 
$Departure Location: Hyperspace
$Departure Cue: ( false ) 
$Determination: 10
+Flags: ( )
+Flags2: ( )
+Respawn priority: 0
+Orders Accepted: 0		;! note that this is a bitfield!!!
+Group: 0
+Use Table Score:
+Score: 12

$Name: Errai 1		;! Object #32
$Class: SF Manticore
$Team: Hostile
$Location: 2323.671143, 0.000000, 3005.123779
$Orientation:
	-0.930220, 0.000000, 0.367002,
	0.000000, 1.000000, 0.000000,
	-0.367002, 0.000000, -0.930220
$AI Behavior: None
$Cargo 1:  XSTR("Nothing", -1)
+Subsystem: Pilot
$Arrival Location: Hyperspace
$Arrival Cue: ( false ) 
$Departure Location: Hyperspace
$Departure Cue: ( false ) 
$Determination: 10
+Flags: ( )
+Flags2: ( )
+Respawn priority: 0
+Orders Accepted: 0		;! note that this is a bitfield!!!
+Group: 0
+Use Table Score:
+Score: 12

$Name: Errai 2		;! Object #33
$Class: SF Manticore
$Team: Hostile
$Location: 2455.904785, 0.000000, 3057.597656
$Orientation:
	-0.919487, 0.000000, 0.393121,
	0.000000, 1.000000, 0.000000,
	-0.393121, 0.000000, -0.919487
$AI Behavior: None
$Cargo 1:  XSTR("Nothing", -1)
+Subsystem: Pilot
$Arrival Location: Hyperspace
$Arrival Cue: ( false ) 
$Departure Location: Hyperspace
$Departure Cue: ( false ) 
$Determination: 10
+Flags: ( )
+Flags2: ( )
+Respawn priority: 0
+Orders Accepted: 0		;! note that this is a bitfield!!!
+Group: 0
+Use Table Score:
+Score: 12

$Name: Errai 3		;! Object #34
$Class: SF Manticore
$Team: Hostile
$Location: 2318.918457, 0.000000, 3251.528564
$Orientation:
	-0.939081, 0.000000, 0.343695,
	0.000000, 1.000000, 0.000000,
	-0.343695, 0.000000, -0.939081
$AI Behavior: None
$Cargo 1:  XSTR("Nothing", -1)
+Subsystem: Pilot
$Arrival Location: Hyperspace
$Arrival Cue: ( false ) 
$Departure Location: Hyperspace
$Departure Cue: ( false ) 
$Determination: 10
+Flags: ( )
+Flags2: ( )
+Respawn priority: 0
+Orders Accepted: 0		;! note that this is a bitfield!!!
+Group: 0
+Use Table Score:
+Score: 12

$Name: Errai 4		;! Object #35
$Class: SF Manticore
$Team: Hostile
$Location: 2296.942139, 0.000000, 2916.068359
$Orientation:
	-0.929394, 0.000000, 0.369090,
	0.000000, 1.000000, 0.000000,
	-0.369090, 0.000000, -0.929394
$AI Behavior: None
$Cargo 1:  XSTR("Nothing", -1)
+Subsystem: Pilot
$Arrival Location: Hyperspace
$Arrival Cue: ( false ) 
$Departure Location: Hyperspace
$Departure Cue: ( false ) 
$Determination: 10
+Flags: ( )
+Flags2: ( )
+Respawn priority: 0
+Orders Accepted: 0		;! note that this is a bitfield!!!
+Group: 0
+Use Table Score:
+Score: 12

$Name: Errai 5		;! Object #36
$Class: SF Manticore
$Team: Hostile
$Location: 2171.725098, 0.000000, 3225.020020
$Orientation:
	-0.950413, 0.000000, 0.310992,
	0.000000, 1.000000, 0.000000,
	-0.310992, 0.000000, -0.950413
$AI Behavior: None
$Cargo 1:  XSTR("Nothing", -1)
+Subsystem: Pilot
$Arrival Location: Hyperspace
$Arrival Cue: ( false ) 
$Departure Location: Hyperspace
$Departure Cue: ( false ) 
$Determination: 10
+Flags: ( )
+Flags2: ( )
+Respawn priority: 0
+Orders Accepted: 0		;! note that this is a bitfield!!!
+Group: 0
+Use Table Score:
+Score: 12

$Name: Errai 6		;! Object #37
$Class: SF Manticore
$Team: Hostile
$Location: 2256.300537, 0.000000, 3155.197998
$Orientation:
	-0.941450, 0.000000, 0.337152,
	0.000000, 1.000000, 0.000000,
	-0.337152, 0.000000, -0.941450
$AI Behavior: None
$Cargo 1:  XSTR("Nothing", -1)
+Subsystem: Pilot
$Arrival Location: Hyperspace
$Arrival Cue: ( false ) 
$Departure Location: Hyperspace
$Departure Cue: ( false ) 
$Determination: 10
+Flags: ( )
+Flags2: ( )
+Respawn priority: 0
+Orders Accepted: 0		;! note that this is a bitfield!!!
+Group: 0
+Use Table Score:
+Score: 12

$Name: beta 1		;! Object #38
$Class: GTF Dark Angel
$Team: Friendly
$Location: 1903.905762, -218.504868, 6.029510
$Orientation:
	1.000000, 0.000000, 0.000000,
	0.000000, 1.000000, 0.000000,
	0.000000, 0.000000, 1.000000
$AI Behavior: None
+AI Class: BP2-Major
$Cargo 1:  XSTR("Nothing", -1)
+Initial Hull: 100
+Subsystem: Pilot
$Arrival Location: Hyperspace
$Arrival Cue: ( false ) 
$Departure Location: Hyperspace
$Departure Cue: ( false ) 
$Determination: 10
+Flags: ( "cargo-known" "no-arrival-warp" )
+Flags2: ( )
+Respawn priority: 0
+Special Hitpoints: 1500
+Special Shield Points: 1000
+Orders Accepted: 33023		;! note that this is a bitfield!!!
+Group: 0
+Score: 12

$Name: beta 2		;! Object #39
$Class: GTF Dark Angel
$Team: Friendly
$Location: 1927.721069, -218.504868, 33.600403
$Orientation:
	1.000000, 0.000000, 0.000000,
	0.000000, 1.000000, 0.000000,
	0.000000, 0.000000, 1.000000
$AI Behavior: None
+AI Class: BP2-Major
$Cargo 1:  XSTR("Nothing", -1)
+Initial Hull: 100
+Subsystem: Pilot
$Arrival Location: Hyperspace
$Arrival Cue: ( false ) 
$Departure Location: Hyperspace
$Departure Cue: ( false ) 
$Determination: 10
+Flags: ( "cargo-known" "no-arrival-warp" )
+Flags2: ( )
+Respawn priority: 0
+Special Hitpoints: 1500
+Special Shield Points: 1000
+Orders Accepted: 33023		;! note that this is a bitfield!!!
+Group: 0
+Score: 12
+Persona Index: 0

$Name: beta 3		;! Object #40
$Class: GTF Dark Angel
$Team: Friendly
$Location: 1949.533691, -218.504868, 16.894814
$Orientation:
	1.000000, 0.000000, 0.000000,
	0.000000, 1.000000, 0.000000,
	0.000000, 0.000000, 1.000000
$AI Behavior: None
+AI Class: BP2-Major
$Cargo 1:  XSTR("Nothing", -1)
+Initial Hull: 100
+Subsystem: Pilot
$Arrival Location: Hyperspace
$Arrival Cue: ( false ) 
$Departure Location: Hyperspace
$Departure Cue: ( false ) 
$Determination: 10
+Flags: ( "cargo-known" "no-arrival-warp" )
+Flags2: ( )
+Respawn priority: 0
+Special Hitpoints: 1500
+Special Shield Points: 1000
+Orders Accepted: 33023		;! note that this is a bitfield!!!
+Group: 0
+Score: 12
+Persona Index: 1

$Name: beta 4		;! Object #41
$Class: GTF Dark Angel
$Team: Friendly
$Location: 1970.808594, -218.504868, 51.157646
$Orientation:
	1.000000, 0.000000, 0.000000,
	0.000000, 1.000000, 0.000000,
	0.000000, 0.000000, 1.000000
$AI Behavior: None
+AI Class: BP2-Major
$Cargo 1:  XSTR("Nothing", -1)
+Initial Hull: 100
+Subsystem: Pilot
$Arrival Location: Hyperspace
$Arrival Cue: ( false ) 
$Departure Location: Hyperspace
$Departure Cue: ( false ) 
$Determination: 10
+Flags: ( "cargo-known" "no-arrival-warp" )
+Flags2: ( )
+Respawn priority: 0
+Special Hitpoints: 1500
+Special Shield Points: 1000
+Orders Accepted: 33023		;! note that this is a bitfield!!!
+Group: 0
+Score: 12
+Persona Index: 2

$Name: gamma 1		;! Object #42
$Class: GTF Falcon
$Team: Friendly
$Location: 1700.803467, -221.333160, -8.624701
$Orientation:
	1.000000, 0.000000, 0.000000,
	0.000000, 1.000000, 0.000000,
	0.000000, 0.000000, 1.000000
$AI Behavior: None
$Cargo 1:  XSTR("Nothing", -1)
+Initial Hull: 100
+Subsystem: Pilot
$Arrival Location: Hyperspace
$Arrival Cue: ( false ) 
$Departure Location: Hyperspace
$Departure Cue: ( false ) 
$Determination: 10
+Flags: ( "cargo-known" "no-arrival-warp" )
+Flags2: ( )
+Respawn priority: 0
+Special Hitpoints: 1500
+Special Shield Points: 1000
+Orders Accepted: 33023		;! note that this is a bitfield!!!
+Group: 0
+Score: 12
+Persona Index: 2

$Name: gamma 2		;! Object #43
$Class: GTF Falcon
$Team: Friendly
$Location: 1725.656616, -221.333160, 14.360479
$Orientation:
	1.000000, 0.000000, 0.000000,
	0.000000, 1.000000, 0.000000,
	0.000000, 0.000000, 1.000000
$AI Behavior: None
$Cargo 1:  XSTR("Nothing", -1)
+Initial Hull: 100
+Subsystem: Pilot
$Arrival Location: Hyperspace
$Arrival Cue: ( false ) 
$Departure Location: Hyperspace
$Departure Cue: ( false ) 
$Determination: 10
+Flags: ( "cargo-known" "no-arrival-warp" )
+Flags2: ( )
+Respawn priority: 0
+Special Hitpoints: 1500
+Special Shield Points: 1000
+Orders Accepted: 33023		;! note that this is a bitfield!!!
+Group: 0
+Score: 12
+Persona Index: 3

$Name: gamma 3		;! Object #44
$Class: GTF Falcon
$Team: Friendly
$Location: 1759.383057, -221.333160, -22.945309
$Orientation:
	1.000000, 0.000000, 0.000000,
	0.000000, 1.000000, 0.000000,
	0.000000, 0.000000, 1.000000
$AI Behavior: None
$Cargo 1:  XSTR("Nothing", -1)
+Initial Hull: 100
+Subsystem: Pilot
$Arrival Location: Hyperspace
$Arrival Cue: ( false ) 
$Departure Location: Hyperspace
$Departure Cue: ( false ) 
$Determination: 10
+Flags: ( "cargo-known" "no-arrival-warp" )
+Flags2: ( )
+Respawn priority: 0
+Special Hitpoints: 1500
+Special Shield Points: 1000
+Orders Accepted: 33023		;! note that this is a bitfield!!!
+Group: 0
+Score: 12
+Persona Index: 4

$Name: gamma 4		;! Object #45
$Class: GTF Falcon
$Team: Friendly
$Location: 1734.141724, -221.333160, -30.092285
$Orientation:
	1.000000, 0.000000, 0.000000,
	0.000000, 1.000000, 0.000000,
	0.000000, 0.000000, 1.000000
$AI Behavior: None
$Cargo 1:  XSTR("Nothing", -1)
+Initial Hull: 100
+Subsystem: Pilot
$Arrival Location: Hyperspace
$Arrival Cue: ( false ) 
$Departure Location: Hyperspace
$Departure Cue: ( false ) 
$Determination: 10
+Flags: ( "cargo-known" "no-arrival-warp" )
+Flags2: ( )
+Respawn priority: 0
+Special Hitpoints: 1500
+Special Shield Points: 1000
+Orders Accepted: 33023		;! note that this is a bitfield!!!
+Group: 0
