#Mission Info

$Version: 0.10
$Name:  XSTR("Battle of the Bulge", -1)
$Author: Herkie Del Socorro
$Created: 03/09/12 at 17:06:44
$Modified: 07/02/17 at 19:19:09
$Notes:
This mission was indeed problematic as it involved a number of destroyers and more than a hundred fighters. I wanted to depict the story line effectively in an epic scale without sacrificing PC performance and game stability. Usually in BoE missions, player actions don't account much. But here, your decisions and strategy will spell the fate of your strike fleet. Leadership is the key.
$End Notes:

$Mission Desc:
 XSTR("July 19, 2371 - The battle to finally retake the Shivan Knossos Portal", -1)
$end_multi_text
+Game Type Flags: 1
+Flags: 192
+Fog Near Mult: 1.000000

+Fog Far Mult: 1.000000

+Disallow Support: 0
+Hull Repair Ceiling: 50.000000
+Subsystem Repair Ceiling: 100.000000

+Viewer pos: 6183.104492, 140.109940, 11954.254883
+Viewer orient:
	-0.790945, -0.000003, 0.611887,
	-0.063910, 0.994531, -0.082608,
	-0.608540, -0.104444, -0.786619

$Squadron wing names: ( "Alpha" "Beta" "Gamma" "Delta" "Omega" )

$Load Screen 640:	LoadAct9Sa.dds
$Load Screen 1024:	LoadAct9La.dds

$Skybox Model: ShivBox.pof
+Skybox Orientation:
	-1.000000, 0.000000, 0.000000,
	0.000000, 1.000000, -0.000000,
	-0.000000, -0.000000, -1.000000

$AI Profile: AF1

#Sexp_variables

$Variables:
(
		0		"EpsTarget"		"None"		"string"
		1		"failure"		"0"		"number"
		2		"KapTarget"		"None"		"string"
		3		"ZetTarget"		"None"		"string"
)

#Command Briefing

$Stage Text:
 XSTR("$B{To Captain John Richter
GTVA Naval Forces $}

Welcome Aboard. I am $b Admiral $b Miguel $b Romero, captain of this vessel. I have personally requested Cartwright for your reassignment here for I am in need of a Flight Division Commander and one with your skills is best suited for the position. I am, therefore, giving you the command of all my squadrons to go along with your elites, the $G 77th and the $G 76th, which have already transferred here to this super carrier an hour ago, and of course, the $G 288th $G Armageddon $G Squadron. I know that you have considered the $b GTD $b Titan your home and it was a tragedy to lose her but I'm very confident that you will be happy here and your expectations will be well satisfied. I will update you of our next mission in three hours. So for now, feel free to roam around the ship and get acquainted with its facilities.

Have some rest and report to the briefing room tomorrow at 0800 hours. I will see you there.

$B{Admiral Miguel Romero
Commander of the GTDc Warlock $}", -1)
$end_multi_text
$Ani Filename: cb_SOC.ani
+Wave Filename: none

#Briefing
$start_briefing
$num_stages: 5
$start_stage
$multi_text
 XSTR("Now that all of you are assembled here, I am going to brief you of our present situation. Our $G Spearhead $G Naval $G Fleet will be heading back to the $V Knossos. But the entire fleet will not be engaging the $R Shivan $R blockade. Admiral Cartwright is not risking the whole fleet to be annihilated in a single battle especially with the numbers that we have. We have already learned that lesson. Instead, we are going to send an $G assault $G force to do a surgical strike. That is where you come in.", -1)
$end_multi_text
$voice: none.wav
$camera_pos: 19939.359375, 19674.785156, -13231.731445
$camera_orient:
	-1.000000, -0.000003, -0.000411,
	0.000410, 0.046263, -0.998929,
	0.000022, -0.998929, -0.046263
$camera_time: 500
$num_lines: 0
$num_icons: 11
$Flags: 3
$Formula: ( true ) 
$start_icon
$type: 26
$team: Hostile
$class: Knossos
$pos: 20021.695313, -0.000141, -14124.086914
$label: Shivan Knossos
+id: 1
$hlight: 0
$mirror: 0
$multi_text
$end_multi_text
$end_icon
$start_icon
$type: 28
$team: Friendly
$class: GTCv Deimos
$pos: 22965.755859, 1004.203979, 14302.598633
$label: GTC Mercury
+id: 2
$hlight: 0
$mirror: 0
$multi_text
$end_multi_text
$end_icon
$start_icon
$type: 28
$team: Friendly
$class: GTCv Deimos
$pos: 20063.572266, 0.000000, 14797.428711
$label: GTC  Neptune
+id: 3
$hlight: 0
$mirror: 0
$multi_text
$end_multi_text
$end_icon
$start_icon
$type: 28
$team: Friendly
$class: GTCv Deimos
$pos: 19516.025391, -778.110413, 9477.374023
$label: GTC Veronica
+id: 4
$hlight: 0
$mirror: 0
$multi_text
$end_multi_text
$end_icon
$start_icon
$type: 18
$team: Friendly
$class: GTF Ulysses
$pos: 20366.974609, 824.440063, 18812.796875
$label: GTC Gauntlet
+id: 5
$hlight: 0
$mirror: 0
$multi_text
$end_multi_text
$end_icon
$start_icon
$type: 18
$team: Friendly
$class: GTF Ulysses
$pos: 22862.464844, -355.038879, 16155.125000
$label: GTC Cyclone
+id: 6
$hlight: 0
$mirror: 0
$multi_text
$end_multi_text
$end_icon
$start_icon
$type: 1
$team: Friendly
$class: GTF Erinyes
$pos: 31705.716797, 973.319031, 12245.639648
$label: charlie 3
+id: 7
$hlight: 0
$mirror: 0
$multi_text
$end_multi_text
$end_icon
$start_icon
$type: 1
$team: Friendly
$class: GTF Perseus
$pos: 33312.351563, 634.402222, 10405.497070
$label: Echo 3
+id: 8
$hlight: 0
$mirror: 0
$multi_text
$end_multi_text
$end_icon
$start_icon
$type: 1
$team: Friendly
$class: GTF Phoenix
$pos: 30000.404297, -11.300000, 12441.940430
$label: gamma 4
+id: 10
$hlight: 0
$mirror: 0
$multi_text
$end_multi_text
$end_icon
$start_icon
$type: 1
$team: Friendly
$class: GTF Dark Angel
$pos: 27455.271484, -11.300000, 15111.778320
$label: alpha 4
+id: 11
$hlight: 0
$mirror: 0
$multi_text
$end_multi_text
$end_icon
$start_icon
$type: 17
$team: Friendly
$class: GTTB Armageddon
$pos: 26231.757813, -11.300000, 10744.142578
$label: Kappa 3
+id: 12
$hlight: 0
$mirror: 0
$multi_text
$end_multi_text
$end_icon
$end_stage
$start_stage
$multi_text
 XSTR("Our assault force will be composed of 3 corvettes and 2 cruisers together with four squadrons namely the $G{ Ice Queens, Blue Lions, Suicide Kings, $} and the $G Dark $G Angels piloting the $b Armaggedon bombers. Back up wings will also be available but limited.", -1)
$end_multi_text
$voice: none.wav
$camera_pos: 20013.996094, 21576.263672, 12250.520508
$camera_orient:
	-0.999989, -0.000004, 0.004590,
	-0.004567, 0.099799, -0.994997,
	-0.000455, -0.995008, -0.099797
$camera_time: 4000
$num_lines: 0
$num_icons: 11
$Flags: 3
$Formula: ( true ) 
$start_icon
$type: 28
$team: Friendly
$class: GTCv Coronis
$pos: 25765.320313, 1004.204956, 7994.578125
$label: GTCv Mercury
+id: 2
$hlight: 0
$mirror: 1
$multi_text
$end_multi_text
$end_icon
$start_icon
$type: 28
$team: Friendly
$class: GTCv Alexandria
$pos: 20657.169922, 0.002447, 7837.351563
$label: GTCv Uphally
+id: 3
$hlight: 0
$mirror: 1
$multi_text
$end_multi_text
$end_icon
$start_icon
$type: 28
$team: Friendly
$class: GTCv Coronis
$pos: 15413.394531, -778.109741, 7598.530273
$label: GTCv Neptune
+id: 4
$hlight: 0
$mirror: 1
$multi_text
$end_multi_text
$end_icon
$start_icon
$type: 18
$team: Friendly
$class: GTC Orca
$pos: 23149.068359, 824.440247, 9965.013672
$label: GTC Gauntlet
+id: 5
$hlight: 0
$mirror: 1
$multi_text
$end_multi_text
$end_icon
$start_icon
$type: 18
$team: Friendly
$class: GTC Orca
$pos: 18402.001953, -355.040161, 9696.292969
$label: GTC Cyclone
+id: 6
$hlight: 0
$mirror: 1
$multi_text
$end_multi_text
$end_icon
$start_icon
$type: 1
$team: Friendly
$class: GTF Erinyes
$pos: 14423.772461, 973.320740, 11186.892578
$label: Suicide Kings
+id: 7
$hlight: 0
$mirror: 0
$multi_text
$end_multi_text
$end_icon
$start_icon
$type: 1
$team: Friendly
$class: GTF Perseus
$pos: 18347.738281, 634.401062, 12537.685547
$label: Blue Lions
+id: 8
$hlight: 0
$mirror: 0
$multi_text
$end_multi_text
$end_icon
$start_icon
$type: 1
$team: Friendly
$class: GTF Raptor
$pos: 22920.046875, -11.300069, 12608.255859
$label: Ice Queens
+id: 10
$hlight: 0
$mirror: 0
$multi_text
$end_multi_text
$end_icon
$start_icon
$type: 1
$team: Friendly
$class: GTF Dark Angel
$pos: 20056.744141, -11.300000, 16481.613281
$label: Dark Angels
+id: 11
$hlight: 0
$mirror: 0
$multi_text
$end_multi_text
$end_icon
$start_icon
$type: 17
$team: Friendly
$class: GTTB Armageddon
$pos: 26690.992188, -11.299089, 11347.919922
$label: Dark Angels
+id: 12
$hlight: 0
$mirror: 0
$multi_text
$end_multi_text
$end_icon
$start_icon
$type: 26
$team: Hostile
$class: Knossos
$pos: 20021.695313, -0.000141, -14124.086914
$label: Shivan Knossos
+id: 1
$hlight: 0
$mirror: 0
$multi_text
$end_multi_text
$end_icon
$end_stage
$start_stage
$multi_text
 XSTR("I will not say much of what we are facing here except that it is a very large opposing force. You will have $R Ravana and $R Demon destroyers, $R Rakshasas, $R Molochs, $R Scyllas, $R Cains and $R Liliths. As your former commander used to say, everything on the menu and, yes of course, our main course, you've guest it, a $R Lucifer destroyer. Nevertheless, we must destroy this blockade and seize control of the portal.
", -1)
$end_multi_text
$voice: none.wav
$camera_pos: 21292.205078, 21459.105469, -13411.919922
$camera_orient:
	-0.999973, -0.000005, 0.007365,
	-0.007352, 0.059942, -0.998175,
	-0.000437, -0.998202, -0.059940
$camera_time: 4000
$num_lines: 0
$num_icons: 14
$Flags: 2
$Formula: ( true ) 
$start_icon
$type: 1
$team: Friendly
$class: GTF Erinyes
$pos: 14423.772461, 973.320740, 11186.892578
$label: Suicide Kings
+id: 7
$hlight: 0
$mirror: 0
$multi_text
$end_multi_text
$end_icon
$start_icon
$type: 1
$team: Friendly
$class: GTF Perseus
$pos: 18347.738281, 634.401062, 12537.685547
$label: Blue Lions
+id: 8
$hlight: 0
$mirror: 0
$multi_text
$end_multi_text
$end_icon
$start_icon
$type: 1
$team: Friendly
$class: GTF Raptor
$pos: 22920.046875, -11.300069, 12608.255859
$label: Ice Queens
+id: 10
$hlight: 0
$mirror: 0
$multi_text
$end_multi_text
$end_icon
$start_icon
$type: 1
$team: Friendly
$class: GTF Dark Angel
$pos: 20056.744141, -11.300000, 16481.613281
$label: Dark Angels
+id: 11
$hlight: 0
$mirror: 0
$multi_text
$end_multi_text
$end_icon
$start_icon
$type: 17
$team: Friendly
$class: GTTB Armageddon
$pos: 26690.992188, -11.299089, 11347.919922
$label: Dark Angels
+id: 12
$hlight: 0
$mirror: 0
$multi_text
$end_multi_text
$end_icon
$start_icon
$type: 6
$team: Hostile
$class: SD Ravana
$pos: 21697.642578, 1632.253418, -17017.281250
$label: Ravanas
+id: 13
$hlight: 0
$mirror: 0
$multi_text
$end_multi_text
$end_icon
$start_icon
$type: 6
$team: Hostile
$class: SD Demon
$pos: 19100.673828, 1632.260986, -11759.847656
$label: Demons
+id: 14
$hlight: 0
$mirror: 0
$multi_text
$end_multi_text
$end_icon
$start_icon
$type: 18
$team: Hostile
$class: SC Lilith
$pos: 28493.095703, -307.163849, -14658.428711
$label: Liliths
+id: 15
$hlight: 0
$mirror: 0
$multi_text
$end_multi_text
$end_icon
$start_icon
$type: 28
$team: Hostile
$class: SCv Moloch
$pos: 25779.859375, 1064.059204, -16894.916016
$label: Molochs
+id: 16
$hlight: 0
$mirror: 0
$multi_text
$end_multi_text
$end_icon
$start_icon
$type: 18
$team: Hostile
$class: SC Cain
$pos: 15033.412109, 304.447205, -12583.895508
$label: Cains
+id: 17
$hlight: 0
$mirror: 0
$multi_text
$end_multi_text
$end_icon
$start_icon
$type: 6
$team: Hostile
$class: SD Lucifer
$pos: 16527.255859, 1400.098022, -16939.066406
$label: Lucifer
+id: 19
$hlight: 0
$mirror: 0
$multi_text
$end_multi_text
$end_icon
$start_icon
$type: 28
$team: Hostile
$class: SC Lilith
$pos: 14852.730469, -307.180176, -14775.353516
$label: Scyllas
+id: 20
$hlight: 0
$mirror: 0
$multi_text
$end_multi_text
$end_icon
$start_icon
$type: 18
$team: Hostile
$class: SC Cain
$pos: 26154.328125, 301.934906, -12366.621094
$label: Rakshasas
+id: 21
$hlight: 0
$mirror: 0
$multi_text
$end_multi_text
$end_icon
$start_icon
$type: 26
$team: Hostile
$class: Knossos
$pos: 21397.091797, 0.000132, -14094.059570
$label: Shivan Knossos
+id: 1
$hlight: 0
$mirror: 0
$multi_text
$end_multi_text
$end_icon
$end_stage
$start_stage
$multi_text
 XSTR("Captain, I know you wish to deploy all your $b Strike $b Group $b Alpha assets. But $b Admiral $b Cartwright has crucial plans for them. So for now, rely on your leadership skills. Deploy your bomber wings well, coordinate your squadrons. The warships have their own target orders so you can't give those orders. Nevertheless, you must protect them if possible. If most of them are destroyed, the battle is lost.", -1)
$end_multi_text
$voice: none.wav
$camera_pos: 21292.205078, 21459.105469, -13411.919922
$camera_orient:
	-0.999973, -0.000005, 0.007365,
	-0.007352, 0.059942, -0.998175,
	-0.000437, -0.998202, -0.059940
$camera_time: 4000
$num_lines: 0
$num_icons: 1
$Flags: 2
$Formula: ( true ) 
$start_icon
$type: 26
$team: Hostile
$class: Knossos
$pos: 21397.091797, 0.000132, -14094.059570
$label: Shivan Knossos
+id: 1
$hlight: 0
$mirror: 0
$multi_text
$end_multi_text
$end_icon
$end_stage
$start_stage
$multi_text
 XSTR("Set the pieces on the board. It is the only way to win. Remember, this is our last good option. We are alone here. No help will be coming and the bulk of our $G GTVA fleet waiting on the other side can do nothing unless we destroy this obstruction. If you accomplish this, you will break the deadlock this war is facing.
", -1)
$end_multi_text
$voice: none.wav
$camera_pos: 21403.777344, 2947.519775, 1810.275024
$camera_orient:
	-0.999973, -0.000005, 0.007365,
	-0.001448, 0.980609, -0.195969,
	-0.007221, -0.195974, -0.980583
$camera_time: 500
$num_lines: 0
$num_icons: 1
$Flags: 2
$Formula: ( true ) 
$start_icon
$type: 26
$team: Hostile
$class: Knossos
$pos: 21397.091797, 0.000132, -14094.059570
$label: Shivan Knossos
+id: 1
$hlight: 0
$mirror: 0
$multi_text
$end_multi_text
$end_icon
$end_stage
$end_briefing

#Debriefing_info

$Num stages: 5

$Formula: ( is-goal-true-delay 
   "destroy blockade" 
   0 
)
$Multi text
    XSTR("$B{To Captain John Richter
Flight Division Commander
GTVA Spearhead Fleet $}

Outstanding work! As usual, I am short of words. That was, indeed, one hell of a miracle!  Still, our job is far from over for a large enemy force have been detected again heading this way. They will be here in two hours. Admiral Cartwright have already contacted $G High $G Command and have given the $quoteGO$quote signal for our $G GTVA fleet. 

Our Admiral was right about the Shivan tactic. Our enemy stationed a smaller force at the Knossos to bait us while their bigger ships were just waiting to shock jump and ambush your group. Well, we out-smarted them this time.

Have some rest, Captain for that was only the first leg of your mission. The next one may yet decide the outcome of this war.  

$B{Admiral Miguel Romero
Commander of the GTD Warlock $}", -1)
$end_multi_text
$Voice: none.wav
$Recommendation text:
    XSTR("Well done!", -1)
$end_multi_text

$Formula: ( is-event-true-delay 
   "first stage not cleared" 
   0 
)
$Multi text
    XSTR("$B{To Captain John Richter
Flight Division Commander
GTVA Spearhead Fleet $}

With this failure, Captain, Admiral Cartwright is forced to launch an assault in one hour using every ship that we have left. I tell you we will not survive. Not even with your Strike Group. A much larger $R Shivan force is now converging in this sector as we speak and some of these are not your average destroyers, these are $R Lucifers. We cannot defeat them, not with the size of our fleet here. We may choose to run and jump to a remote sector but they will find us eventually. The enemy is now mobilizing, rallying at full strength. They will continue to attack us at every turn until we are diminished. Until we are no more. Reflect on this, soldier. Contemplate on what is yet to come.

$B{Admiral Miguel Romero
Commander of the GTD Warlock $}
", -1)
$end_multi_text
$Voice: none.wav
$Recommendation text:
    XSTR("Don't rush. Efficiently and effectively, coordinate you wings and maximize your bombers. Then your job is to protect them.", -1)
$end_multi_text

$Formula: ( and 
   ( is-destroyed-delay 0 "Excelsior" ) 
   ( not 
      ( is-destroyed-delay 0 "Warlock" ) 
   )
)
$Multi text
    XSTR("$B{Personal Log:
Captain John Richter
July 19, 2371, Shiva  $}

We were out-smarted. The enemy placed a smaller group to bait us. Their bigger ships were just waiting to strike. Admiral Cartwright knew this tactic but still, we failed. With the destruction of the $G GTD $G Excelsior and the death of our good leader, the $G Warlock and rest of the fleet have to flee the Knossos sector. We had barely escaped the barrage of beam fire. The blockade is really well protected now with several Lucifer destroyers. The $G GTVA will certainly not venture here to rescue us. So our days are already numbered. The enemy is now mobilizing, rallying at full strength. They will continue to attack us at every turn until we are diminished. Until we are no more.
", -1)
$end_multi_text
$Voice: none.wav
$Recommendation text:
    XSTR("Maximize your Boreas cruisers.", -1)
$end_multi_text

$Formula: ( and 
   ( is-destroyed-delay 0 "Warlock" ) 
   ( not 
      ( is-destroyed-delay 0 "Excelsior" ) 
   )
)
$Multi text
    XSTR("$B{Personal Log:
Captain John Richter
July 19, 2371, Shiva  $}

We were out-smarted. The enemy placed a smaller group to bait us. Their bigger ships were just waiting to strike. Admiral Cartwright knew this tactic but still, we failed. With the destruction of the $G GTD $G Warlock, the $G Excelsior and rest of the fleet have to flee the Knossos sector. We had barely escaped the barrage of beam fire. The blockade is really well protected now with several $R Lucifer destroyers. The $G GTVA will certainly not venture here to rescue us. So our days are already numbered. The enemy is now mobilizing, rallying at full strength. They will continue to attack us at every turn until we are diminished. Until we are no more.
", -1)
$end_multi_text
$Voice: none.wav
$Recommendation text:
    XSTR("Maximize your Strike Group.", -1)
$end_multi_text

$Formula: ( and 
   ( is-destroyed-delay 0 "Warlock" ) 
   ( is-destroyed-delay 0 "Excelsior" ) 
)
$Multi text
    XSTR("$B{Personal Log:
Captain John Richter
July 19, 2371, Shiva  $}

We were out-smarted. The enemy placed a smaller group to bait us. Their bigger ships were just waiting to strike. Admiral Cartwright knew this tactic but still, we failed. With the destruction of both the $G Warlock and the $G Excelsior, the rest of us have to escape. The blockade is really now well protected with several $R Lucifer destroyers. The $G GTVA will certainly not venture here to rescue us. So our days are already numbered. The enemy is now mobilizing, rallying at full strength. They will continue to attack us at every turn until we are diminished. Until we are no more.
", -1)
$end_multi_text
$Voice: none.wav
$Recommendation text:
    XSTR("Maximize your Strike Group.", -1)
$end_multi_text

#Alternate Types:
$Alt: 77th Dark Angels
$Alt: 76th Ice Queens
$Alt: 70th Blue Lions
$Alt: 242nd Suicide Kings

#end


#Players		;! 1 total

$Starting Shipname: alpha 1
$Ship Choices: (
	"GTF Hercules Mark II"	9
	"GTF Ares"	9
	"GTF Erinyes"	9
	"GTB Artemis D.H."	3
	"GTB Boanerges"	3
	"GTF Dark Angel"	3
	"GTF Phoenix"	3
	"GTF Avalanche"	3
	"GTF Raptor"	3
	"GTB Albatross"	3
	"GTTB Armageddon"	8
)

+Weaponry Pool: (
	"Akheton SDG"	16
	"Morning Star"	16
	"Prometheus R"	16
	"Prometheus S"	16
	"Maxim"	29
	"UD-8 Kayser"	21
	"Skyrail"	4
	"Ripper"	3
	"Blizzard"	6
	"Tempest"	5000
	"Tornado"	644
	"Harpoon"	500
	"Trebuchet"	500
	"Piranha"	500
	"Stiletto II"	500
	"Infyrno"	500
	"Cyclops"	100
	"Helios"	100
	"Screamer"	5360
	"Hunter"	1520
	"Hellstorm"	300
	"Widowmaker"	100
	"Devastator"	6
	"Starfury"	6
)

#Objects		;! 121 total

$Name: alpha 1		;! Object #0
$Class: XJR Phantom
$Team: Friendly
$Location: 5678.899902, -11.300000, 11073.900391
$Orientation:
	-0.979891, 0.000000, 0.199533,
	-0.031729, 0.987276, -0.155819,
	-0.196994, -0.159017, -0.967423
$AI Behavior: None
$Cargo 1:  XSTR("Nothing", -1)
+Initial Hull: 100
+Subsystem: Pilot
$Arrival Location: Hyperspace
$Arrival Cue: ( false ) 
$Departure Location: Hyperspace
$Departure Cue: ( false ) 
$Determination: 10
+Flags: ( "cargo-known" "player-start" )
+Flags2: ( )
+Respawn priority: 0
+Orders Accepted: 33023		;! note that this is a bitfield!!!
+Group: 0
+Score: 8

$Name: Knossos 1		;! Object #1
$Class: Knossos
$Team: Unknown
$Location: -343.111023, 0.000000, -1112.735352
$Orientation:
	1.000000, 0.000000, 0.000000,
	0.000000, 1.000000, 0.000000,
	0.000000, 0.000000, 1.000000
$AI Behavior: None
$Cargo 1:  XSTR("Nothing", -1)
+Initial Velocity: 33
+Initial Hull: 100
+Initial Shields: 100
+Subsystem: Pilot
$Arrival Location: Hyperspace
$Arrival Cue: ( true ) 
$Departure Location: Hyperspace
$Departure Cue: ( false ) 
$Determination: 10
+Flags: ( "cargo-known" "no-shields" "don't-collide-invisible" )
+Flags2: ( )
+Respawn priority: 0
+Group: 0
+Use Table Score:
+Score: 0

$Name: GTCv Mercury		;! Object #2
$Class: GTCv Coronis
$Team: Friendly
$Location: 16469.324219, 0.000000, 20441.490234
$Orientation:
	-0.858527, 0.000000, 0.512769,
	0.000000, 1.000000, 0.000000,
	-0.512769, 0.000000, -0.858527
$AI Behavior: None
$AI Goals: ( goals ( ai-waypoints "way 3" 60 ) )
$Cargo 1:  XSTR("Nothing", -1)
+Initial Hull: 100
+Initial Shields: 100
+Subsystem: Pilot
+Subsystem: turret01
+Subsystem: turret02
+Subsystem: turret03
+Subsystem: turret04
+Subsystem: turret05
+Subsystem: turret06
+Subsystem: turret07
+Subsystem: turret08
+Subsystem: turret09
+Subsystem: turret10
+Subsystem: turret11
+Subsystem: turret12
+Subsystem: turret13
+Subsystem: turret14
+Subsystem: turret15
+Subsystem: turret16
+Subsystem: turret17
+Subsystem: turret18
+Subsystem: turret19
+Subsystem: turret20
+Subsystem: turret21
+Subsystem: turret22
+Subsystem: turret23
+Subsystem: turret24
$Arrival Location: Hyperspace
$Arrival Cue: ( true ) 
$Departure Location: Hyperspace
$Departure Cue: ( false ) 
$Determination: 10
+Flags: ( "cargo-known" "no-shields" "escort" )
+Flags2: ( )
+Respawn priority: 0
+Escort priority: 4
+Special Hitpoints: 140000
+Orders Accepted: 0		;! note that this is a bitfield!!!
+Group: 0
+Score: 800
+Persona Index: 3

$Name: GTCv Uphally		;! Object #3
$Class: GTCv Alexandria
$Team: Friendly
$Location: 15446.876953, 1004.203979, 21899.589844
$Orientation:
	-0.858526, 0.000000, 0.512769,
	0.000000, 1.000000, 0.000000,
	-0.512769, 0.000000, -0.858526
$AI Behavior: None
$AI Goals: ( goals ( ai-waypoints "way 6" 60 ) )
$Cargo 1:  XSTR("Nothing", -1)
+Initial Hull: 100
+Initial Shields: 100
+Subsystem: Pilot
+Subsystem: Turret01
+Subsystem: Turret02
+Subsystem: Turret03
+Subsystem: Turret04
+Subsystem: Turret05
+Subsystem: Turret06
+Subsystem: Turret07
+Subsystem: Turret08
+Subsystem: Turret09
+Subsystem: Turret10
+Subsystem: Turret11
+Subsystem: Turret12
+Subsystem: Turret13
+Subsystem: Turret14
+Subsystem: Turret15
+Subsystem: Turret16
+Subsystem: Turret17
+Subsystem: Turret18
+Subsystem: Turret19
+Subsystem: Turret20
+Subsystem: Turret21
+Subsystem: Turret22
+Subsystem: Turret23
+Subsystem: Turret24
+Subsystem: Turret25
+Subsystem: Turret26
+Subsystem: Turret27
+Subsystem: Turret28
+Subsystem: Turret29
+Subsystem: Turret30
$Arrival Location: Hyperspace
$Arrival Cue: ( true ) 
$Departure Location: Hyperspace
$Departure Cue: ( false ) 
$Determination: 10
+Flags: ( "cargo-known" "no-shields" "escort" )
+Flags2: ( )
+Respawn priority: 0
+Escort priority: 5
+Special Hitpoints: 140000
+Orders Accepted: 0		;! note that this is a bitfield!!!
+Group: 0
+Use Table Score:
+Score: 800
+Persona Index: 2

$Name: GTCv Neptune		;! Object #4
$Class: GTCv Coronis
$Team: Friendly
$Location: 14738.829102, -778.110413, 21736.314453
$Orientation:
	-0.858526, 0.000000, 0.512769,
	0.000000, 1.000000, 0.000000,
	-0.512769, 0.000000, -0.858526
$AI Behavior: None
$AI Goals: ( goals ( ai-waypoints "way 1" 60 ) )
$Cargo 1:  XSTR("Nothing", -1)
+Initial Hull: 100
+Initial Shields: 100
+Subsystem: Pilot
+Subsystem: turret01
+Subsystem: turret02
+Subsystem: turret03
+Subsystem: turret04
+Subsystem: turret05
+Subsystem: turret06
+Subsystem: turret07
+Subsystem: turret08
+Subsystem: turret09
+Subsystem: turret10
+Subsystem: turret11
+Subsystem: turret12
+Subsystem: turret13
+Subsystem: turret14
+Subsystem: turret15
+Subsystem: turret16
+Subsystem: turret17
+Subsystem: turret18
+Subsystem: turret19
+Subsystem: turret20
+Subsystem: turret21
+Subsystem: turret22
+Subsystem: turret23
+Subsystem: turret24
$Arrival Location: Hyperspace
$Arrival Cue: ( true ) 
$Departure Location: Hyperspace
$Departure Cue: ( false ) 
$Determination: 10
+Flags: ( "cargo-known" "no-shields" "escort" )
+Flags2: ( )
+Respawn priority: 0
+Escort priority: 3
+Special Hitpoints: 140000
+Orders Accepted: 0		;! note that this is a bitfield!!!
+Group: 0
+Score: 800
+Persona Index: 4

$Name: GTC Cyclone		;! Object #5
$Class: GTC Orca
$Team: Friendly
$Location: 15932.454102, -355.038879, 21348.283203
$Orientation:
	-0.858526, 0.000000, 0.512769,
	0.000000, 1.000000, 0.000000,
	-0.512769, 0.000000, -0.858526
$AI Behavior: None
$AI Goals: ( goals ( ai-waypoints "way 4" 60 ) )
$Cargo 1:  XSTR("Nothing", -1)
+Initial Hull: 100
+Initial Shields: 100
+Subsystem: Pilot
+Subsystem: turret01a
+Subsystem: turret02a
+Subsystem: turret03a
+Subsystem: turret04a
+Subsystem: turret05a
+Subsystem: turret06a
+Subsystem: turret07a
+Subsystem: turret08a
+Subsystem: turret09
+Subsystem: turret10
+Subsystem: turret11
+Subsystem: turret12
+Subsystem: turret13
+Subsystem: turret14
+Subsystem: turret15
+Subsystem: turret16
+Subsystem: turret17
+Subsystem: turret18
+Subsystem: turret19
+Subsystem: turret20
+Subsystem: turret21
+Subsystem: turretB1
+Subsystem: turretB2
+Subsystem: turretB3
$Arrival Location: Hyperspace
$Arrival Cue: ( true ) 
$Departure Location: Hyperspace
$Departure Cue: ( false ) 
$Determination: 10
+Flags: ( "cargo-known" "no-shields" "escort" )
+Flags2: ( )
+Respawn priority: 0
+Escort priority: 2
+Special Hitpoints: 80000
+Orders Accepted: 0		;! note that this is a bitfield!!!
+Group: 0
+Score: 8
+Persona Index: 3

$Name: GTC Gauntlet		;! Object #6
$Class: GTC Orca
$Team: Friendly
$Location: 14516.826172, 824.440063, 22617.416016
$Orientation:
	-0.858526, 0.000000, 0.512769,
	0.000000, 1.000000, 0.000000,
	-0.512769, 0.000000, -0.858526
$AI Behavior: None
$AI Goals: ( goals ( ai-waypoints "way 5" 60 ) )
$Cargo 1:  XSTR("Nothing", -1)
+Initial Hull: 100
+Initial Shields: 100
+Subsystem: Pilot
+Subsystem: turret01a
+Subsystem: turret02a
+Subsystem: turret03a
+Subsystem: turret04a
+Subsystem: turret05a
+Subsystem: turret06a
+Subsystem: turret07a
+Subsystem: turret08a
+Subsystem: turret09
+Subsystem: turret10
+Subsystem: turret11
+Subsystem: turret12
+Subsystem: turret13
+Subsystem: turret14
+Subsystem: turret15
+Subsystem: turret16
+Subsystem: turret17
+Subsystem: turret18
+Subsystem: turret19
+Subsystem: turret20
+Subsystem: turret21
+Subsystem: turretB1
+Subsystem: turretB2
+Subsystem: turretB3
$Arrival Location: Hyperspace
$Arrival Cue: ( true ) 
$Departure Location: Hyperspace
$Departure Cue: ( false ) 
$Determination: 10
+Flags: ( "cargo-known" "no-shields" "escort" )
+Flags2: ( )
+Respawn priority: 0
+Escort priority: 1
+Special Hitpoints: 80000
+Orders Accepted: 0		;! note that this is a bitfield!!!
+Group: 0
+Score: 8
+Persona Index: 3

$Name: Beta 1		;! Object #7
$Class: GTF Avalanche
$Alt: 76th Ice Queens

$Team: Friendly
$Location: 5915.952637, -11.300000, 11228.985352
$Orientation:
	-0.972072, 0.000000, 0.234683,
	-0.035997, 0.988166, -0.149102,
	-0.231906, -0.153386, -0.960569
$AI Behavior: None
$Cargo 1:  XSTR("Nothing", -1)
+Initial Hull: 100
+Subsystem: Pilot
+Primary Banks: ( "Starfury" "Devastator" )
$Arrival Location: Hyperspace
$Arrival Cue: ( false ) 
$Departure Location: Hyperspace
$Departure Cue: ( false ) 
$Determination: 10
+Flags: ( "cargo-known" )
+Flags2: ( )
+Respawn priority: 0
+Orders Accepted: 33023		;! note that this is a bitfield!!!
+Group: 0
+Use Table Score:
+Score: 10
+Persona Index: 0

$Name: Beta 2		;! Object #8
$Class: GTF Avalanche
$Alt: 76th Ice Queens

$Team: Friendly
$Location: 5877.993652, -11.300000, 11263.312500
$Orientation:
	-0.973919, 0.000000, 0.226896,
	-0.034653, 0.988268, -0.148745,
	-0.224234, -0.152728, -0.962493
$AI Behavior: None
$Cargo 1:  XSTR("Nothing", -1)
+Initial Hull: 100
+Subsystem: Pilot
+Primary Banks: ( "Starfury" "Devastator" )
$Arrival Location: Hyperspace
$Arrival Cue: ( false ) 
$Departure Location: Hyperspace
$Departure Cue: ( false ) 
$Determination: 10
+Flags: ( "cargo-known" )
+Flags2: ( )
+Respawn priority: 0
+Orders Accepted: 33023		;! note that this is a bitfield!!!
+Group: 0
+Use Table Score:
+Score: 10
+Persona Index: 1

$Name: Beta 3		;! Object #9
$Class: GTF Avalanche
$Alt: 76th Ice Queens

$Team: Friendly
$Location: 5844.946777, -11.300000, 11235.149414
$Orientation:
	-0.974957, 0.000000, 0.222393,
	-0.034173, 0.988124, -0.149812,
	-0.219752, -0.153660, -0.963378
$AI Behavior: None
$Cargo 1:  XSTR("Nothing", -1)
+Initial Hull: 100
+Subsystem: Pilot
+Primary Banks: ( "Starfury" "Devastator" )
$Arrival Location: Hyperspace
$Arrival Cue: ( false ) 
$Departure Location: Hyperspace
$Departure Cue: ( false ) 
$Determination: 10
+Flags: ( "cargo-known" )
+Flags2: ( )
+Respawn priority: 0
+Orders Accepted: 33023		;! note that this is a bitfield!!!
+Group: 0
+Use Table Score:
+Score: 10
+Persona Index: 2

$Name: Delta 1		;! Object #10
$Class: GTF Phoenix
$Alt: 76th Ice Queens

$Team: Friendly
$Location: 5880.412598, -11.300000, 10956.335938
$Orientation:
	-0.970758, 0.000000, 0.240060,
	-0.038666, 0.986943, -0.156357,
	-0.236925, -0.161067, -0.958083
$AI Behavior: None
$Cargo 1:  XSTR("Nothing", -1)
+Initial Hull: 100
+Subsystem: Pilot
$Arrival Location: Hyperspace
$Arrival Cue: ( false ) 
$Departure Location: Hyperspace
$Departure Cue: ( false ) 
$Determination: 10
+Flags: ( "cargo-known" )
+Flags2: ( )
+Respawn priority: 0
+Orders Accepted: 33023		;! note that this is a bitfield!!!
+Group: 0
+Score: 12
+Persona Index: 3
$Texture Replace:
+old: phwing
+new: phwingb

$Name: Delta 2		;! Object #11
$Class: GTF Phoenix
$Alt: 76th Ice Queens

$Team: Friendly
$Location: 5856.258301, -11.300000, 10994.632813
$Orientation:
	-0.972205, 0.000000, 0.234133,
	-0.037495, 0.987094, -0.155693,
	-0.231111, -0.160144, -0.959657
$AI Behavior: None
$Cargo 1:  XSTR("Nothing", -1)
+Initial Hull: 100
+Subsystem: Pilot
$Arrival Location: Hyperspace
$Arrival Cue: ( false ) 
$Departure Location: Hyperspace
$Departure Cue: ( false ) 
$Determination: 10
+Flags: ( "cargo-known" )
+Flags2: ( )
+Respawn priority: 0
+Orders Accepted: 33023		;! note that this is a bitfield!!!
+Group: 0
+Score: 12
+Persona Index: 4
$Texture Replace:
+old: phwing
+new: phwingb

$Name: Delta 3		;! Object #12
$Class: GTF Phoenix
$Alt: 76th Ice Queens

$Team: Friendly
$Location: 5820.293457, -11.300000, 10944.144531
$Orientation:
	-0.973219, 0.000000, 0.229880,
	-0.037203, 0.986817, -0.157503,
	-0.226849, -0.161837, -0.960390
$AI Behavior: None
$Cargo 1:  XSTR("Nothing", -1)
+Initial Hull: 100
+Subsystem: Pilot
$Arrival Location: Hyperspace
$Arrival Cue: ( false ) 
$Departure Location: Hyperspace
$Departure Cue: ( false ) 
$Determination: 10
+Flags: ( "cargo-known" )
+Flags2: ( )
+Respawn priority: 0
+Orders Accepted: 33023		;! note that this is a bitfield!!!
+Group: 0
+Score: 12
+Persona Index: 2
$Texture Replace:
+old: phwing
+new: phwingb

$Name: gamma 1		;! Object #13
$Class: GTF Raptor
$Alt: 76th Ice Queens

$Team: Friendly
$Location: 6042.247559, -11.300000, 11088.687500
$Orientation:
	-0.965022, 0.000000, 0.262167,
	-0.040960, 0.987720, -0.150772,
	-0.258948, -0.156237, -0.953172
$AI Behavior: None
$Cargo 1:  XSTR("Nothing", -1)
+Initial Hull: 100
+Subsystem: Pilot
$Arrival Location: Hyperspace
$Arrival Cue: ( false ) 
$Departure Location: Hyperspace
$Departure Cue: ( false ) 
$Determination: 10
+Flags: ( "cargo-known" )
+Flags2: ( )
+Respawn priority: 0
+Orders Accepted: 33023		;! note that this is a bitfield!!!
+Group: 0
+Score: 12
+Persona Index: 0
$Texture Replace:
+old: raptor
+new: raptorb

$Name: gamma 2		;! Object #14
$Class: GTF Raptor
$Alt: 76th Ice Queens

$Team: Friendly
$Location: 6018.542480, -11.300000, 11136.937500
$Orientation:
	-0.966687, 0.000000, 0.255960,
	-0.039705, 0.987896, -0.149953,
	-0.252862, -0.155121, -0.954986
$AI Behavior: None
$Cargo 1:  XSTR("Nothing", -1)
+Initial Hull: 100
+Subsystem: Pilot
$Arrival Location: Hyperspace
$Arrival Cue: ( false ) 
$Departure Location: Hyperspace
$Departure Cue: ( false ) 
$Determination: 10
+Flags: ( "cargo-known" )
+Flags2: ( )
+Respawn priority: 0
+Orders Accepted: 33023		;! note that this is a bitfield!!!
+Group: 0
+Score: 12
+Persona Index: 1
$Texture Replace:
+old: raptor
+new: raptorb

$Name: gamma 3		;! Object #15
$Class: GTF Raptor
$Alt: 76th Ice Queens

$Team: Friendly
$Location: 5990.346191, -11.300000, 11090.355469
$Orientation:
	-0.967400, 0.000000, 0.253253,
	-0.039650, 0.987668, -0.151460,
	-0.250129, -0.156564, -0.955470
$AI Behavior: None
$Cargo 1:  XSTR("Nothing", -1)
+Initial Hull: 100
+Subsystem: Pilot
$Arrival Location: Hyperspace
$Arrival Cue: ( false ) 
$Departure Location: Hyperspace
$Departure Cue: ( false ) 
$Determination: 10
+Flags: ( "cargo-known" )
+Flags2: ( )
+Respawn priority: 0
+Orders Accepted: 33023		;! note that this is a bitfield!!!
+Group: 0
+Score: 12
+Persona Index: 2
$Texture Replace:
+old: raptor
+new: raptorb

$Name: kappa 1		;! Object #16
$Class: GTTB Armageddon
$Alt: 77th Dark Angels

$Team: Friendly
$Location: 5351.126953, 75.981911, 11114.778320
$Orientation:
	-0.990277, 0.000000, 0.139108,
	-0.022182, 0.987205, -0.157906,
	-0.137329, -0.159456, -0.977607
$AI Behavior: None
$Cargo 1:  XSTR("Nothing", -1)
+Initial Velocity: 33
+Initial Hull: 100
+Subsystem: Pilot
+Subsystem: turret01-base
+Subsystem: turret02-base
+Subsystem: turret03-base
+Subsystem: turret04-base
$Arrival Location: Hyperspace
$Arrival Cue: ( false ) 
$Departure Location: Hyperspace
$Departure Cue: ( false ) 
$Determination: 10
+Flags: ( "cargo-known" )
+Flags2: ( )
+Respawn priority: 0
+Orders Accepted: 33023		;! note that this is a bitfield!!!
+Group: 0
+Use Table Score:
+Score: 50
+Persona Index: 3

$Name: kappa 2		;! Object #17
$Class: GTTB Armageddon
$Alt: 77th Dark Angels

$Team: Friendly
$Location: 5168.562012, -75.295471, 11010.427734
$Orientation:
	-0.994187, 0.000000, 0.107664,
	-0.017569, 0.986595, -0.162238,
	-0.106220, -0.163187, -0.980861
$AI Behavior: None
$Cargo 1:  XSTR("Nothing", -1)
+Initial Velocity: 33
+Initial Hull: 100
+Subsystem: Pilot
+Secondary Banks: ( "Helios" "Helios" "Helios" "" )
+Subsystem: turret01-base
+Subsystem: turret02-base
+Subsystem: turret03-base
+Subsystem: turret04-base
$Arrival Location: Hyperspace
$Arrival Cue: ( false ) 
$Departure Location: Hyperspace
$Departure Cue: ( false ) 
$Determination: 10
+Flags: ( "cargo-known" )
+Flags2: ( )
+Respawn priority: 0
+Orders Accepted: 33023		;! note that this is a bitfield!!!
+Group: 0
+Use Table Score:
+Score: 50
+Persona Index: 4

$Name: kappa 3		;! Object #18
$Class: GTTB Armageddon
$Alt: 77th Dark Angels

$Team: Friendly
$Location: 5400.215332, -73.076759, 10773.849609
$Orientation:
	-0.987449, 0.000000, 0.157937,
	-0.026785, 0.985514, -0.167464,
	-0.155649, -0.169593, -0.973145
$AI Behavior: None
$Cargo 1:  XSTR("Nothing", -1)
+Initial Velocity: 33
+Initial Hull: 100
+Subsystem: Pilot
+Subsystem: turret01-base
+Subsystem: turret02-base
+Subsystem: turret03-base
+Subsystem: turret04-base
$Arrival Location: Hyperspace
$Arrival Cue: ( false ) 
$Departure Location: Hyperspace
$Departure Cue: ( false ) 
$Determination: 10
+Flags: ( "cargo-known" )
+Flags2: ( )
+Respawn priority: 0
+Orders Accepted: 33023		;! note that this is a bitfield!!!
+Group: 0
+Use Table Score:
+Score: 50
+Persona Index: 2

$Name: alpha 2		;! Object #19
$Class: GTF Avalanche
$Alt: 76th Ice Queens

$Team: Friendly
$Location: 5693.312988, 87.918816, 11265.709961
$Orientation:
	-0.980745, 0.000000, 0.195291,
	-0.033354, 0.985307, -0.167502,
	-0.192421, -0.170790, -0.966336
$AI Behavior: None
$Cargo 1:  XSTR("Nothing", -1)
+Initial Hull: 100
+Subsystem: Pilot
$Arrival Location: Hyperspace
$Arrival Cue: ( false ) 
$Departure Location: Hyperspace
$Departure Cue: ( false ) 
$Determination: 10
+Flags: ( "cargo-known" )
+Flags2: ( )
+Respawn priority: 0
+Orders Accepted: 33023		;! note that this is a bitfield!!!
+Group: 0
+Use Table Score:
+Score: 10
+Persona Index: 0
$Texture Replace:
+old: avalanche
+new: avalancheb

$Name: alpha 3		;! Object #20
$Class: GTF Avalanche
$Alt: 76th Ice Queens

$Team: Friendly
$Location: 5672.746582, 87.918816, 11301.772461
$Orientation:
	-0.981681, 0.000000, 0.190532,
	-0.032364, 0.985468, -0.166750,
	-0.187764, -0.169862, -0.967415
$AI Behavior: None
$Cargo 1:  XSTR("Nothing", -1)
+Initial Hull: 100
+Subsystem: Pilot
$Arrival Location: Hyperspace
$Arrival Cue: ( false ) 
$Departure Location: Hyperspace
$Departure Cue: ( false ) 
$Determination: 10
+Flags: ( "cargo-known" )
+Flags2: ( )
+Respawn priority: 0
+Orders Accepted: 33023		;! note that this is a bitfield!!!
+Group: 0
+Use Table Score:
+Score: 10
+Persona Index: 1
$Texture Replace:
+old: avalanche
+new: avalancheb

$Name: kappa 4		;! Object #21
$Class: GTTB Armageddon
$Alt: 77th Dark Angels

$Team: Friendly
$Location: 5516.550293, -49.945137, 10946.513672
$Orientation:
	-0.984667, 0.000000, 0.174443,
	-0.028542, 0.986524, -0.161108,
	-0.172092, -0.163617, -0.971398
$AI Behavior: None
$Cargo 1:  XSTR("Nothing", -1)
+Initial Velocity: 33
+Initial Hull: 100
+Subsystem: Pilot
+Subsystem: turret01-base
+Subsystem: turret02-base
+Subsystem: turret03-base
+Subsystem: turret04-base
$Arrival Location: Hyperspace
$Arrival Cue: ( false ) 
$Departure Location: Hyperspace
$Departure Cue: ( false ) 
$Determination: 10
+Flags: ( "cargo-known" )
+Flags2: ( )
+Respawn priority: 0
+Orders Accepted: 33023		;! note that this is a bitfield!!!
+Group: 0
+Use Table Score:
+Score: 50
+Persona Index: 2

$Name: kappa 5		;! Object #22
$Class: GTTB Armageddon
$Alt: 77th Dark Angels

$Team: Friendly
$Location: 5414.429199, -108.175926, 11040.500000
$Orientation:
	-0.988271, 0.000000, 0.152713,
	-0.024638, 0.986900, -0.159443,
	-0.150713, -0.161336, -0.975324
$AI Behavior: None
$Cargo 1:  XSTR("Nothing", -1)
+Initial Velocity: 33
+Initial Hull: 100
+Subsystem: Pilot
+Subsystem: turret01-base
+Subsystem: turret02-base
+Subsystem: turret03-base
+Subsystem: turret04-base
$Arrival Location: Hyperspace
$Arrival Cue: ( false ) 
$Departure Location: Hyperspace
$Departure Cue: ( false ) 
$Determination: 10
+Flags: ( "cargo-known" )
+Flags2: ( )
+Respawn priority: 0
+Orders Accepted: 33023		;! note that this is a bitfield!!!
+Group: 0
+Use Table Score:
+Score: 50
+Persona Index: 4

$Name: kappa 6		;! Object #23
$Class: GTTB Armageddon
$Alt: 77th Dark Angels

$Team: Friendly
$Location: 5331.537598, 104.796562, 10923.842773
$Orientation:
	-0.990084, 0.000000, 0.140477,
	-0.023207, 0.986260, -0.163561,
	-0.138547, -0.165199, -0.976480
$AI Behavior: None
$Cargo 1:  XSTR("Nothing", -1)
+Initial Velocity: 33
+Initial Hull: 100
+Subsystem: Pilot
+Subsystem: turret01-base
+Subsystem: turret02-base
+Subsystem: turret03-base
+Subsystem: turret04-base
$Arrival Location: Hyperspace
$Arrival Cue: ( false ) 
$Departure Location: Hyperspace
$Departure Cue: ( false ) 
$Determination: 10
+Flags: ( "cargo-known" )
+Flags2: ( )
+Respawn priority: 0
+Orders Accepted: 33023		;! note that this is a bitfield!!!
+Group: 0
+Use Table Score:
+Score: 50
+Persona Index: 2

$Name: Foxtrot 1		;! Object #24
$Class: GTF Perseus
$Alt: 70th Blue Lions

$Team: Friendly
$Location: 15844.396484, -11.300000, 22140.621094
$Orientation:
	-0.802402, 0.000000, 0.596785,
	0.000588, 1.000000, 0.000791,
	-0.596784, 0.000986, -0.802401
$AI Behavior: None
$Cargo 1:  XSTR("Nothing", -1)
+Initial Velocity: 33
+Initial Hull: 100
+Subsystem: Pilot
$Arrival Location: Hyperspace
$Arrival Cue: ( false ) 
$Departure Location: Hyperspace
$Departure Cue: ( false ) 
$Determination: 10
+Flags: ( "cargo-known" )
+Flags2: ( )
+Respawn priority: 0
+Orders Accepted: 0		;! note that this is a bitfield!!!
+Group: 0
+Use Table Score:
+Score: 14
+Persona Index: 3

$Name: Foxtrot 2		;! Object #25
$Class: GTF Perseus
$Alt: 70th Blue Lions

$Team: Friendly
