#Mission Info

$Version: 0.10
$Name:  XSTR("The Battle of Adhara", -1)
$Author: Herkie Del Socorro
$Created: 07/03/11 at 22:16:57
$Modified: 07/02/17 at 19:54:56
$Notes:
This is a FRED2_OPEN created mission.
$End Notes:

$Mission Desc:
 XSTR("July 18, 2370 
The last battle to crush the UPC
", -1)
$end_multi_text
+Game Type Flags: 1
+Flags: 262344
+Fog Near Mult: 1.000000

+Fog Far Mult: 1.000000

+Disallow Support: 0
+Hull Repair Ceiling: 50.000000
+Subsystem Repair Ceiling: 100.000000

+Viewer pos: 1602.615112, 510.775146, -13519.477539
+Viewer orient:
	0.999968, -0.000003, 0.008013,
	-0.001816, 0.973889, 0.227018,
	-0.007805, -0.227025, 0.973858


$Load Screen 640:	LoadAct3Sa.dds
$Load Screen 1024:	LoadAct3La.dds

$Skybox Model: Adhara.pof

$AI Profile: AF1

#Sexp_variables

$Variables:
(
		0		"DestroyerDead"		"0"		"number"
		1		"Dice"		"0"		"number"
)
#Fiction Viewer

$File: LogA3C.txt
$Font: font01.vf

#Command Briefing

$Stage Text:
 XSTR("$B{ To the 77th Dark Angels
GTVA 7th Battlegroup $}

We have cornered the enemy here in $Y Adhara $Y Prime and there is no escape for them. The $R UPC is now desperate in their attempt to dominate our systems. Their reign of illegal activities in GTVA space have insulted us, undermined our dignity, degraded our posterity, and most of all deprived us of our right to peace and justice. They have corrupted our people and instill immoral fortitudes in our society. $B{ These bandits and thieves will face the ultimate sentence. $} Let us put an end to these atrocities. Make them pay, pilots! For our fallen comrades and for our beloved homelands.

$B{ Admiral William Cartwright
Commander of the 7th Battlegroup
GTVA Naval Forces $}", -1)
$end_multi_text
$Ani Filename: cb_Act3c.ani
+Wave Filename: none

#Briefing
$start_briefing
$num_stages: 3
$start_stage
$multi_text
 XSTR("This is Commodore Hero Tanaka, commander of the $G GTD $G Galileo. I'm leading this expedition so listen up. We have sighted the $R Delta $R Orion and the $R Grimskull in the vicinity of $Y Adhara $Y Prime. We have sketchy reports that their current resources are severely depleted. So this might be our best chance.", -1)
$end_multi_text
$voice: none.wav
$camera_pos: 36087.960938, 777.589539, -4853.448730
$camera_orient:
	0.999968, -0.000003, 0.008014,
	-0.002339, 0.956350, 0.292216,
	-0.007665, -0.292225, 0.956319
$camera_time: 5000
$num_lines: 0
$num_icons: 6
$Flags: 0
$Formula: ( true ) 
$start_icon
$type: 6
$team: Hostile
$class: GTD Orion
$pos: 36973.992188, -0.000174, -1142.419189
$label: UPC Grimskull
+id: 1
$hlight: 1
$mirror: 0
$multi_text
$end_multi_text
$end_icon
$start_icon
$type: 6
$team: Hostile
$class: Orion Refit
$pos: 36542.503906, -0.000281, -2964.052490
$label: UPC Delta Orion
+id: 2
$hlight: 1
$mirror: 0
$multi_text
$end_multi_text
$end_icon
$start_icon
$type: 6
$team: Friendly
$class: GTF Ulysses
$pos: 20483.041016, -0.000000, -11798.737305
$label: GTD Galileo
+id: 3
$hlight: 0
$mirror: 0
$multi_text
$end_multi_text
$end_icon
$start_icon
$type: 6
$team: Friendly
$class: GTF Ulysses
$pos: 19144.292969, -0.000000, -14882.979492
$label: GTD Hercules
+id: 4
$hlight: 0
$mirror: 0
$multi_text
$end_multi_text
$end_icon
$start_icon
$type: 1
$team: Friendly
$class: GTF Ulysses
$pos: 27383.630859, 0.000000, -15976.350586
$label: beta 4
+id: 5
$hlight: 0
$mirror: 0
$multi_text
$end_multi_text
$end_icon
$start_icon
$type: 7
$team: Friendly
$class: GTF Ulysses
$pos: 36015.644531, -0.000121, -2353.895264
$label: Adhara Prime
+id: 9
$hlight: 0
$mirror: 0
$multi_text
$end_multi_text
$end_icon
$end_stage
$start_stage
$multi_text
 XSTR("Let us not be confident. Even if their resources are down, they still pose a big threat to us. Their defensive capabilities are still very much effective and enemy reinforcements are sure to arrive. Our objective is to quickly destroy these capital ships with minimum casualties. The $G GTD $G Galileo and the $G GTD $G Hercules will do the main assault on these crafts.", -1)
$end_multi_text
$voice: none.wav
$camera_pos: 36087.960938, 777.589539, -4853.448730
$camera_orient:
	0.999968, -0.000003, 0.008014,
	-0.002339, 0.956350, 0.292216,
	-0.007665, -0.292225, 0.956319
$camera_time: 5000
$num_lines: 0
$num_icons: 7
$Flags: 0
$Formula: ( true ) 
$start_icon
$type: 6
$team: Hostile
$class: GTD Orion
$pos: 36713.492188, -0.000199, -1204.390503
$label: UPC Grimskull
+id: 1
$hlight: 0
$mirror: 0
$multi_text
$end_multi_text
$end_icon
$start_icon
$type: 6
$team: Hostile
$class: Orion Refit
$pos: 36407.351563, -0.000313, -2965.134521
$label: UPC Delta Orion
+id: 2
$hlight: 0
$mirror: 0
$multi_text
$end_multi_text
$end_icon
$start_icon
$type: 6
$team: Friendly
$class: GTD Galileo
$pos: 35505.726563, 0.000326, -2998.501953
$label: GTD Galileo
+id: 3
$hlight: 1
$mirror: 1
$multi_text
$end_multi_text
$end_icon
$start_icon
$type: 6
$team: Friendly
$class: GTD Hercules
$pos: 34985.277344, 0.000065, -1064.951050
$label: GTD Hercules
+id: 4
$hlight: 1
$mirror: 1
$multi_text
$end_multi_text
$end_icon
$start_icon
$type: 1
$team: Friendly
$class: GTF Ulysses
$pos: 27383.630859, 0.000000, -15976.350586
$label: beta 4
+id: 5
$hlight: 0
$mirror: 0
$multi_text
$end_multi_text
$end_icon
$start_icon
$type: 7
$team: Hostile
$class: SD Ravana
$pos: 15601.167969, 1016.637390, -10563.947266
$label: SD Ravana
+id: 8
$hlight: 0
$mirror: 0
$multi_text
$end_multi_text
$end_icon
$start_icon
$type: 7
$team: Friendly
$class: GTF Ulysses
$pos: 36015.644531, -0.000121, -2353.895264
$label: Adhara Prime
+id: 9
$hlight: 0
$mirror: 0
$multi_text
$end_multi_text
$end_icon
$end_stage
$start_stage
$multi_text
 XSTR("Our enemy, still, have their fighter and bomber capabilities and they will certainly use them. One of the major threats will be the dreaded $R Skull $R Demon squadron so be wary of them. The role of the $G Dark $G Angels will be to protect our capital ships. We must not lose even one of our destroyers. If we are to succeed, we must do this by the book. $B{ Protect the destroyers at all cost. $}", -1)
$end_multi_text
$voice: none.wav
$camera_pos: 36087.960938, 777.589539, -4853.448730
$camera_orient:
	0.999968, -0.000003, 0.008014,
	-0.002339, 0.956350, 0.292216,
	-0.007665, -0.292225, 0.956319
$camera_time: 5000
$num_lines: 0
$num_icons: 9
$Flags: 0
$Formula: ( true ) 
$start_icon
$type: 6
$team: Hostile
$class: GTD Orion
$pos: 36713.492188, -0.000199, -1204.390503
$label: UPC Grimskull
+id: 1
$hlight: 0
$mirror: 0
$multi_text
$end_multi_text
$end_icon
$start_icon
$type: 6
$team: Hostile
$class: Orion Refit
$pos: 36407.351563, -0.000313, -2965.134521
$label: UPC Delta Orion
+id: 2
$hlight: 0
$mirror: 0
$multi_text
$end_multi_text
$end_icon
$start_icon
$type: 6
$team: Friendly
$class: GTD Galileo
$pos: 35505.726563, 0.000326, -2998.501953
$label: GTD Galileo
+id: 3
$hlight: 0
$mirror: 1
$multi_text
$end_multi_text
$end_icon
$start_icon
$type: 6
$team: Friendly
$class: GTD Hercules
$pos: 34985.277344, 0.000065, -1064.951050
$label: GTD Hercules
+id: 4
$hlight: 0
$mirror: 1
$multi_text
$end_multi_text
$end_icon
$start_icon
$type: 1
$team: Friendly
$class: GTF Falcon
$pos: -93501.289063, 0.000000, 243975.046875
$label: Dark Angels
+id: 5
$hlight: 1
$mirror: 0
$multi_text
$end_multi_text
$end_icon
$start_icon
$type: 1
$team: Hostile
$class: UPC Scorpion
$pos: 36733.828125, 0.000256, -2988.666504
$label: Skull Demons
+id: 6
$hlight: 1
$mirror: 0
$multi_text
$end_multi_text
$end_icon
$start_icon
$type: 17
$team: Hostile
$class: GTB Medusa
$pos: 36340.031250, 613.799316, -4077.594482
$label: UPC Bombers
+id: 7
$hlight: 1
$mirror: 0
$multi_text
$end_multi_text
$end_icon
$start_icon
$type: 7
$team: Hostile
$class: SD Ravana
$pos: 15601.167969, 1016.637390, -10563.947266
$label: SD Ravana
+id: 8
$hlight: 0
$mirror: 0
$multi_text
$end_multi_text
$end_icon
$start_icon
$type: 7
$team: Friendly
$class: GTF Ulysses
$pos: 36015.644531, -0.000121, -2353.895264
$label: Adhara Prime
+id: 9
$hlight: 0
$mirror: 0
$multi_text
$end_multi_text
$end_icon
$end_stage
$end_briefing

#Debriefing_info

$Num stages: 3

$Formula: ( is-goal-true-delay 
   "Protect the GTDs" 
   0 
)
$Multi text
    XSTR("$B{ To Lt. Commander John Richter
77th Dark Angels Squadron $}

Great work, pilot! The threat of the $R UPC is no more. We have completely and decisively resolved the $quotePiracy Issue$quote and high command is pleased for this achievement. Although the $G GTD $G Galileo was severely damaged by the engagement, it only proves that we have the capability to repel any enemy force significantly. However, this encounter we have with the $R Shivans after 3 long years have realized our greatest fear. They have returned in full force. We can only speculate the next chain of events.

Once again, we face the greatest challenge of all. The GTVA high Command has concluded that it was the Shivan's retribution after their defeat in $Y Capella. But was it really a defeat for them? I can only reflect that what had transpired long ago was just a staging process for them in order to launch a final blow against us and Capella's destruction was only to postpone the inevitable. That would seem more likely. Another test for our survival from annihilation. We will, again, step into the bloody path and suffer the pangs of battle.

This is a formal declaration of war. We must be vigilant now.

$B{ Admiral William Cartwright
Commander of the 7th Battlegroup $}

$P{ LCARS UPDATE: $} $G{New entries in Techroom Database $}", -1)
$end_multi_text
$Voice: none.wav
$Recommendation text:
    XSTR("We have no freaking recommendations.", -1)
$end_multi_text

$Formula: ( and 
   ( is-goal-false-delay 
      "Protect the GTDs" 
      0 
   )
   ( is-event-false-delay 
      "shivan fighters" 
      0 
   )
)
$Multi text
    XSTR("$B{ To Lt. Commander John Richter
77th Dark Angels Squadron $}

The destruction of one our destroyers was a great blow for us. As a consequence we failed our expedition to eliminate the $R UPC leaders. We took so long to secure $Y Adhara that enemy reinforcements have arrived and almost wiped out our forces. The Delta Orion was able to repair their jump drives and escaped.

Because of this disaster, High Command have recommended the dissolution of the $G 7th $G Battlegroup. I am relieved of my command and the prototypes will be placed in refit status and back to the drawing board. Effective tomorrow, you are hereby stripped of your status as an officer and soldier of the GTVA. All benefits you enjoy are revoked.

It was an honor and pleasure of having you under me. Your talents might be of use somewhere.

$B{ Admiral William Cartwright
Commander of the 7th Battlegroup $}", -1)
$end_multi_text
$Voice: none.wav
$Recommendation text:
    XSTR("The bombers. Watch out for the bombers", -1)
$end_multi_text

$Formula: ( and 
   ( is-goal-false-delay 
      "Protect the GTDs" 
      0 
   )
   ( is-event-true-delay 
      "shivan fighters" 
      0 
   )
)
$Multi text
    XSTR("$B{ To Lt. Commander John Richter
77th Dark Angels Squadron $}

It might have been a great day for us having eliminated the $R{ United Pirate Coalition. $} But these turn of events caught us off guard. It was unexpected. We have not considered the return of the $R Shivans. We can only speculate the outcome of this situation. The GTVA is now in a state of war and will be facing once again our annihilation. 

Because of this disaster, High Command have recommended the dissolution of the $G 7th $G Battlegroup. I am relieved of my command. Our ships will then be deployed in other fleet. Effective tomorrow, you are hereby stripped of your status as an officer and soldier of the GTVA. All benefits you enjoy are revoked.

It was an honor and pleasure of having you under me. Your talents might be of use somewhere. But in the end, we will all be dead.

$B{ Admiral William Cartwright
Commander of the 7th Battlegroup $}", -1)
$end_multi_text
$Voice: none.wav
$Recommendation text:
    XSTR("How do we neutralize enemy destroyers? Eliminate the beam cannons.", -1)
$end_multi_text

#Alternate Types:
$Alt: 7th Battlegroup
$Alt: Skull Demons
$Alt: Pirate Capital Ship
$Alt: UPC Bomber Wing

#end


#Callsigns:
$Callsign: 

#end


#Players		;! 1 total

$Starting Shipname: Alpha 1
$Ship Choices: (
	"GTB Boanerges"	5
	"GTF Phoenix"	8
)

+Weaponry Pool: (
	"Subach HL-7"	16
	"Akheton SDG"	100
	"Morning Star"	16
	"Prometheus R"	16
	"Prometheus S"	16
	"Maxim"	16
	"UD-8 Kayser"	16
	"Ripper"	16
	"Devastator"	16
	"Rockeye"	500
	"Tempest"	2000
	"Hornet"	1200
	"Tornado"	1200
	"Harpoon"	500
	"Trebuchet"	500
	"Piranha"	500
	"Stiletto II"	500
	"Cyclops"	500
	"Helios"	500
	"Screamer"	3840
)

#Objects		;! 175 total

$Name: Alpha 1		;! Object #0
$Class: GTF Falcon
$Team: Friendly
$Location: 1510.599731, -280.887817, -8908.090820
$Orientation:
	0.621610, -0.783327, 0.000000,
	0.783327, 0.621610, 0.000000,
	0.000000, 0.000000, 1.000000
$AI Behavior: None
$Cargo 1:  XSTR("Nothing", -1)
+Initial Hull: 100
+Subsystem: Pilot
$Arrival Location: Hyperspace
$Arrival Cue: ( false ) 
$Departure Location: Hyperspace
$Departure Cue: ( false ) 
$Determination: 10
+Flags: ( "cargo-known" "player-start" )
+Flags2: ( )
+Respawn priority: 0
+Special Hitpoints: 2000
+Orders Accepted: 33023		;! note that this is a bitfield!!!
+Group: 0
+Score: 8

$Name: GTD Hercules		;! Object #1
$Class: GTD Hercules
$Alt: 7th Battlegroup

$Team: Friendly
$Location: 1058.308472, 0.000000, -12160.299805
$Orientation:
	1.000000, 0.000000, 0.000000,
	0.000000, 1.000000, 0.000000,
	0.000000, 0.000000, 1.000000
$AI Behavior: None
$AI Goals: ( goals ( ai-waypoints-once "Waypoint path 2" 50 ) )
$Cargo 1:  XSTR("Nothing", -1)
+Initial Hull: 100
+Initial Shields: 100
+Subsystem: Pilot
+Subsystem: turret01a-base
+Subsystem: turret02a-base
+Subsystem: turret03a-base
+Subsystem: turret04a-base
+Subsystem: turret05a
+Subsystem: turret06a
+Subsystem: turret07a
+Subsystem: turret08a
+Subsystem: turret09a
+Subsystem: turret10a
+Subsystem: turret11a
+Subsystem: turret12a
+Subsystem: turret13a
+Subsystem: turret14a
+Subsystem: turret15a
+Subsystem: turret16a
+Subsystem: turret17a-base
+Subsystem: turret18a-base
+Subsystem: turret19a-base
+Subsystem: turret20a-base
+Subsystem: turret21a-base
+Subsystem: turret22a-base
+Subsystem: turret23a-base
+Subsystem: turret24a-base
+Subsystem: turret25a
+Subsystem: turret26a
+Subsystem: turret27a
+Subsystem: turret28a
+Subsystem: turret29a
+Subsystem: turret30a
+Subsystem: turret31a
+Subsystem: turret32a
+Subsystem: turret33a
+Subsystem: turret34a
+Subsystem: turret35a
+Subsystem: turret36a
+Subsystem: turret37a
+Subsystem: turret38a
+Subsystem: turret39a
+Subsystem: turret40a
+Subsystem: turret41a
+Subsystem: turret42a
+Subsystem: turret43a
+Subsystem: turret44a
+Subsystem: turret45a
+Subsystem: turret46a
+Subsystem: turret47a
+Subsystem: turret48a
+Subsystem: turret49a
+Subsystem: turret50a
+Subsystem: turret51a
+Subsystem: turret52a
+Subsystem: turret53a
+Subsystem: turret54a
+Subsystem: turret55a
+Subsystem: turret56a
+Subsystem: turret57a
+Subsystem: turret58a
+Subsystem: turret59a
+Subsystem: turret60a
$Arrival Location: Hyperspace
+Arrival Delay: 20
$Arrival Cue: ( true ) 
$Departure Location: Hyperspace
+Departure delay: 7
$Departure Cue: ( is-event-true-delay 
   "GTD Hercules warp out" 
   0 
)
$Determination: 10
+Flags: ( "cargo-known" "no-shields" "escort" )
+Flags2: ( )
+Respawn priority: 0
+Escort priority: 5
+Special Hitpoints: 320000
+Orders Accepted: 0		;! note that this is a bitfield!!!
+Group: 0
+Score: 1000

$Name: Alpha 2		;! Object #2
$Class: GTF Falcon
$Team: Friendly
$Location: 1516.860474, -280.887817, -8812.912109
$Orientation:
	0.621610, -0.783327, 0.000000,
	0.783327, 0.621610, 0.000000,
	0.000000, 0.000000, 1.000000
$AI Behavior: None
$Cargo 1:  XSTR("Nothing", -1)
+Initial Hull: 100
+Subsystem: Pilot
$Arrival Location: Hyperspace
$Arrival Cue: ( false ) 
$Departure Location: Hyperspace
$Departure Cue: ( false ) 
$Determination: 10
+Flags: ( "cargo-known" "invulnerable" )
+Flags2: ( )
+Respawn priority: 0
+Special Hitpoints: 2000
+Orders Accepted: 33023		;! note that this is a bitfield!!!
+Group: 0
+Use Table Score:
+Score: 10
+Persona Index: 0

$Name: Alpha 3		;! Object #3
$Class: GTF Falcon
$Team: Friendly
$Location: 1479.462036, -280.887817, -8756.162109
$Orientation:
	0.621610, -0.783327, 0.000000,
	0.783327, 0.621610, 0.000000,
	0.000000, 0.000000, 1.000000
$AI Behavior: None
$Cargo 1:  XSTR("Nothing", -1)
+Initial Hull: 100
+Subsystem: Pilot
$Arrival Location: Hyperspace
$Arrival Cue: ( false ) 
$Departure Location: Hyperspace
$Departure Cue: ( false ) 
$Determination: 10
+Flags: ( "cargo-known" "invulnerable" )
+Flags2: ( )
+Respawn priority: 0
+Special Hitpoints: 2000
+Orders Accepted: 33023		;! note that this is a bitfield!!!
+Group: 0
+Use Table Score:
+Score: 10
+Persona Index: 1

$Name: Alpha 4		;! Object #4
$Class: GTF Falcon
$Team: Friendly
$Location: 1508.948853, -280.887817, -8794.875977
$Orientation:
	0.605820, -0.795602, 0.000000,
	0.795602, 0.605820, 0.000000,
	0.000000, 0.000000, 1.000000
$AI Behavior: None
$Cargo 1:  XSTR("Nothing", -1)
+Initial Hull: 100
+Subsystem: Pilot
$Arrival Location: Hyperspace
$Arrival Cue: ( false ) 
$Departure Location: Hyperspace
$Departure Cue: ( false ) 
$Determination: 10
+Flags: ( "cargo-known" )
+Flags2: ( )
+Respawn priority: 0
+Special Hitpoints: 2000
+Orders Accepted: 33023		;! note that this is a bitfield!!!
+Group: 0
+Use Table Score:
+Score: 10
+Persona Index: 2

$Name: beta 1		;! Object #5
$Class: GTF Falcon
$Team: Friendly
$Location: 1540.405884, -280.887817, -8883.789063
$Orientation:
	0.708670, -0.705541, 0.000000,
	0.705541, 0.708670, 0.000000,
	0.000000, 0.000000, 1.000000
$AI Behavior: None
$Cargo 1:  XSTR("Nothing", -1)
+Initial Hull: 100
+Subsystem: Pilot
$Arrival Location: Hyperspace
$Arrival Cue: ( false ) 
$Departure Location: Hyperspace
$Departure Cue: ( false ) 
$Determination: 10
+Flags: ( "cargo-known" "invulnerable" )
+Flags2: ( )
+Respawn priority: 0
+Special Hitpoints: 2000
+Orders Accepted: 33023		;! note that this is a bitfield!!!
+Group: 0
+Use Table Score:
+Score: 10
+Persona Index: 2

$Name: beta 2		;! Object #6
$Class: GTF Falcon
$Team: Friendly
$Location: 1531.859009, -280.887817, -8845.167969
$Orientation:
	0.708670, -0.705541, 0.000000,
	0.705541, 0.708670, 0.000000,
	0.000000, 0.000000, 1.000000
$AI Behavior: None
$Cargo 1:  XSTR("Nothing", -1)
+Initial Hull: 100
+Subsystem: Pilot
$Arrival Location: Hyperspace
$Arrival Cue: ( false ) 
$Departure Location: Hyperspace
$Departure Cue: ( false ) 
$Determination: 10
+Flags: ( "cargo-known" )
+Flags2: ( )
+Respawn priority: 0
+Special Hitpoints: 2000
+Orders Accepted: 33023		;! note that this is a bitfield!!!
+Group: 0
+Use Table Score:
+Score: 10
+Persona Index: 2

$Name: beta 3		;! Object #7
$Class: GTF Falcon
$Team: Friendly
$Location: 1559.674927, -280.887817, -8850.882813
$Orientation:
	0.708670, -0.705541, 0.000000,
	0.705541, 0.708670, 0.000000,
	0.000000, 0.000000, 1.000000
$AI Behavior: None
$Cargo 1:  XSTR("Nothing", -1)
+Initial Hull: 100
+Subsystem: Pilot
$Arrival Location: Hyperspace
$Arrival Cue: ( false ) 
$Departure Location: Hyperspace
$Departure Cue: ( false ) 
$Determination: 10
+Flags: ( "cargo-known" )
+Flags2: ( )
+Respawn priority: 0
+Special Hitpoints: 2000
+Orders Accepted: 33023		;! note that this is a bitfield!!!
+Group: 0
+Use Table Score:
+Score: 10
+Persona Index: 3

$Name: beta 4		;! Object #8
$Class: GTF Falcon
$Team: Friendly
$Location: 1557.544556, -280.887817, -8888.580078
$Orientation:
	0.756282, -0.654246, 0.000000,
	0.654246, 0.756282, 0.000000,
	0.000000, 0.000000, 1.000000
$AI Behavior: None
$Cargo 1:  XSTR("Nothing", -1)
+Initial Hull: 100
+Subsystem: Pilot
$Arrival Location: Hyperspace
$Arrival Cue: ( false ) 
$Departure Location: Hyperspace
$Departure Cue: ( false ) 
$Determination: 10
+Flags: ( "cargo-known" )
+Flags2: ( )
+Respawn priority: 0
+Special Hitpoints: 2000
+Orders Accepted: 33023		;! note that this is a bitfield!!!
+Group: 0
+Use Table Score:
+Score: 10
+Persona Index: 2

$Name: UPC Delta Orion		;! Object #9
$Class: Orion Refit
$Alt: Pirate Capital Ship

$Team: Hostile
$Location: 1212.430420, 0.000000, 2951.639160
$Orientation:
	0.053459, -0.056156, -0.996991,
	0.724287, 0.689499, 0.000000,
	0.687424, -0.722107, 0.077533
$AI Behavior: None
$Cargo 1:  XSTR("Nothing", -1)
+Initial Hull: 100
+Initial Shields: 100
+Subsystem: Pilot
+Subsystem: turret01a
+Primary Banks: ( "Shivan Turret Laser" )
+Subsystem: turret02a
+Primary Banks: ( "Shivan Turret Laser" )
+Subsystem: turret03a
+Primary Banks: ( "Shivan Turret Laser" )
+Subsystem: turret04a
+Primary Banks: ( "Shivan Turret Laser" )
+Subsystem: turret05a
+Sbank Ammo: ( 0 )
+Subsystem: turret06
+Subsystem: turret07
+Primary Banks: ( "LRBGreen" )
+Subsystem: turret08
+Subsystem: turret09
+Primary Banks: ( "Shivan Turret Laser" )
+Subsystem: turret10
+Subsystem: turret11
+Primary Banks: ( "Shivan Turret Laser" )
+Subsystem: turret12
+Subsystem: turret13
+Primary Banks: ( "Shivan Turret Laser" )
+Subsystem: turret14
+Primary Banks: ( "Shivan Turret Laser" )
+Subsystem: turret15
+Subsystem: turret16
+Primary Banks: ( "Shivan Turret Laser" )
+Subsystem: turret17
+Primary Banks: ( "Shivan Turret Laser" )
+Subsystem: turret18
+Primary Banks: ( "Shivan Turret Laser" )
+Subsystem: turret19
+Primary Banks: ( "Shivan Turret Laser" )
+Subsystem: turret20
+Primary Banks: ( "Shivan Turret Laser" )
+Subsystem: turret21
+Primary Banks: ( "Shivan Turret Laser" )
+Subsystem: turret22
+Primary Banks: ( "Shivan Turret Laser" )
+Subsystem: turret23
+Subsystem: turret24
+Primary Banks: ( "BFGreen" )
$Arrival Location: Hyperspace
$Arrival Cue: ( true ) 
$Departure Location: Hyperspace
$Departure Cue: ( false ) 
$Determination: 10
+Flags: ( "cargo-known" "no-shields" "escort" )
+Flags2: ( )
+Respawn priority: 0
+Escort priority: 3
+Special Hitpoints: 400000
+Group: 0
+Use Table Score:
+Score: 1000

$Name: UPC Grimskull		;! Object #10
$Class: GTD Orion
$Alt: Pirate Capital Ship

$Team: Hostile
$Location: 2393.029785, 89.239372, 1958.220703
$Orientation:
	0.054416, 0.017232, -0.998370,
	0.755911, 0.652569, 0.052465,
	0.652409, -0.757535, 0.022484
$AI Behavior: None
+AI Class: BP2-Major
$Cargo 1:  XSTR("Nothing", -1)
+Initial Velocity: 33
+Initial Hull: 100
+Initial Shields: 100
+Subsystem: Pilot
+Subsystem: turret01a
+Subsystem: turret02a
+Primary Banks: ( "Shivan Turret Laser" "Shivan Turret Laser" "Shivan Turret Laser" )
+Subsystem: turret03a
+Primary Banks: ( "Shivan Turret Laser" "Shivan Turret Laser" "Shivan Turret Laser" )
+Subsystem: turret04a
+Primary Banks: ( "Shivan Turret Laser" "Shivan Turret Laser" "Shivan Turret Laser" )
+Subsystem: turret05a
+Primary Banks: ( "Shivan Turret Laser" "Shivan Turret Laser" "Shivan Turret Laser" )
+Subsystem: turret06
+Subsystem: turret07
+Subsystem: turret08
+Subsystem: turret09
+Subsystem: turret10
+Subsystem: turret11
+Primary Banks: ( "TerSlash" )
+Subsystem: turret12
+Primary Banks: ( "Shivan Turret Laser" )
+Subsystem: turret13
+Primary Banks: ( "Shivan Turret Laser" )
+Subsystem: turret14
+Subsystem: turret15
+Primary Banks: ( "Shivan Turret Laser" )
+Subsystem: turret16
$Arrival Location: Hyperspace
$Arrival Cue: ( true ) 
$Departure Location: Hyperspace
$Departure Cue: ( false ) 
$Determination: 10
+Flags: ( "cargo-known" "no-shields" "escort" )
+Flags2: ( )
+Respawn priority: 0
+Escort priority: 2
+Special Hitpoints: 250000
+Orders Accepted: 0		;! note that this is a bitfield!!!
+Group: 0
+Use Table Score:
+Score: 1000

$Name: GTD Galileo		;! Object #11
$Class: GTD Galileo
$Alt: 7th Battlegroup

$Team: Friendly
$Location: 2487.777344, 0.000000, -10970.104492
$Orientation:
	1.000000, 0.000000, 0.000000,
	0.000000, 1.000000, 0.000000,
	0.000000, 0.000000, 1.000000
$AI Behavior: None
$AI Goals: ( goals ( ai-waypoints-once "Waypoint path 3" 50 ) )
$Cargo 1:  XSTR("Nothing", -1)
+Initial Hull: 100
+Initial Shields: 100
+Subsystem: Pilot
+Subsystem: turret01
+Subsystem: turret02
+Subsystem: turret03
+Subsystem: turret04
+Subsystem: turret05
+Subsystem: turret06
+Subsystem: turret07
+Subsystem: turret08
+Subsystem: turret09
+Subsystem: turret10
+Subsystem: turret11
+Subsystem: turret12
+Subsystem: turret13
+Subsystem: turret14
+Subsystem: turret15
+Subsystem: turret16
+Subsystem: turret17
+Subsystem: turret18
+Subsystem: turret19
+Subsystem: turret20
+Subsystem: turret21
+Subsystem: turret22
+Subsystem: turret23
+Subsystem: turret24
+Subsystem: turret25
+Subsystem: turret26
+Subsystem: turret27
+Subsystem: turret28
+Subsystem: turret29
+Subsystem: turret30
+Subsystem: turret31
+Subsystem: turret32
+Subsystem: turret33
+Subsystem: turret34
+Subsystem: turret35
+Subsystem: turret36
+Subsystem: turret37
+Subsystem: turret38
+Subsystem: turret39
+Subsystem: turret40
+Subsystem: turret41
+Subsystem: turret42
+Subsystem: turret43
+Subsystem: turret44
+Subsystem: turret45
+Subsystem: turret46
$Arrival Location: Hyperspace
+Arrival Delay: 20
$Arrival Cue: ( true ) 
$Departure Location: Hyperspace
$Departure Cue: ( false ) 
$Determination: 10
+Flags: ( "cargo-known" "no-shields" "escort" )
+Flags2: ( )
+Respawn priority: 0
+Escort priority: 4
+Special Hitpoints: 320000
+Orders Accepted: 0		;! note that this is a bitfield!!!
+Group: 0
+Use Table Score:
+Score: 1300

$Name: Freyja 1		;! Object #12
$Class: UPC Scorpion
$Alt: Skull Demons

$Team: Hostile
$Location: 1569.219604, -438.316284, 2697.040283
$Orientation:
	-0.751517, 0.658953, 0.031680,
	0.655580, 0.751314, -0.075782,
	-0.073739, -0.036183, -0.996621
$AI Behavior: None
$Cargo 1:  XSTR("Nothing", -1)
+Initial Hull: 100
+Subsystem: Pilot
$Arrival Location: Hyperspace
$Arrival Cue: ( false ) 
$Departure Location: Hyperspace
$Departure Cue: ( false ) 
$Determination: 10
+Flags: ( "cargo-known" "no-arrival-warp" )
+Flags2: ( )
+Respawn priority: 0
+Group: 0
+Use Table Score:
+Score: 12

$Name: Freyja 2		;! Object #13
$Class: UPC Scorpion
$Alt: Skull Demons

$Team: Hostile
$Location: 1549.113403, -409.775696, 2692.518066
$Orientation:
	-0.751751, 0.658952, 0.025550,
	0.656172, 0.751313, -0.070486,
	-0.065643, -0.036223, -0.997186
$AI Behavior: None
$Cargo 1:  XSTR("Nothing", -1)
+Initial Hull: 100
+Subsystem: Pilot
$Arrival Location: Hyperspace
$Arrival Cue: ( false ) 
$Departure Location: Hyperspace
$Departure Cue: ( false ) 
$Determination: 10
+Flags: ( "cargo-known" "no-arrival-warp" )
+Flags2: ( )
+Respawn priority: 0
+Group: 0
+Use Table Score:
+Score: 12

$Name: Freyja 3		;! Object #14
$Class: UPC Scorpion
$Alt: Skull Demons

$Team: Hostile
$Location: 1529.759399, -393.374451, 2692.751465
$Orientation:
	-0.752040, 0.658943, 0.015163,
	0.657048, 0.751302, -0.061907,
	-0.052185, -0.036594, -0.997967
$AI Behavior: None
$Cargo 1:  XSTR("Nothing", -1)
+Initial Hull: 100
+Subsystem: Pilot
$Arrival Location: Hyperspace
$Arrival Cue: ( false ) 
$Departure Location: Hyperspace
$Departure Cue: ( false ) 
$Determination: 10
+Flags: ( "cargo-known" "no-arrival-warp" )
+Flags2: ( )
+Respawn priority: 0
+Group: 0
+Use Table Score:
+Score: 12

$Name: Freyja 4		;! Object #15
$Class: UPC Scorpion
$Alt: Skull Demons

$Team: Hostile
$Location: 1509.877319, -374.321716, 2693.293457
$Orientation:
	-0.752188, 0.658933, 0.004477,
	0.657829, 0.751290, -0.053139,
	-0.038379, -0.037025, -0.998577
$AI Behavior: None
$Cargo 1:  XSTR("Nothing", -1)
+Initial Hull: 100
+Subsystem: Pilot
$Arrival Location: Hyperspace
$Arrival Cue: ( false ) 
$Departure Location: Hyperspace
$Departure Cue: ( false ) 
$Determination: 10
+Flags: ( "cargo-known" "no-arrival-warp" )
+Flags2: ( )
+Respawn priority: 0
+Group: 0
+Use Table Score:
+Score: 12

$Name: Freyja 5		;! Object #16
$Class: UPC Scorpion
$Alt: Skull Demons

$Team: Hostile
$Location: 1489.480835, -356.000366, 2692.696045
$Orientation:
	-0.752161, 0.658948, 0.006511,
	0.657732, 0.751307, -0.054102,
	-0.040542, -0.036411, -0.998514
$AI Behavior: None
$Cargo 1:  XSTR("Nothing", -1)
+Initial Hull: 100
+Subsystem: Pilot
$Arrival Location: Hyperspace
$Arrival Cue: ( false ) 
$Departure Location: Hyperspace
$Departure Cue: ( false ) 
$Determination: 10
+Flags: ( "cargo-known" "no-arrival-warp" )
+Flags2: ( )
+Respawn priority: 0
+Group: 0
+Use Table Score:
+Score: 12

$Name: Freyja 6		;! Object #17
$Class: UPC Scorpion
$Alt: Skull Demons

$Team: Hostile
$Location: 1469.275757, -338.642273, 2693.240723
$Orientation:
	-0.752009, 0.658957, 0.016075,
	0.657030, 0.751319, -0.061905,
	-0.052870, -0.035992, -0.997953
$AI Behavior: None
$Cargo 1:  XSTR("Nothing", -1)
+Initial Hull: 100
+Subsystem: Pilot
$Arrival Location: Hyperspace
$Arrival Cue: ( false ) 
$Departure Location: Hyperspace
$Departure Cue: ( false ) 
$Determination: 10
+Flags: ( "cargo-known" "no-arrival-warp" )
+Flags2: ( )
+Respawn priority: 0
+Group: 0
+Use Table Score:
+Score: 12

$Name: Njord 1		;! Object #18
$Class: UPC Scorpion
$Alt: Skull Demons

$Team: Hostile
$Location: 1445.717163, -327.316895, 2695.923340
$Orientation:
	-0.729880, 0.667716, -0.146393,
	0.679911, 0.731271, -0.054457,
	0.070691, -0.139281, -0.987726
$AI Behavior: None
$Cargo 1:  XSTR("Nothing", -1)
+Initial Hull: 100
+Subsystem: Pilot
$Arrival Location: Hyperspace
$Arrival Cue: ( false ) 
$Departure Location: Hyperspace
$Departure Cue: ( false ) 
$Determination: 10
+Flags: ( "cargo-known" "no-arrival-warp" )
+Flags2: ( )
+Respawn priority: 0
+Group: 0
+Use Table Score:
+Score: 12

$Name: Njord 2		;! Object #19
$Class: UPC Scorpion
$Alt: Skull Demons

$Team: Hostile
$Location: 1425.317139, -308.711609, 2695.823242
$Orientation:
	-0.732690, 0.667601, -0.132193,
	0.678695, 0.731145, -0.069289,
	0.050395, -0.140486, -0.988799
$AI Behavior: None
$Cargo 1:  XSTR("Nothing", -1)
+Initial Hull: 100
+Subsystem: Pilot
$Arrival Location: Hyperspace
$Arrival Cue: ( false ) 
$Departure Location: Hyperspace
$Departure Cue: ( false ) 
$Determination: 10
+Flags: ( "cargo-known" "no-arrival-warp" )
+Flags2: ( )
+Respawn priority: 0
+Group: 0
+Use Table Score:
+Score: 12

$Name: Njord 3		;! Object #20
$Class: UPC Scorpion
$Alt: Skull Demons

$Team: Hostile
$Location: 1405.417236, -289.859619, 2696.023193
$Orientation:
	-0.734232, 0.667490, -0.123940,
	0.677823, 0.731024, -0.078492,
	0.038211, -0.141640, -0.989180
$AI Behavior: None
$Cargo 1:  XSTR("Nothing", -1)
+Initial Hull: 100
+Subsystem: Pilot
$Arrival Location: Hyperspace
$Arrival Cue: ( false ) 
$Departure Location: Hyperspace
$Departure Cue: ( false ) 
$Determination: 10
+Flags: ( "cargo-known" "no-arrival-warp" )
+Flags2: ( )
+Respawn priority: 0
+Group: 0
+Use Table Score:
+Score: 12

$Name: Njord 4		;! Object #21
$Class: UPC Scorpion
$Alt: Skull Demons

$Team: Hostile
$Location: 1385.654053, -278.646912, 2696.070557
$Orientation:
	-0.727911, 0.667718, -0.155881,
	0.680560, 0.731273, -0.045576,
	0.083560, -0.139262, -0.986724
$AI Behavior: None
$Cargo 1:  XSTR("Nothing", -1)
+Initial Hull: 100
+Subsystem: Pilot
$Arrival Location: Hyperspace
$Arrival Cue: ( false ) 
$Departure Location: Hyperspace
$Departure Cue: ( false ) 
$Determination: 10
+Flags: ( "cargo-known" "no-arrival-warp" )
+Flags2: ( )
+Respawn priority: 0
+Group: 0
+Use Table Score:
+Score: 12

$Name: Njord 5		;! Object #22
$Class: UPC Scorpion
$Alt: Skull Demons

$Team: Hostile
$Location: 1365.520020, -262.581482, 2696.153564
$Orientation:
	-0.728432, 0.667342, -0.155057,
	0.680567, 0.730862, -0.051668,
	0.078846, -0.143163, -0.986553
$AI Behavior: None
$Cargo 1:  XSTR("Nothing", -1)
+Initial Hull: 100
+Subsystem: Pilot
$Arrival Location: Hyperspace
$Arrival Cue: ( false ) 
$Departure Location: Hyperspace
$Departure Cue: ( false ) 
$Determination: 10
+Flags: ( "cargo-known" "no-arrival-warp" )
+Flags2: ( )
+Respawn priority: 0
+Group: 0
+Use Table Score:
+Score: 12

$Name: Njord 6		;! Object #23
$Class: UPC Scorpion
$Alt: Skull Demons

$Team: Hostile
$Location: 1345.590454, -241.496033, 2696.326904
$Orientation:
	-0.731387, 0.667464, -0.139879,
	0.679366, 0.730995, -0.064096,
	0.059469, -0.141907, -0.988092
$AI Behavior: None
$Cargo 1:  XSTR("Nothing", -1)
+Initial Hull: 100
+Subsystem: Pilot
$Arrival Location: Hyperspace
$Arrival Cue: ( false ) 
$Departure Location: Hyperspace
$Departure Cue: ( false ) 
$Determination: 10
+Flags: ( "cargo-known" "no-arrival-warp" )
+Flags2: ( )
+Respawn priority: 0
+Group: 0
+Use Table Score:
+Score: 12

$Name: Bragi 1		;! Object #24
$Class: UPC Scorpion
$Alt: Skull Demons

$Team: Hostile
$Location: 1328.572510, -229.312683, 2698.208740
$Orientation:
	-0.727214, 0.644461, -0.236279,
	0.666579, 0.745191, -0.019050,
	0.163796, -0.171352, -0.971498
$AI Behavior: None
$Cargo 1:  XSTR("Nothing", -1)
+Initial Hull: 100
+Subsystem: Pilot
$Arrival Location: Hyperspace
$Arrival Cue: ( false ) 
$Departure Location: Hyperspace
$Departure Cue: ( false ) 
$Determination: 10
+Flags: ( "cargo-known" "no-arrival-warp" )
+Flags2: ( )
+Respawn priority: 0
+Group: 0
+Use Table Score:
+Score: 12

$Name: Bragi 2		;! Object #25
$Class: UPC Scorpion
$Alt: Skull Demons

$Team: Hostile
$Location: 1308.928223, -206.991013, 2697.894043
$Orientation:
	-0.727762, 0.642986, -0.238606,
	0.667368, 0.744112, -0.030308,
	0.158061, -0.181295, -0.970643
$AI Behavior: None
$Cargo 1:  XSTR("Nothing", -1)
+Initial Hull: 100
+Subsystem: Pilot
$Arrival Location: Hyperspace
$Arrival Cue: ( false ) 
$Departure Location: Hyperspace
$Departure Cue: ( false ) 
$Determination: 10
+Flags: ( "cargo-known" "no-arrival-warp" )
+Flags2: ( )
+Respawn priority: 0
+Group: 0
+Use Table Score:
+Score: 12

$Name: Bragi 3		;! Object #26
$Class: UPC Scorpion
$Alt: Skull Demons

$Team: Hostile
$Location: 1288.663208, -187.988007, 2697.477783
$Orientation:
	-0.729232, 0.643393, -0.232954,
	0.666961, 0.744412, -0.031850,
	0.152922, -0.178597, -0.971966
$AI Behavior: None
$Cargo 1:  XSTR("Nothing", -1)
+Initial Hull: 100
+Subsystem: Pilot
$Arrival Location: Hyperspace
$Arrival Cue: ( false ) 
$Departure Location: Hyperspace
$Departure Cue: ( false ) 
$Determination: 10
+Flags: ( "cargo-known" "no-arrival-warp" )
+Flags2: ( )
+Respawn priority: 0
+Group: 0
+Use Table Score:
+Score: 12

$Name: Bragi 4		;! Object #27
$Class: UPC Scorpion
$Alt: Skull Demons

$Team: Hostile
$Location: 1268.821045, -168.240082, 2696.300049
$Orientation:
	-0.726690, 0.644945, -0.236576,
	0.666311, 0.745539, -0.014246,
	0.167188, -0.167985, -0.971509
$AI Behavior: None
$Cargo 1:  XSTR("Nothing", -1)
+Initial Hull: 100
+Subsystem: Pilot
$Arrival Location: Hyperspace
$Arrival Cue: ( false ) 
$Departure Location: Hyperspace
$Departure Cue: ( false ) 
$Determination: 10
+Flags: ( "cargo-known" "no-arrival-warp" )
+Flags2: ( )
+Respawn priority: 0
+Group: 0
+Use Table Score:
+Score: 12

$Name: Bragi 5		;! Object #28
$Class: UPC Scorpion
$Alt: Skull Demons

$Team: Hostile
$Location: 1248.897095, -155.723389, 2695.960205
$Orientation:
	-0.727943, 0.645180, -0.232039,
	0.666080, 0.745705, -0.016182,
	0.162593, -0.166336, -0.972572
$AI Behavior: None
$Cargo 1:  XSTR("Nothing", -1)
+Initial Hull: 100
+Subsystem: Pilot
$Arrival Location: Hyperspace
$Arrival Cue: ( false ) 
$Departure Location: Hyperspace
$Departure Cue: ( false ) 
$Determination: 10
+Flags: ( "cargo-known" "no-arrival-warp" )
+Flags2: ( )
+Respawn priority: 0
+Group: 0
+Use Table Score:
+Score: 12

$Name: Bragi 6		;! Object #29
$Class: UPC Scorpion
$Alt: Skull Demons

$Team: Hostile
$Location: 1229.687500, -135.490967, 2694.433105
$Orientation:
	-0.732519, 0.645285, -0.216851,
	0.665560, 0.745780, -0.029026,
	0.142992, -0.165589, -0.975773
$AI Behavior: None
$Cargo 1:  XSTR("Nothing", -1)
+Initial Hull: 100
+Subsystem: Pilot
$Arrival Location: Hyperspace
$Arrival Cue: ( false ) 
$Departure Location: Hyperspace
$Departure Cue: ( false ) 
$Determination: 10
+Flags: ( "cargo-known" "no-arrival-warp" )
+Flags2: ( )
+Respawn priority: 0
+Group: 0
+Use Table Score:
+Score: 12

$Name: Skadi 1		;! Object #30
$Class: GTB Medusa
$Alt: UPC Bomber Wing

$Team: Hostile
$Location: 1209.768555, 472.129730, 2900.243164
$Orientation:
	-0.712674, 0.687833, -0.137781,
	0.687999, 0.723691, 0.054138,
	0.136948, -0.056210, -0.988982
$AI Behavior: None
+AI Class: BP2-Major
$Cargo 1:  XSTR("Nothing", -1)
+Initial Velocity: 33
+Initial Hull: 100
+Subsystem: Pilot
+Subsystem: turret01a
$Arrival Location: Hyperspace
$Arrival Cue: ( false ) 
$Departure Location: Hyperspace
$Departure Cue: ( false ) 
$Determination: 10
+Flags: ( "cargo-known" "no-arrival-warp" )
+Flags2: ( )
+Respawn priority: 0
+Group: 0
+Use Table Score:
+Score: 10

$Name: Skadi 2		;! Object #31
$Class: GTB Medusa
$Alt: UPC Bomber Wing

$Team: Hostile
$Location: 1109.291626, 594.270630, 2891.799316
$Orientation:
	-0.714283, 0.687852, -0.129078,
	0.688540, 0.723711, 0.046440,
	0.125359, -0.055703, -0.990546
$AI Behavior: None
+AI Class: BP2-Major
$Cargo 1:  XSTR("Nothing", -1)
+Initial Velocity: 33
+Initial Hull: 100
+Subsystem: Pilot
+Subsystem: turret01a
$Arrival Location: Hyperspace
$Arrival Cue: ( false ) 
$Departure Location: Hyperspace
$Departure Cue: ( false ) 
$Determination: 10
+Flags: ( "cargo-known" "no-arrival-warp" )
+Flags2: ( )
+Respawn priority: 0
+Group: 0
+Use Table Score:
+Score: 10

$Name: Skadi 3		;! Object #32
$Class: GTB Medusa
$Alt: UPC Bomber Wing

$Team: Hostile
$Location: 1006.039185, 683.004395, 2890.145996
$Orientation:
	-0.720420, 0.693057, -0.025863,
	0.693337, 0.718805, -0.051058,
	-0.016795, -0.054714, -0.998361
$AI Behavior: None
+AI Class: BP2-Major
$Cargo 1:  XSTR("Nothing", -1)
+Initial Velocity: 33
+Initial Hull: 100
+Subsystem: Pilot
+Subsystem: turret01a
$Arrival Location: Hyperspace
$Arrival Cue: ( false ) 
$Departure Location: Hyperspace
$Departure Cue: ( false ) 
$Determination: 10
+Flags: ( "cargo-known" "no-arrival-warp" )
+Flags2: ( )
+Respawn priority: 0
+Group: 0
+Use Table Score:
+Score: 10

$Name: Skadi 4		;! Object #33
$Class: GTB Medusa
$Alt: UPC Bomber Wing

$Team: Hostile
$Location: 902.619263, 809.770996, 2896.806641
$Orientation:
	-0.719661, 0.694209, -0.012820,
	0.693478, 0.717745, -0.062708,
	-0.034332, -0.054019, -0.997949
$AI Behavior: None
+AI Class: BP2-Major
$Cargo 1:  XSTR("Nothing", -1)
+Initial Velocity: 33
+Initial Hull: 100
+Subsystem: Pilot
+Subsystem: turret01a
$Arrival Location: Hyperspace
$Arrival Cue: ( false ) 
$Departure Location: Hyperspace
$Departure Cue: ( false ) 
$Determination: 10
+Flags: ( "cargo-known" "no-arrival-warp" )
+Flags2: ( )
+Respawn priority: 0
+Group: 0
+Use Table Score:
+Score: 10

$Name: Skadi 5		;! Object #34
$Class: GTB Medusa
$Alt: UPC Bomber Wing

$Team: Hostile
$Location: 802.139587, 926.507568, 2898.069824
$Orientation:
	-0.719500, 0.693439, -0.038252,
	0.694493, 0.718459, -0.038700,
	0.000646, -0.054410, -0.998518
$AI Behavior: None
+AI Class: BP2-Major
$Cargo 1:  XSTR("Nothing", -1)
+Initial Velocity: 33
+Initial Hull: 100
+Subsystem: Pilot
+Subsystem: turret01a
$Arrival Location: Hyperspace
$Arrival Cue: ( false ) 
$Departure Location: Hyperspace
$Departure Cue: ( false ) 
$Determination: 10
+Flags: ( "cargo-known" "no-arrival-warp" )
+Flags2: ( )
+Respawn priority: 0
+Group: 0
+Use Table Score:
+Score: 10

$Name: Skadi 6		;! Object #35
$Class: GTB Medusa
$Alt: UPC Bomber Wing

$Team: Hostile
$Location: 701.187134, 1039.584595, 2900.770996
$Orientation:
	-0.717785, 0.696264, 0.001793,
	0.694066, 0.715721, -0.077567,
	-0.055290, -0.054431, -0.996985
$AI Behavior: None
+AI Class: BP2-Major
$Cargo 1:  XSTR("Nothing", -1)
+Initial Velocity: 33
+Initial Hull: 100
+Subsystem: Pilot
+Subsystem: turret01a
$Arrival Location: Hyperspace
$Arrival Cue: ( false ) 
$Departure Location: Hyperspace
$Departure Cue: ( false ) 
$Determination: 10
+Flags: ( "cargo-known" "no-arrival-warp" )
+Flags2: ( )
+Respawn priority: 0
+Group: 0
+Use Table Score:
+Score: 10

$Name: Vargi 1		;! Object #36
$Class: GTB Medusa
$Alt: UPC Bomber Wing

$Team: Hostile
$Location: 2882.644775, -305.837250, 1726.937378
$Orientation:
	-0.743597, 0.652396, -0.146440,
	0.665264, 0.743838, -0.064270,
	0.066998, -0.145213, -0.987130
$AI Behavior: None
+AI Class: BP2-Major
