#Mission Info

$Version: 0.10
$Name:  XSTR("Escaping Pirates", -1)
$Author: Herkie Del Socorro
$Created: 07/05/11 at 00:38:51
$Modified: 08/29/20 at 21:50:34
$Notes:
This is a FRED2_OPEN created mission.
$End Notes:

$Mission Desc:
 XSTR("July 17, 2370 
Blockading the escaping corvettes in Epsilon Pegasi
", -1)
$end_multi_text
+Game Type Flags: 1
+Flags: 262336
+Fog Near Mult: 1.000000

+Fog Far Mult: 1.000000

+Disallow Support: 0
+Hull Repair Ceiling: 50.000000
+Subsystem Repair Ceiling: 100.000000

+Player Entry Delay:
2.000000

+Viewer pos: 13437.985352, -2426.496338, -5894.802246
+Viewer orient:
	0.343396, 0.000001, 0.939191,
	0.219998, 0.972178, -0.080439,
	-0.913061, 0.234243, 0.333842


$Load Screen 640:	LoadAct3Sa.dds
$Load Screen 1024:	LoadAct3La.dds

$Skybox Model: CloudBox.pof

$AI Profile: AF2

#Sexp_variables

$Variables:
(
		0		"Dice"		"0"		"number"
		1		"stop"		"0"		"number"
)
#Fiction Viewer

$File: LogA3B.txt
$Font: font01.vf

#Command Briefing

$Stage Text:
 XSTR("$B{ To the 77th Squadron
7th Battlegroup
GTVA Naval Forces $}

The $R UPC $R battle fleet, having eluded the military in $Y Sirius, engaged the $G 8th $G Fleet in the $Y Regulus system in full force and decimated the entire fleet. Not a single ship survived. As a response to this atrocity, we have positioned our ships in the vicinity of the $B Polaris jump node here in $Y Epsilon $Y Pegasi.

Although we were successful in repelling most of the enemy, the $R Delta $R Orion and the $R Grimskull, together with the $R{ 6 notorious corvettes$}, have run our blockade. We have vectored them going for the $B Adhara jump node.

With most of the fleet still engaging the pirates in $Y Polaris, it's up to the $G{ 77th and 76th Squadron $} to intercept these warships and eliminate them. The $Y Adhara system must be protected. Don't let it fall to the hands of the enemy.

$B{ Admiral William Cartwright
Commander of the 7th Battlegroup
GTVA Naval Forces", -1)
$end_multi_text
$Ani Filename: cb_Act3b.ani
+Wave Filename: none

$Stage Text:
 XSTR("$B{ New Ships Authorized $}

You are now authorized to use the $G GTF $G Phoenix assault fighter. For some of you who were previously assigned in other fleet, you will soon notice that it handles exactly like the $b GTF$b Ares. But this assault craft have much larger payload, a heavier armor and a better power reactor that would not drain your reserves when using the high-powered weapons like the Maxim. You are also allowed access to our new assault bomber, the $G GTB $G Albatross. It has strong armor and bigger load out than most GTVA bombers. Check your Techroom for details.
", -1)
$end_multi_text
$Ani Filename: cb_PhAndAlb.ani
+Wave Filename: none

$Stage Text:
 XSTR("$B{ New Weapon $}

You are also authorized to use the $G{ GTM-105 Hunter $} swarm missile. This aspect-seeking missile is very useful against bombers and slow heavy fighters. It has excellent range and moderate stopping power, well suited for head to head battles. Check your load out section in the hangar.

$B{ Lt. Commander Greg Virgil
Fleet Quarter Master $}", -1)
$end_multi_text
$Ani Filename: cb_PhAndAlb.ani
+Wave Filename: none

#Briefing
$start_briefing
$num_stages: 4
$start_stage
$multi_text
 XSTR("Ok pilots, there is a prize out there ready for the taking. We have the opportunity to wipe the entire elite pirate corvette fleet.", -1)
$end_multi_text
$voice: none.wav
$camera_pos: -21799.042969, 27977.003906, 20598.492188
$camera_orient:
	0.912428, -0.000000, -0.409237,
	0.183123, 0.894297, 0.408288,
	0.365979, -0.447474, 0.815982
$camera_time: 500
$num_lines: 0
$num_icons: 11
$Flags: 1
$Formula: ( true ) 
$start_icon
$type: 28
$team: Hostile
$class: GTCv Deimos
$pos: 6592.212891, 170.155136, 83597.390625
$label: Autumn Chill
+id: 2
$hlight: 1
$mirror: 1
$multi_text
$end_multi_text
$end_icon
$start_icon
$type: 28
$team: Hostile
$class: GTCv Deimos
$pos: -3795.281250, -266.846832, 61165.000000
$label: Scare Crow
+id: 3
$hlight: 1
$mirror: 1
$multi_text
$end_multi_text
$end_icon
$start_icon
$type: 28
$team: Hostile
$class: GTCv Deimos
$pos: -15521.675781, 184.372971, 66351.078125
$label: Reaper
+id: 4
$hlight: 1
$mirror: 1
$multi_text
$end_multi_text
$end_icon
$start_icon
$type: 33
$team: Friendly
$class: GTNB Pharos
$pos: 34906.691406, -0.000000, 34379.726563
$label: Adhara Jump Node
+id: 5
$hlight: 0
$mirror: 1
$multi_text
$end_multi_text
$end_icon
$start_icon
$type: 28
$team: Hostile
$class: GTCv Deimos
$pos: 4424.246582, 2686.596680, 52392.015625
$label: Snowflake
+id: 7
$hlight: 1
$mirror: 1
$multi_text
$end_multi_text
$end_icon
$start_icon
$type: 28
$team: Hostile
$class: GTCv Deimos
$pos: -12925.751953, 2728.296631, 87747.546875
$label: Gridlock
+id: 8
$hlight: 1
$mirror: 1
$multi_text
$end_multi_text
$end_icon
$start_icon
$type: 28
$team: Hostile
$class: GTCv Deimos
$pos: 19668.009766, 3222.600098, 70727.234375
$label: Typhoon
+id: 9
$hlight: 1
$mirror: 1
$multi_text
$end_multi_text
$end_icon
$start_icon
$type: 1
$team: Friendly
$class: GTF Ares
$pos: -28779.025391, -2327.376709, 59835.164063
$label: gamma 4
+id: 12
$hlight: 0
$mirror: 0
$multi_text
$end_multi_text
$end_icon
$start_icon
$type: 17
$team: Friendly
$class: GTB Boanerges
$pos: -27678.898438, -2295.432861, 56875.171875
$label: echo 2
+id: 13
$hlight: 0
$mirror: 0
$multi_text
$end_multi_text
$end_icon
$start_icon
$type: 1
$team: Friendly
$class: GTF Erinyes
$pos: -26582.015625, -2214.755859, 55579.671875
$label: epsilon 2
+id: 14
$hlight: 0
$mirror: 0
$multi_text
$end_multi_text
$end_icon
$start_icon
$type: 1
$team: Hostile
$class: GTF Hercules Mark II
$pos: 52237.550781, 0.000000, 46701.902344
$label: Skull Demons 3 5
+id: 15
$hlight: 0
$mirror: 0
$multi_text
$end_multi_text
$end_icon
$end_stage
$start_stage
$multi_text
 XSTR("Here's the situation. Our intel division reported a group of $R{ 6 corvettes $} making their way to the $B Adhara jump node. The $G Dark $G Angels will lead this assault. The $G 76th $G Squadron, the so-called Ice Queens, will be covering our tail. A chance to show them what the 77th squadron is all about. Our top pilot, Lieutenant John Richter, will be in the lead. Follow his instructions.", -1)
$end_multi_text
$voice: none.wav
$camera_pos: 11915.903320, 56930.445313, -30687.095703
$camera_orient:
	1.000000, -0.000000, -0.000539,
	0.000242, 0.894297, 0.447474,
	0.000482, -0.447474, 0.894297
$camera_time: 4000
$num_lines: 0
$num_icons: 14
$Flags: 0
$Formula: ( true ) 
$start_icon
$type: 28
$team: Hostile
$class: GTCv Deimos
$pos: -17668.925781, 170.164948, 90738.320313
$label: Autumn Chill
+id: 2
$hlight: 0
$mirror: 1
$multi_text
$end_multi_text
$end_icon
$start_icon
$type: 28
$team: Hostile
$class: GTCv Deimos
$pos: -8595.138672, -266.845825, 53010.000000
$label: Scare Crow
+id: 3
$hlight: 0
$mirror: 1
$multi_text
$end_multi_text
$end_icon
$start_icon
$type: 28
$team: Hostile
$class: GTCv Deimos
$pos: -27071.433594, 184.370453, 66463.585938
$label: Reaper
+id: 4
$hlight: 0
$mirror: 1
$multi_text
$end_multi_text
$end_icon
$start_icon
$type: 33
$team: Friendly
$class: GTNB Pharos
$pos: 25231.455078, 0.011261, 94313.968750
$label: Adhara Jump Node
+id: 5
$hlight: 1
$mirror: 0
$multi_text
$end_multi_text
$end_icon
$start_icon
$type: 9
$team: Friendly
$class: GTNB Pharos
$pos: 10323.340820, 2438.896973, 2607.222168
$label: high 2
+id: 6
$hlight: 0
$mirror: 0
$multi_text
$end_multi_text
$end_icon
$start_icon
$type: 28
$team: Hostile
$class: GTCv Deimos
$pos: 3165.270264, 2686.597900, 62874.929688
$label: Snowflake
+id: 7
$hlight: 0
$mirror: 1
$multi_text
$end_multi_text
$end_icon
$start_icon
$type: 28
$team: Hostile
$class: GTCv Deimos
$pos: -44810.585938, 2728.321289, 128454.015625
$label: Gridlock
+id: 8
$hlight: 0
$mirror: 1
$multi_text
$end_multi_text
$end_icon
$start_icon
$type: 28
$team: Hostile
$class: GTCv Deimos
$pos: -4377.862793, 3222.587891, 122856.648438
$label: Typhoon
+id: 9
$hlight: 0
$mirror: 1
$multi_text
$end_multi_text
$end_icon
$start_icon
$type: 1
$team: Friendly
$class: GTF Phoenix
$pos: 54633.625000, -2327.374512, 129361.203125
$label: Dark Angels
+id: 12
$hlight: 0
$mirror: 0
$multi_text
$end_multi_text
$end_icon
$start_icon
$type: 17
$team: Friendly
$class: GTB Albatross
$pos: 60199.164063, -2295.438477, 95423.000000
$label: Dark Angels
+id: 13
$hlight: 0
$mirror: 0
$multi_text
$end_multi_text
$end_icon
$start_icon
$type: 1
$team: Friendly
$class: GTF Erinyes
$pos: 39145.542969, -2214.755859, 58313.656250
$label: Ice Queens
+id: 14
$hlight: 0
$mirror: 0
$multi_text
$end_multi_text
$end_icon
$start_icon
$type: 1
$team: Hostile
$class: GTF Hercules Mark II
$pos: 19307.103516, -0.001783, 55603.757813
$label: Skull Demons
+id: 15
$hlight: 0
$mirror: 0
$multi_text
$end_multi_text
$end_icon
$start_icon
$type: 28
$team: Friendly
$class: GTF Ulysses
$pos: 95765.257813, 1232.337158, 51364.398438
$label: Olympus
+id: 16
$hlight: 0
$mirror: 0
$multi_text
$end_multi_text
$end_icon
$start_icon
$type: 28
$team: Friendly
$class: GTF Ulysses
$pos: 118168.101563, -496.280762, 94678.328125
$label: Capella
+id: 17
$hlight: 0
$mirror: 0
$multi_text
$end_multi_text
$end_icon
$end_stage
$start_stage
$multi_text
 XSTR("As for you Lieutenant Richter, this mission is especially recommended for you by Admiral Cartwright as this will be $B{ a test of your leadership skills. $} If you pull this off, be ready for a promotion. You will be handling the $G Dark $G Angels today, so impress me... And make me proud.", -1)
$end_multi_text
$voice: none.wav
$camera_pos: 27463.005859, 13900.214844, 68760.632813
$camera_orient:
	0.782199, -0.000001, -0.623029,
	0.278790, 0.894296, 0.350014,
	0.557172, -0.447475, 0.699518
$camera_time: 4000
$num_lines: 0
$num_icons: 17
$Flags: 0
$Formula: ( true ) 
$start_icon
$type: 28
$team: Hostile
$class: NTF Iceni
$pos: 6619.534180, 153.517593, -4191.872559
$label: NTF Iceni
+id: 1
$hlight: 0
$mirror: 0
$multi_text
$end_multi_text
$end_icon
$start_icon
$type: 28
$team: Hostile
$class: GTCv Deimos
$pos: -17668.925781, 170.164948, 90738.320313
$label: Autumn Chill
+id: 2
$hlight: 0
$mirror: 1
$multi_text
$end_multi_text
$end_icon
$start_icon
$type: 28
$team: Hostile
$class: GTCv Deimos
$pos: -8595.138672, -266.845825, 53010.000000
$label: Scare Crow
+id: 3
$hlight: 0
$mirror: 1
$multi_text
$end_multi_text
$end_icon
$start_icon
$type: 28
$team: Hostile
$class: GTCv Deimos
$pos: -27071.433594, 184.370453, 66463.585938
$label: Reaper
+id: 4
$hlight: 0
$mirror: 1
$multi_text
$end_multi_text
$end_icon
$start_icon
$type: 33
$team: Friendly
$class: GTNB Pharos
$pos: 25231.455078, 0.011261, 94313.968750
$label: Adhara Jump Node
+id: 5
$hlight: 0
$mirror: 0
$multi_text
$end_multi_text
$end_icon
$start_icon
$type: 9
$team: Friendly
$class: GTNB Pharos
$pos: 10323.340820, 2438.896973, 2607.222168
$label: high 2
+id: 6
$hlight: 0
$mirror: 0
$multi_text
$end_multi_text
$end_icon
$start_icon
$type: 28
$team: Hostile
$class: GTCv Deimos
$pos: 3165.270264, 2686.597900, 62874.929688
$label: Snowflake
+id: 7
$hlight: 0
$mirror: 1
$multi_text
$end_multi_text
$end_icon
$start_icon
$type: 28
$team: Hostile
$class: GTCv Deimos
$pos: -44810.585938, 2728.321289, 128454.015625
$label: Gridlock
+id: 8
$hlight: 0
$mirror: 1
$multi_text
$end_multi_text
$end_icon
$start_icon
$type: 28
$team: Hostile
$class: GTCv Deimos
$pos: -4377.862793, 3222.587891, 122856.648438
$label: Typhoon
+id: 9
$hlight: 0
$mirror: 1
$multi_text
$end_multi_text
$end_icon
$start_icon
$type: 17
$team: Friendly
$class: GTB Boanerges
$pos: 12847.750000, -2311.404785, -5818.608398
$label: echo 1
+id: 10
$hlight: 0
$mirror: 0
$multi_text
$end_multi_text
$end_icon
$start_icon
$type: 17
$team: Friendly
$class: GTB Boanerges
$pos: 12716.955078, -2295.432861, -5887.048340
$label: echo 4
+id: 11
$hlight: 0
$mirror: 0
$multi_text
$end_multi_text
$end_icon
$start_icon
$type: 1
$team: Friendly
$class: GTF Phoenix
$pos: 44582.984375, -2327.376709, 98369.718750
$label: Dark Angels
+id: 12
$hlight: 1
$mirror: 0
$multi_text
$end_multi_text
$end_icon
$start_icon
$type: 17
$team: Friendly
$class: GTB Albatross
$pos: 50498.484375, -2295.434082, 92667.859375
$label: Dark Angels
+id: 13
$hlight: 1
$mirror: 0
$multi_text
$end_multi_text
$end_icon
$start_icon
$type: 1
$team: Friendly
$class: GTF Erinyes
$pos: 39145.542969, -2214.755859, 58313.656250
$label: Ice Queens
+id: 14
$hlight: 0
$mirror: 0
$multi_text
$end_multi_text
$end_icon
$start_icon
$type: 1
$team: Hostile
$class: GTF Hercules Mark II
$pos: 19307.103516, -0.001783, 55603.757813
$label: Skull Demons
+id: 15
$hlight: 0
$mirror: 0
$multi_text
$end_multi_text
$end_icon
$start_icon
$type: 28
$team: Friendly
$class: GTF Ulysses
$pos: 95765.257813, 1232.337158, 51364.398438
$label: Olympus
+id: 16
$hlight: 0
$mirror: 0
$multi_text
$end_multi_text
$end_icon
$start_icon
$type: 28
$team: Friendly
$class: GTF Ulysses
$pos: 134563.515625, -496.280762, 67510.625000
$label: Capella
+id: 17
$hlight: 0
$mirror: 0
$multi_text
$end_multi_text
$end_icon
$end_stage
$start_stage
$multi_text
 XSTR("The objective is simple. $B{ Destroy this fleet and do not let any of them escape. $} I don't want to see a single ship making its way to $Y Adhara. Two of our corvettes, the $G Olympus and the $G Capella will be assisting. $B{ They will be under your discretion, $} Lieutenant. Order them wisely.", -1)
$end_multi_text
$voice: none.wav
$camera_pos: 16318.961914, 24595.638672, 50311.507813
$camera_orient:
	0.002990, -0.000000, -0.999996,
	0.447473, 0.894297, 0.001338,
	0.894293, -0.447475, 0.002674
$camera_time: 4000
$num_lines: 0
$num_icons: 17
$Flags: 0
$Formula: ( true ) 
$start_icon
$type: 28
$team: Hostile
$class: NTF Iceni
$pos: 6619.534180, 153.517593, -4191.872559
$label: NTF Iceni
+id: 1
$hlight: 0
$mirror: 0
$multi_text
$end_multi_text
$end_icon
$start_icon
$type: 28
$team: Hostile
$class: GTCv Deimos
$pos: -17668.925781, 170.164948, 90738.320313
$label: Autumn Chill
+id: 2
$hlight: 0
$mirror: 0
$multi_text
$end_multi_text
$end_icon
$start_icon
$type: 28
$team: Hostile
$class: GTCv Deimos
$pos: -8595.138672, -266.845825, 53010.000000
$label: Scare Crow
+id: 3
$hlight: 0
$mirror: 0
$multi_text
$end_multi_text
$end_icon
$start_icon
$type: 28
$team: Hostile
$class: GTCv Deimos
$pos: -27071.433594, 184.370453, 66463.585938
$label: Reaper
+id: 4
$hlight: 0
$mirror: 0
$multi_text
$end_multi_text
$end_icon
$start_icon
$type: 33
$team: Friendly
$class: GTNB Pharos
$pos: 25231.455078, 0.011261, 94313.968750
$label: Adhara Jump Node
+id: 5
$hlight: 0
$mirror: 0
$multi_text
$end_multi_text
$end_icon
$start_icon
$type: 9
$team: Friendly
$class: GTNB Pharos
$pos: 10323.340820, 2438.896973, 2607.222168
$label: high 2
+id: 6
$hlight: 0
$mirror: 0
$multi_text
$end_multi_text
$end_icon
$start_icon
$type: 28
$team: Hostile
$class: GTCv Deimos
$pos: 3165.270264, 2686.597900, 62874.929688
$label: Snowflake
+id: 7
$hlight: 0
$mirror: 0
$multi_text
$end_multi_text
$end_icon
$start_icon
$type: 28
$team: Hostile
$class: GTCv Deimos
$pos: -44810.585938, 2728.321289, 128454.015625
$label: Gridlock
+id: 8
$hlight: 0
$mirror: 0
$multi_text
$end_multi_text
$end_icon
$start_icon
$type: 28
$team: Hostile
$class: GTCv Deimos
$pos: -4377.862793, 3222.587891, 122856.648438
$label: Typhoon
+id: 9
$hlight: 0
$mirror: 0
$multi_text
$end_multi_text
$end_icon
$start_icon
$type: 17
$team: Friendly
$class: GTB Boanerges
$pos: 12847.750000, -2311.404785, -5818.608398
$label: echo 1
+id: 10
$hlight: 0
$mirror: 0
$multi_text
$end_multi_text
$end_icon
$start_icon
$type: 17
$team: Friendly
$class: GTB Boanerges
$pos: 12716.955078, -2295.432861, -5887.048340
$label: echo 4
+id: 11
$hlight: 0
$mirror: 0
$multi_text
$end_multi_text
$end_icon
$start_icon
$type: 1
$team: Friendly
$class: GTF Phoenix
$pos: 44582.984375, -2327.376709, 98369.718750
$label: Dark Angels
+id: 12
$hlight: 0
$mirror: 0
$multi_text
$end_multi_text
$end_icon
$start_icon
$type: 17
$team: Friendly
$class: GTB Albatross
$pos: 64590.144531, -2295.433105, 117966.445313
$label: Dark Angels
+id: 13
$hlight: 0
$mirror: 0
$multi_text
$end_multi_text
$end_icon
$start_icon
$type: 1
$team: Friendly
$class: GTF Erinyes
$pos: 39145.542969, -2214.755859, 58313.656250
$label: Ice Queens
+id: 14
$hlight: 0
$mirror: 0
$multi_text
$end_multi_text
$end_icon
$start_icon
$type: 1
$team: Hostile
$class: GTF Hercules Mark II
$pos: 19307.103516, -0.001783, 55603.757813
$label: Skull Demons
+id: 15
$hlight: 0
$mirror: 0
$multi_text
$end_multi_text
$end_icon
$start_icon
$type: 28
$team: Friendly
$class: GTCv Olympus
$pos: 65461.234375, 1232.332764, 42676.191406
$label: Olympus
+id: 16
$hlight: 1
$mirror: 0
$multi_text
$end_multi_text
$end_icon
$start_icon
$type: 28
$team: Friendly
$class: GTCv Capella
$pos: 69504.375000, -496.279633, 58299.750000
$label: Capella
+id: 17
$hlight: 1
$mirror: 0
$multi_text
$end_multi_text
$end_icon
$end_stage
$end_briefing

#Debriefing_info

$Num stages: 2

$Formula: ( is-goal-true-delay 
   "destroy all UPC ships" 
   0 
)
$Multi text
    XSTR("$B{ To Lieutenant John Richter
77th Dark angels Squadron $}

Excellent job. You have passed my expectations. The success of this mission has left the $R United $R Pirate $R Coalition in disarray. By destroying all those elite corvette ships, the $R{ Delta Orion $} and the $R Grimskull will have no cruiser escorts and this makes it easier for our destroyers to intercept and eliminate those capital ships.

Because of your display of good leadership skills, I'm passing the command of the $G{ 77th Squadron $} to you. High Command has assigned me to the GTVI Head Division. I have already submitted my recommendations to Admiral Cartwright and he has approved it and promoted you to Lieutenant Commander. 

Congratulations.

$B{Captain Steven Grant
Head of Special Operations
Galactic Terran-Vasudan Intelligence $}", -1)
$end_multi_text
$Voice: none.wav
$Recommendation text:
    XSTR("", -1)
$end_multi_text

$Formula: ( is-goal-false-delay 
   "destroy all UPC ships" 
   0 
)
$Multi text
    XSTR("$B{ To Lieutenant John Richter
77th Dark angels Squadron $}

The failure to prevent the escape of even one of those corvette ships has catastrophic repercussions to our fleet. As our destroyers intercepted the $R{ Delta Orion and the Grimskull, $} the GTD Galileo was destroyed. The $G GTD $G Hercules had no choice but to pull out from the encounter. As a consequence, The $Y Adhara system fell into the hands of the $R UPC.

The 7th battlegroup had been tasked to eliminate this $quotePiracy$quote issue and we failed. Admiral Cartwright was relieved of his command thereby disbanded our fleet. Our new warships have been recalled to refit status and, later, will be absorbed by the 10th, 8th, and 14th battlegroup.

As for you, John Richter you are hereby ousted from your duties as a GTVA combat pilot all benefits therein shall be revoked. 

$B{ Captain Steven Grant
GTVA Naval Forces $}", -1)
$end_multi_text
$Voice: none.wav
$Recommendation text:
    XSTR("Command your assets. You have fighter and bomber wings and two powerful corvettes. Use them.", -1)
$end_multi_text

#Alternate Types:
$Alt: 76th Ice Queens

#end


#Players		;! 1 total

$Starting Shipname: alpha 1
$Ship Choices: (
	"GTF Ares"	12
	"GTF Erinyes"	8
	"GTB Ursa"	8
	"GTB Zeus"	8
	"GTB Boanerges"	8
	"GTF Falcon"	12
	"GTB Albatross"	4
)

+Weaponry Pool: (
	"Subach HL-7"	16
	"Akheton SDG"	16
	"Morning Star"	16
	"Prometheus R"	16
	"Prometheus S"	16
	"Circe"	12
	"Lamprey"	12
	"Ripper"	12
	"Devastator"	12
	"Rockeye"	500
	"Tempest"	5000
	"Harpoon"	300
	"Trebuchet"	200
	"Stiletto II"	300
	"Cyclops"	500
	"Helios"	500
	"Screamer"	900
	"Hunter"	500
	"Maxim"	12
	"UD-8 Kayser"	12
	"Hornet"	2400
	"Tornado"	1152
)

#Objects		;! 76 total

$Name: alpha 1		;! Object #0
$Class: GTF Phoenix
$Team: Friendly
$Location: 13069.400391, -2352.899902, -5829.899902
$Orientation:
	0.078142, 0.000000, 0.996942,
	0.348175, 0.937032, -0.027291,
	-0.934167, 0.349243, 0.073222
$AI Behavior: None
$Cargo 1:  XSTR("Nothing", -1)
+Initial Hull: 100
+Subsystem: Pilot
$Arrival Location: Hyperspace
$Arrival Cue: ( false ) 
$Departure Location: Hyperspace
$Departure Cue: ( false ) 
$Determination: 10
+Flags: ( "cargo-known" "player-start" )
+Flags2: ( )
+Respawn priority: 0
+Special Hitpoints: 2000
+Orders Accepted: 33023		;! note that this is a bitfield!!!
+Group: 0
+Score: 8

$Name: alpha 2		;! Object #1
$Class: GTF Phoenix
$Team: Friendly
$Location: 13088.660156, -2352.899902, -5757.043457
$Orientation:
	0.067278, 0.000000, 0.997734,
	0.347826, 0.937266, -0.023454,
	-0.935142, 0.348616, 0.063058
$AI Behavior: None
$Cargo 1:  XSTR("Nothing", -1)
+Initial Hull: 100
+Subsystem: Pilot
$Arrival Location: Hyperspace
$Arrival Cue: ( false ) 
$Departure Location: Hyperspace
$Departure Cue: ( false ) 
$Determination: 10
+Flags: ( "cargo-known" "invulnerable" )
+Flags2: ( )
+Respawn priority: 0
+Special Hitpoints: 2000
+Orders Accepted: 33023		;! note that this is a bitfield!!!
+Group: 0
+Use Table Score:
+Score: 15
+Persona Index: 0

$Name: alpha 3		;! Object #2
$Class: GTF Phoenix
$Team: Friendly
$Location: 13123.166992, -2352.899902, -5871.114258
$Orientation:
	0.083510, 0.000000, 0.996507,
	0.345480, 0.937980, -0.028952,
	-0.934703, 0.346691, 0.078330
$AI Behavior: None
$Cargo 1:  XSTR("Nothing", -1)
+Initial Hull: 100
+Subsystem: Pilot
$Arrival Location: Hyperspace
$Arrival Cue: ( false ) 
$Departure Location: Hyperspace
$Departure Cue: ( false ) 
$Determination: 10
+Flags: ( "cargo-known" )
+Flags2: ( )
+Respawn priority: 0
+Special Hitpoints: 2000
+Orders Accepted: 33023		;! note that this is a bitfield!!!
+Group: 0
+Use Table Score:
+Score: 15
+Persona Index: 1

$Name: alpha 4		;! Object #3
$Class: GTF Phoenix
$Team: Friendly
$Location: 13048.898438, -2352.899902, -5917.461426
$Orientation:
	0.091207, 0.000000, 0.995832,
	0.348373, 0.936813, -0.031907,
	-0.932908, 0.349831, 0.085444
$AI Behavior: None
$Cargo 1:  XSTR("Nothing", -1)
+Initial Hull: 100
+Subsystem: Pilot
$Arrival Location: Hyperspace
$Arrival Cue: ( false ) 
$Departure Location: Hyperspace
$Departure Cue: ( false ) 
$Determination: 10
+Flags: ( "cargo-known" )
+Flags2: ( )
+Respawn priority: 0
+Special Hitpoints: 2000
+Orders Accepted: 33023		;! note that this is a bitfield!!!
+Group: 0
+Use Table Score:
+Score: 15
+Persona Index: 2

$Name: gamma 1		;! Object #4
$Class: GTF Phoenix
$Team: Friendly
$Location: 12717.162109, -2327.376709, -5735.882324
$Orientation:
	-0.018496, 0.000000, 0.999829,
	0.333871, 0.942599, 0.006176,
	-0.942437, 0.333928, -0.017434
$AI Behavior: None
$Cargo 1:  XSTR("Nothing", -1)
+Initial Hull: 100
+Subsystem: Pilot
$Arrival Location: Hyperspace
$Arrival Cue: ( false ) 
$Departure Location: Hyperspace
$Departure Cue: ( false ) 
$Determination: 10
+Flags: ( "cargo-known" )
+Flags2: ( )
+Respawn priority: 0
+Special Hitpoints: 2000
+Orders Accepted: 33023		;! note that this is a bitfield!!!
+Group: 0
+Use Table Score:
+Score: 15
+Persona Index: 3

$Name: gamma 2		;! Object #5
$Class: GTF Phoenix
$Team: Friendly
$Location: 12778.007813, -2327.376709, -5690.204590
$Orientation:
	-0.023054, 0.000000, 0.999734,
	0.332925, 0.942922, 0.007677,
	-0.942672, 0.333013, -0.021738
$AI Behavior: None
$Cargo 1:  XSTR("Nothing", -1)
+Initial Hull: 100
+Subsystem: Pilot
$Arrival Location: Hyperspace
$Arrival Cue: ( false ) 
$Departure Location: Hyperspace
$Departure Cue: ( false ) 
$Determination: 10
+Flags: ( "cargo-known" )
+Flags2: ( )
+Respawn priority: 0
+Special Hitpoints: 2000
+Orders Accepted: 33023		;! note that this is a bitfield!!!
+Group: 0
+Use Table Score:
+Score: 15
+Persona Index: 3

$Name: gamma 3		;! Object #6
$Class: GTF Phoenix
$Team: Friendly
$Location: 12834.579102, -2327.376709, -5768.268555
$Orientation:
	-0.012907, 0.000000, 0.999917,
	0.331441, 0.943466, 0.004278,
	-0.943388, 0.331469, -0.012177
$AI Behavior: None
$Cargo 1:  XSTR("Nothing", -1)
+Initial Hull: 100
+Subsystem: Pilot
$Arrival Location: Hyperspace
$Arrival Cue: ( false ) 
$Departure Location: Hyperspace
$Departure Cue: ( false ) 
$Determination: 10
+Flags: ( "cargo-known" )
+Flags2: ( )
+Respawn priority: 0
+Special Hitpoints: 2000
+Orders Accepted: 33023		;! note that this is a bitfield!!!
+Group: 0
+Use Table Score:
+Score: 15
+Persona Index: 4

$Name: gamma 4		;! Object #7
$Class: GTF Phoenix
$Team: Friendly
$Location: 12777.848633, -2327.376709, -5828.486328
$Orientation:
	-0.009310, 0.000000, 0.999957,
	0.332681, 0.943034, 0.003097,
	-0.942994, 0.332695, -0.008779
$AI Behavior: None
$Cargo 1:  XSTR("Nothing", -1)
+Initial Hull: 100
+Subsystem: Pilot
$Arrival Location: Hyperspace
$Arrival Cue: ( false ) 
$Departure Location: Hyperspace
$Departure Cue: ( false ) 
$Determination: 10
+Flags: ( "cargo-known" )
+Flags2: ( )
+Respawn priority: 0
+Special Hitpoints: 2000
+Orders Accepted: 33023		;! note that this is a bitfield!!!
+Group: 0
+Use Table Score:
+Score: 15
+Persona Index: 0

$Name: beta 1		;! Object #8
$Class: GTF Phoenix
$Team: Friendly
$Location: 12932.842773, -2295.432861, -5633.474121
$Orientation:
	-0.031068, 0.000000, 0.999517,
	0.321057, 0.947007, 0.009979,
	-0.946550, 0.321212, -0.029422
$AI Behavior: None
$Cargo 1:  XSTR("Nothing", -1)
+Initial Hull: 100
+Subsystem: Pilot
$Arrival Location: Hyperspace
$Arrival Cue: ( false ) 
$Departure Location: Hyperspace
$Departure Cue: ( false ) 
$Determination: 10
+Flags: ( "cargo-known" "invulnerable" )
+Flags2: ( )
+Respawn priority: 0
+Special Hitpoints: 2000
+Orders Accepted: 33023		;! note that this is a bitfield!!!
+Group: 0
+Use Table Score:
+Score: 15
+Persona Index: 1

$Name: beta 2		;! Object #9
$Class: GTF Phoenix
$Team: Friendly
$Location: 12875.707031, -2295.432861, -5686.235840
$Orientation:
	-0.023141, 0.000000, 0.999732,
	0.322994, 0.946371, 0.007476,
	-0.946118, 0.323081, -0.021900
$AI Behavior: None
$Cargo 1:  XSTR("Nothing", -1)
+Initial Hull: 100
+Subsystem: Pilot
$Arrival Location: Hyperspace
$Arrival Cue: ( false ) 
$Departure Location: Hyperspace
$Departure Cue: ( false ) 
$Determination: 10
+Flags: ( "cargo-known" )
+Flags2: ( )
+Respawn priority: 0
+Special Hitpoints: 2000
+Orders Accepted: 33023		;! note that this is a bitfield!!!
+Group: 0
+Use Table Score:
+Score: 15
+Persona Index: 2

$Name: beta 3		;! Object #10
$Class: GTF Phoenix
$Team: Friendly
$Location: 12990.359375, -2295.432861, -5721.640137
$Orientation:
	-0.022375, 0.000000, 0.999750,
	0.319660, 0.947505, 0.007154,
	-0.947268, 0.319740, -0.021200
$AI Behavior: None
$Cargo 1:  XSTR("Nothing", -1)
+Initial Hull: 100
+Subsystem: Pilot
$Arrival Location: Hyperspace
$Arrival Cue: ( false ) 
$Departure Location: Hyperspace
$Departure Cue: ( false ) 
$Determination: 10
+Flags: ( "cargo-known" )
+Flags2: ( )
+Respawn priority: 0
+Special Hitpoints: 2000
+Orders Accepted: 33023		;! note that this is a bitfield!!!
+Group: 0
+Use Table Score:
+Score: 15
+Persona Index: 3

$Name: beta 4		;! Object #11
$Class: GTF Phoenix
$Team: Friendly
$Location: 12952.712891, -2295.432861, -5766.722168
$Orientation:
	-0.017843, 0.000000, 0.999841,
	0.321158, 0.947008, 0.005731,
	-0.946858, 0.321209, -0.016897
$AI Behavior: None
$Cargo 1:  XSTR("Nothing", -1)
+Initial Hull: 100
+Subsystem: Pilot
$Arrival Location: Hyperspace
$Arrival Cue: ( false ) 
$Departure Location: Hyperspace
$Departure Cue: ( false ) 
$Determination: 10
+Flags: ( "cargo-known" )
+Flags2: ( )
+Respawn priority: 0
+Special Hitpoints: 2000
+Orders Accepted: 33023		;! note that this is a bitfield!!!
+Group: 0
+Use Table Score:
+Score: 15
+Persona Index: 3

$Name: zeta 1		;! Object #12
$Class: GTF Erinyes
$Alt: 76th Ice Queens

$Team: Friendly
$Location: 13096.670898, -2295.432861, -5568.041504
$Orientation:
	-0.045872, 0.000000, 0.998947,
	0.312391, 0.949845, 0.014345,
	-0.948845, 0.312720, -0.043571
$AI Behavior: None
+AI Class: BP2-Captain
$Cargo 1:  XSTR("Nothing", -1)
+Initial Hull: 100
+Subsystem: Pilot
$Arrival Location: Hyperspace
$Arrival Cue: ( false ) 
$Departure Location: Hyperspace
$Departure Cue: ( false ) 
$Determination: 10
+Flags: ( "cargo-known" "invulnerable" )
+Flags2: ( )
+Respawn priority: 0
+Special Hitpoints: 2000
+Orders Accepted: 0		;! note that this is a bitfield!!!
+Group: 0
+Score: 15
+Persona Index: 0

$Name: zeta 2		;! Object #13
$Class: GTF Erinyes
$Alt: 76th Ice Queens

$Team: Friendly
$Location: 13143.392578, -2295.432861, -5600.736816
$Orientation:
	-0.040269, 0.000000, 0.999189,
	0.310408, 0.950521, 0.012510,
	-0.949750, 0.310660, -0.038277
$AI Behavior: None
+AI Class: BP2-Captain
$Cargo 1:  XSTR("Nothing", -1)
+Initial Hull: 100
+Subsystem: Pilot
$Arrival Location: Hyperspace
$Arrival Cue: ( false ) 
$Departure Location: Hyperspace
$Departure Cue: ( false ) 
$Determination: 10
+Flags: ( "cargo-known" )
+Flags2: ( )
+Respawn priority: 0
+Special Hitpoints: 2000
+Orders Accepted: 0		;! note that this is a bitfield!!!
+Group: 0
+Score: 15
+Persona Index: 1

$Name: zeta 3		;! Object #14
$Class: GTF Erinyes
$Alt: 76th Ice Queens

$Team: Friendly
$Location: 13060.427734, -2295.432861, -5619.501465
$Orientation:
	-0.037755, 0.000000, 0.999287,
	0.314262, 0.949262, 0.011873,
	-0.948585, 0.314487, -0.035839
$AI Behavior: None
+AI Class: BP2-Captain
$Cargo 1:  XSTR("Nothing", -1)
+Initial Hull: 100
+Subsystem: Pilot
$Arrival Location: Hyperspace
$Arrival Cue: ( false ) 
$Departure Location: Hyperspace
$Departure Cue: ( false ) 
$Determination: 10
+Flags: ( "cargo-known" )
+Flags2: ( )
+Respawn priority: 0
+Special Hitpoints: 2000
+Orders Accepted: 0		;! note that this is a bitfield!!!
+Group: 0
+Score: 15
+Persona Index: 2

$Name: zeta 4		;! Object #15
$Class: GTF Erinyes
$Alt: 76th Ice Queens

$Team: Friendly
$Location: 13086.943359, -2295.432861, -5678.259277
$Orientation:
	-0.028046, 0.000000, 0.999607,
	0.313230, 0.949637, 0.008788,
	-0.949263, 0.313353, -0.026634
$AI Behavior: None
+AI Class: BP2-Captain
$Cargo 1:  XSTR("Nothing", -1)
+Initial Hull: 100
+Subsystem: Pilot
$Arrival Location: Hyperspace
$Arrival Cue: ( false ) 
$Departure Location: Hyperspace
$Departure Cue: ( false ) 
$Determination: 10
+Flags: ( "cargo-known" )
+Flags2: ( )
+Respawn priority: 0
+Special Hitpoints: 2000
+Orders Accepted: 0		;! note that this is a bitfield!!!
+Group: 0
+Score: 15
+Persona Index: 3

$Name: echo 1		;! Object #16
$Class: GTF Erinyes
$Alt: 76th Ice Queens

$Team: Friendly
$Location: 12737.604492, -2214.755859, -5479.227539
$Orientation:
	-0.063957, 0.000000, 0.997953,
	0.317331, 0.948097, 0.020337,
	-0.946156, 0.317982, -0.060637
$AI Behavior: None
+AI Class: BP2-Captain
$Cargo 1:  XSTR("Nothing", -1)
+Initial Hull: 100
+Subsystem: Pilot
$Arrival Location: Hyperspace
$Arrival Cue: ( false ) 
$Departure Location: Hyperspace
$Departure Cue: ( false ) 
$Determination: 10
+Flags: ( "cargo-known" )
+Flags2: ( )
+Respawn priority: 0
+Special Hitpoints: 2000
+Orders Accepted: 0		;! note that this is a bitfield!!!
+Group: 0
+Score: 15
+Persona Index: 0

$Name: echo 2		;! Object #17
$Class: GTF Erinyes
$Alt: 76th Ice Queens

$Team: Friendly
$Location: 12693.526367, -2214.755859, -5526.877441
$Orientation:
	-0.056206, 0.000000, 0.998419,
	0.319798, 0.947315, 0.018003,
	-0.945817, 0.320305, -0.053245
$AI Behavior: None
+AI Class: BP2-Captain
$Cargo 1:  XSTR("Nothing", -1)
+Initial Hull: 100
+Subsystem: Pilot
$Arrival Location: Hyperspace
$Arrival Cue: ( false ) 
$Departure Location: Hyperspace
$Departure Cue: ( false ) 
$Determination: 10
+Flags: ( "cargo-known" )
+Flags2: ( )
+Respawn priority: 0
+Special Hitpoints: 2000
+Orders Accepted: 0		;! note that this is a bitfield!!!
+Group: 0
+Score: 15
+Persona Index: 1

$Name: echo 3		;! Object #18
$Class: GTF Erinyes
$Alt: 76th Ice Queens

$Team: Friendly
$Location: 12767.643555, -2214.755859, -5569.862305
$Orientation:
	-0.048145, 0.000000, 0.998840,
	0.316393, 0.948505, 0.015250,
	-0.947406, 0.316761, -0.045666
$AI Behavior: None
+AI Class: BP2-Captain
$Cargo 1:  XSTR("Nothing", -1)
+Initial Hull: 100
+Subsystem: Pilot
$Arrival Location: Hyperspace
$Arrival Cue: ( false ) 
$Departure Location: Hyperspace
$Departure Cue: ( false ) 
$Determination: 10
+Flags: ( "cargo-known" )
+Flags2: ( )
+Respawn priority: 0
+Special Hitpoints: 2000
+Orders Accepted: 0		;! note that this is a bitfield!!!
+Group: 0
+Score: 15
+Persona Index: 2

$Name: echo 4		;! Object #19
$Class: GTF Erinyes
$Alt: 76th Ice Queens

$Team: Friendly
$Location: 12741.055664, -2214.755859, -5611.846680
$Orientation:
	-0.041147, 0.000000, 0.999153,
	0.317886, 0.948038, 0.013091,
	-0.947236, 0.318156, -0.039009
$AI Behavior: None
+AI Class: BP2-Captain
$Cargo 1:  XSTR("Nothing", -1)
+Initial Hull: 100
+Subsystem: Pilot
$Arrival Location: Hyperspace
$Arrival Cue: ( false ) 
$Departure Location: Hyperspace
$Departure Cue: ( false ) 
$Determination: 10
+Flags: ( "cargo-known" )
+Flags2: ( )
+Respawn priority: 0
+Special Hitpoints: 2000
+Orders Accepted: 0		;! note that this is a bitfield!!!
+Group: 0
+Score: 15
+Persona Index: 3

$Name: epsilon 1		;! Object #20
$Class: GTB Albatross
$Team: Friendly
$Location: 12819.102539, -2295.432861, -5951.573242
$Orientation:
	0.012577, 0.000000, 0.999921,
	0.328459, 0.944509, -0.004131,
	-0.944434, 0.328485, 0.011879
$AI Behavior: None
$Cargo 1:  XSTR("Nothing", -1)
+Initial Hull: 100
+Subsystem: Pilot
+Primary Banks: ( "Prometheus R" )
$Arrival Location: Hyperspace
$Arrival Cue: ( false ) 
$Departure Location: Hyperspace
$Departure Cue: ( false ) 
$Determination: 10
+Flags: ( "cargo-known" "invulnerable" )
+Flags2: ( )
+Respawn priority: 0
+Special Hitpoints: 2000
+Orders Accepted: 33023		;! note that this is a bitfield!!!
+Group: 0
+Use Table Score:
+Score: 10
+Persona Index: 0

$Name: epsilon 2		;! Object #21
$Class: GTB Albatross
$Team: Friendly
$Location: 12755.223633, -2295.432861, -6016.588867
$Orientation:
	0.019263, 0.000000, 0.999814,
	0.329975, 0.943968, -0.006357,
	-0.943793, 0.330036, 0.018184
$AI Behavior: None
$Cargo 1:  XSTR("Nothing", -1)
+Initial Hull: 100
+Subsystem: Pilot
+Primary Banks: ( "Prometheus R" )
$Arrival Location: Hyperspace
$Arrival Cue: ( false ) 
$Departure Location: Hyperspace
$Departure Cue: ( false ) 
$Determination: 10
+Flags: ( "cargo-known" )
+Flags2: ( )
+Respawn priority: 0
+Special Hitpoints: 2000
+Orders Accepted: 33023		;! note that this is a bitfield!!!
+Group: 0
+Use Table Score:
+Score: 10
+Persona Index: 1

$Name: epsilon 3		;! Object #22
$Class: GTB Albatross
$Team: Friendly
$Location: 12726.382813, -2295.432861, -5825.923340
$Orientation:
	0.002485, 0.000000, 0.999997,
	0.330549, 0.943789, -0.000821,
	-0.943786, 0.330550, 0.002345
$AI Behavior: None
$Cargo 1:  XSTR("Nothing", -1)
+Initial Hull: 100
+Subsystem: Pilot
+Primary Banks: ( "Prometheus R" )
$Arrival Location: Hyperspace
$Arrival Cue: ( false ) 
$Departure Location: Hyperspace
$Departure Cue: ( false ) 
$Determination: 10
+Flags: ( "cargo-known" )
+Flags2: ( )
+Respawn priority: 0
+Special Hitpoints: 2000
+Orders Accepted: 33023		;! note that this is a bitfield!!!
+Group: 0
+Use Table Score:
+Score: 10
+Persona Index: 2

$Name: epsilon 4		;! Object #23
$Class: GTB Albatross
$Team: Friendly
$Location: 12637.226563, -2295.432861, -5895.093750
$Orientation:
	0.010131, 0.000000, 0.999949,
	0.332222, 0.943195, -0.003366,
	-0.943147, 0.332239, 0.009555
$AI Behavior: None
$Cargo 1:  XSTR("Nothing", -1)
+Initial Hull: 100
+Subsystem: Pilot
+Primary Banks: ( "Prometheus R" )
$Arrival Location: Hyperspace
$Arrival Cue: ( false ) 
$Departure Location: Hyperspace
$Departure Cue: ( false ) 
$Determination: 10
+Flags: ( "cargo-known" )
+Flags2: ( )
+Respawn priority: 0
+Special Hitpoints: 2000
+Orders Accepted: 33023		;! note that this is a bitfield!!!
+Group: 0
+Use Table Score:
+Score: 10
+Persona Index: 3

$Name: delta 1		;! Object #24
$Class: GTB Albatross
$Team: Friendly
$Location: 13090.985352, -2135.390137, -5864.550293
$Orientation:
	0.008827, 0.000000, 0.999961,
	0.291055, 0.956703, -0.002569,
	-0.956666, 0.291066, 0.008445
$AI Behavior: None
+AI Class: BP2-Captain
$Cargo 1:  XSTR("Nothing", -1)
+Initial Hull: 100
+Subsystem: Pilot
+Primary Banks: ( "Prometheus R" )
$Arrival Location: Hyperspace
$Arrival Cue: ( false ) 
$Departure Location: Hyperspace
$Departure Cue: ( false ) 
$Determination: 10
+Flags: ( "cargo-known" )
+Flags2: ( )
+Respawn priority: 0
+Special Hitpoints: 2000
+Orders Accepted: 33023		;! note that this is a bitfield!!!
+Group: 0
+Use Table Score:
+Score: 10
+Persona Index: 0

$Name: delta 2		;! Object #25
$Class: GTB Albatross
$Team: Friendly
$Location: 13013.975586, -2135.390137, -5932.601074
$Orientation:
	0.015572, 0.000000, 0.999879,
	0.292770, 0.956172, -0.004559,
	-0.956056, 0.292806, 0.014889
$AI Behavior: None
+AI Class: BP2-Captain
$Cargo 1:  XSTR("Nothing", -1)
+Initial Hull: 100
+Subsystem: Pilot
+Primary Banks: ( "Prometheus R" )
$Arrival Location: Hyperspace
$Arrival Cue: ( false ) 
$Departure Location: Hyperspace
$Departure Cue: ( false ) 
$Determination: 10
+Flags: ( "cargo-known" )
+Flags2: ( )
+Respawn priority: 0
+Special Hitpoints: 2000
+Orders Accepted: 33023		;! note that this is a bitfield!!!
+Group: 0
+Use Table Score:
+Score: 10
+Persona Index: 1

$Name: delta 3		;! Object #26
$Class: GTB Albatross
$Team: Friendly
$Location: 13120.393555, -2135.390137, -5941.564941
$Orientation:
	0.015243, 0.000000, 0.999884,
	0.289642, 0.957125, -0.004415,
	-0.957014, 0.289675, 0.014589
$AI Behavior: None
+AI Class: BP2-Captain
$Cargo 1:  XSTR("Nothing", -1)
+Initial Hull: 100
+Subsystem: Pilot
+Primary Banks: ( "Prometheus R" )
$Arrival Location: Hyperspace
$Arrival Cue: ( false ) 
$Departure Location: Hyperspace
$Departure Cue: ( false ) 
$Determination: 10
+Flags: ( "cargo-known" )
+Flags2: ( )
+Respawn priority: 0
+Special Hitpoints: 2000
+Orders Accepted: 33023		;! note that this is a bitfield!!!
+Group: 0
+Use Table Score:
+Score: 10
+Persona Index: 2

$Name: delta 4		;! Object #27
$Class: GTB Albatross
$Team: Friendly
$Location: 13088.192383, -2135.390137, -6025.388184
$Orientation:
	0.024080, 0.000000, 0.999710,
	0.291081, 0.956673, -0.007011,
	-0.956395, 0.291166, 0.023037
$AI Behavior: None
+AI Class: BP2-Captain
$Cargo 1:  XSTR("Nothing", -1)
+Initial Hull: 100
+Subsystem: Pilot
+Primary Banks: ( "Prometheus R" )
$Arrival Location: Hyperspace
$Arrival Cue: ( false ) 
$Departure Location: Hyperspace
$Departure Cue: ( false ) 
$Determination: 10
+Flags: ( "cargo-known" )
+Flags2: ( )
+Respawn priority: 0
+Special Hitpoints: 2000
+Orders Accepted: 33023		;! note that this is a bitfield!!!
+Group: 0
+Use Table Score:
+Score: 10
+Persona Index: 3

$Name: iota 1		;! Object #28
$Class: GTF Erinyes
$Alt: 76th Ice Queens

$Team: Friendly
$Location: 12919.688477, -2295.432861, -5993.477539
$Orientation:
	0.023880, 0.000000, 0.999715,
	0.321166, 0.946992, -0.007672,
	-0.946722, 0.321258, 0.022614
$AI Behavior: None
+AI Class: BP2-Captain
$Cargo 1:  XSTR("Nothing", -1)
+Initial Hull: 100
+Subsystem: Pilot
$Arrival Location: Hyperspace
$Arrival Cue: ( false ) 
$Departure Location: Hyperspace
$Departure Cue: ( false ) 
$Determination: 10
+Flags: ( "cargo-known" )
+Flags2: ( )
+Respawn priority: 0
+Special Hitpoints: 2000
+Orders Accepted: 0		;! note that this is a bitfield!!!
+Group: 0
+Score: 15
+Persona Index: 0

$Name: iota 2		;! Object #29
$Class: GTF Erinyes
$Alt: 76th Ice Queens

$Team: Friendly
$Location: 12881.954102, -2295.432861, -6017.316406
$Orientation:
	0.028040, 0.000000, 0.999607,
	0.322928, 0.946380, -0.009059,
	-0.946008, 0.323055, 0.026537
$AI Behavior: None
+AI Class: BP2-Captain
$Cargo 1:  XSTR("Nothing", -1)
+Initial Hull: 100
+Subsystem: Pilot
$Arrival Location: Hyperspace
$Arrival Cue: ( false ) 
$Departure Location: Hyperspace
$Departure Cue: ( false ) 
$Determination: 10
+Flags: ( "cargo-known" )
+Flags2: ( )
+Respawn priority: 0
+Special Hitpoints: 2000
+Orders Accepted: 0		;! note that this is a bitfield!!!
+Group: 0
+Score: 15
+Persona Index: 1

$Name: iota 3		;! Object #30
$Class: GTF Erinyes
$Alt: 76th Ice Queens

$Team: Friendly
$Location: 12946.888672, -2295.432861, -6024.252441
$Orientation:
	0.028891, 0.000000, 0.999583,
