#Mission Info

$Version: 0.10
$Name:  XSTR("Snickers for Snicking", -1)
$Author: Herkie Del Socorro
$Created: 10/26/11 at 19:06:08
$Modified: 07/02/17 at 19:33:38
$Notes:
This is a FRED2_OPEN created mission.
$End Notes:

$Mission Desc:
 XSTR("November 30, 2370
", -1)
$end_multi_text
+Game Type Flags: 1
+Flags: 393352
+Fog Near Mult: 1.000000

+Fog Far Mult: 1.000000

+Disallow Support: 1
+Hull Repair Ceiling: 0.000000
+Subsystem Repair Ceiling: 100.000000

+Viewer pos: -142.940735, 43.531807, -1746.983398
+Viewer orient:
	0.955346, -0.000000, -0.295488,
	0.010979, 0.999310, 0.035496,
	0.295284, -0.037155, 0.954687


$Load Screen 640:	LoadAct7Sa.dds
$Load Screen 1024:	LoadAct7La.dds

$Skybox Model: GreenBox.pof

$AI Profile: AF1

#Sexp_variables

$Variables:
(
		0		"violate"		"0"		"number"
)
#Fiction Viewer

$File: LogA7C.txt
$Font: font01.vf

#Command Briefing

$Stage Text:
 XSTR("$B{To Commander John Richter
77th Dark angels GTVA $}

Well, my friend, I've once told you that we meet again. So here we are now. I have a very important mission that I am setting up by orders of the $G{ GTVA High Command. $} For many days now, the Shivans are decimating our ranks using their dreaded weapon and it's only this time that our government finally decided on this resolution. They should have done this a month ago and we could have save thousands of lives. This new $P Shivan $P weapon is devastating to our fleet here in $Y Gamma $Y Draconis. Rookie pilots are having a hard time intercepting those bombs. This is exactly the purpose of the mission that I'm going to give you and you can thank your commanding officer for that. It's his radical idea. See you in the briefing room.

$B{Colonel Christopher Snipes
Galactic Terran-Vasudan Intelligence $}", -1)
$end_multi_text
$Ani Filename: cb_SOC.ani
+Wave Filename: none

#Briefing
$start_briefing
$num_stages: 5
$start_stage
$multi_text
 XSTR("Good day, Commander. Take a look at the subject of this operation. Click on that icon. It is a $R Shivan $R comms $R craft designated as the $V Lamia. But I know you have encountered and destroyed one of these before so we'll get to the point.", -1)
$end_multi_text
$voice: none.wav
$camera_pos: 6908.115723, 2078.060547, 13508.225586
$camera_orient:
	0.999989, 0.000001, -0.004636,
	0.004636, 0.001027, 0.999989,
	0.000006, -1.000000, 0.001026
$camera_time: 500
$num_lines: 0
$num_icons: 1
$Flags: 2
$Formula: ( true ) 
$start_icon
$type: 18
$team: Hostile
$class: SC Lamia
$pos: 6877.244141, -0.000103, 13563.579102
$label: Lamia
+id: 1
$hlight: 0
$mirror: 1
$multi_text
$end_multi_text
$end_icon
$end_stage
$start_stage
$multi_text
 XSTR("We will be entering the $R Shivan $R home $R system once again and it will be very dangerous or should I say suicidal. They are really on high alert especially after we managed to infiltrate their system before. So the probable situation is $V unknown. We don't know the extent of their forces as of this time. But we do have vital info that we manage to snatch from their high level communications.", -1)
$end_multi_text
$voice: none.wav
$camera_pos: 6908.115723, 2078.060547, 13508.225586
$camera_orient:
	0.999989, 0.000001, -0.004636,
	0.004636, 0.001027, 0.999989,
	0.000006, -1.000000, 0.001026
$camera_time: 5000
$num_lines: 0
$num_icons: 3
$Flags: 2
$Formula: ( true ) 
$start_icon
$type: 18
$team: Hostile
$class: SC Lamia
$pos: 6877.244141, -0.000103, 13563.579102
$label: Lamia
+id: 1
$hlight: 0
$mirror: 1
$multi_text
$end_multi_text
$end_icon
$start_icon
$type: 21
$team: Hostile
$class: SJ Sathanas
$pos: 6464.159180, 0.000013, 13524.010742
$label: No info
+id: 2
$hlight: 0
$mirror: 0
$multi_text
$end_multi_text
$end_icon
$start_icon
$type: 21
$team: Unknown
$class: SJ Sathanas
$pos: 7392.296875, 0.000008, 13521.946289
$label: Unknown
+id: 3
$hlight: 0
$mirror: 0
$multi_text
$end_multi_text
$end_icon
$end_stage
$start_stage
$multi_text
 XSTR("Our intel division have verified the location of a $V manufacturing $V facility of these weapons of mass destruction. According to our initial scans of the $Y Shiva $Y System, there might be only one of this facility in existence. So it's probably not mass produced in a large scale. We are not sure. But we are certain that the operation is being coordinated by this $R Lamia $R comms $R craft.", -1)
$end_multi_text
$voice: none.wav
$camera_pos: 6908.115723, 2078.060547, 13508.225586
$camera_orient:
	0.999989, 0.000001, -0.004636,
	0.004636, 0.001027, 0.999989,
	0.000006, -1.000000, 0.001026
$camera_time: 500
$num_lines: 0
$num_icons: 3
$Flags: 3
$Formula: ( true ) 
$start_icon
$type: 18
$team: Hostile
$class: SC Lamia
$pos: 7191.771973, 0.000432, 13529.791992
$label: Lamia
+id: 1
$hlight: 0
$mirror: 1
$multi_text
$end_multi_text
$end_icon
$start_icon
$type: 21
$team: Hostile
$class: SJ Sathanas
$pos: 3906.087402, 0.000154, 13173.956055
$label: No info
+id: 2
$hlight: 0
$mirror: 0
$multi_text
$end_multi_text
$end_icon
$start_icon
$type: 21
$team: Unknown
$class: SJ Sathanas
$pos: 6648.772949, -0.000099, 13508.103516
$label: Unknown
+id: 3
$hlight: 0
$mirror: 0
$multi_text
$end_multi_text
$end_icon
$end_stage
$start_stage
$multi_text
 XSTR("So this is where we come in. We cannot risk an all-out military operation to destroy facility. Not yet. All we can do is to steal solid information from the $R Lamia so that we will be precise in dealing with the weapon facility later. We are using captured $b Mara class fighters to infiltrate the sector. There will be only the four of us so as not to risk detection.", -1)
$end_multi_text
$voice: none.wav
$camera_pos: 47.648491, 282.461487, -1592.294434
$camera_orient:
	0.999994, 0.000001, 0.003346,
	-0.003346, 0.012135, 0.999921,
	-0.000040, -0.999926, 0.012135
$camera_time: 500
$num_lines: 0
$num_icons: 4
$Flags: 3
$Formula: ( true ) 
$start_icon
$type: 18
$team: Hostile
$class: SC Lamia
$pos: 7191.771973, 0.000432, 13529.791992
$label: Lamia
+id: 1
$hlight: 0
$mirror: 0
$multi_text
$end_multi_text
$end_icon
$start_icon
$type: 21
$team: Hostile
$class: SJ Sathanas
$pos: 3906.087402, 0.000154, 13173.956055
$label: No info
+id: 2
$hlight: 0
$mirror: 0
$multi_text
$end_multi_text
$end_icon
$start_icon
$type: 21
$team: Unknown
$class: SJ Sathanas
$pos: 6648.772949, -0.000099, 13508.103516
$label: Unknown
+id: 3
$hlight: 0
$mirror: 0
$multi_text
$end_multi_text
$end_icon
$start_icon
$type: 1
$team: Friendly
$class: SF Mara (terrans)
$pos: 49.024189, -0.000012, -1581.808472
$label: SOC
+id: 4
$hlight: 0
$mirror: 0
$multi_text
$end_multi_text
$end_icon
$end_stage
$start_stage
$multi_text
 XSTR("Two of our top S O C pilots will be with us. Major Joseph Severanti and Major Dan Eric will be flying Alphas 3 and 4. I will be flying Alpha 2. There's nothing more I can brief you except to strictly follow my instructions along the way. We have little info, we don't know what is going to happen so we must rely on team work and initiative. That will be all.", -1)
$end_multi_text
$voice: none.wav
$camera_pos: 7.362020, 429.726868, -1507.711548
$camera_orient:
	0.999982, 0.000001, -0.006026,
	0.006024, 0.027313, 0.999609,
	0.000165, -0.999627, 0.027312
$camera_time: 7000
$num_lines: 0
$num_icons: 7
$Flags: 2
$Formula: ( true ) 
$start_icon
$type: 18
$team: Hostile
$class: SC Lamia
$pos: 7191.771973, 0.000432, 13529.791992
$label: Lamia
+id: 1
$hlight: 0
$mirror: 0
$multi_text
$end_multi_text
$end_icon
$start_icon
$type: 21
$team: Hostile
$class: SJ Sathanas
$pos: 3906.087402, 0.000154, 13173.956055
$label: No info
+id: 2
$hlight: 0
$mirror: 0
$multi_text
$end_multi_text
$end_icon
$start_icon
$type: 21
$team: Unknown
$class: SJ Sathanas
$pos: 6648.772949, -0.000099, 13508.103516
$label: Unknown
+id: 3
$hlight: 0
$mirror: 0
$multi_text
$end_multi_text
$end_icon
$start_icon
$type: 0
$team: Friendly
$class: SF Mara (terrans)
$pos: 76.422302, 81.915466, -1489.350342
$label: Eric
+id: 5
$hlight: 0
$mirror: 0
$multi_text
$end_multi_text
$end_icon
$start_icon
$type: 0
$team: Friendly
$class: SF Mara (terrans)
$pos: 36.466869, -112.701485, -1476.793335
$label: Severanti
+id: 6
$hlight: 0
$mirror: 0
$multi_text
$end_multi_text
$end_icon
$start_icon
$type: 0
$team: Friendly
$class: SF Mara (terrans)
$pos: -26.045866, 1.239184, -1484.377319
$label: Snipes
+id: 7
$hlight: 0
$mirror: 0
$multi_text
$end_multi_text
$end_icon
$start_icon
$type: 0
$team: Friendly
$class: SF Mara (terrans)
$pos: -77.683037, 0.000001, -1483.999268
$label: Richter
+id: 8
$hlight: 0
$mirror: 0
$multi_text
$end_multi_text
$end_icon
$end_stage
$end_briefing

#Debriefing_info

$Num stages: 1

$Formula: ( is-goal-true-delay "Scan Lamia" 0 ) 
$Multi text
    XSTR("$B{To Commander John Richter
7th Battlegroup, GTVA$}

Impressive work! I knew I could count on you. We were really on a hairy situation, weren't we? I'm rattled myself and I can still feel the adrenaline rush. $b Major $b Eric, on the other hand, is in severe shock and undergoing medical treatment. I hope he recovers. And $b Severanti, well, he is vomiting all over the corridors every now and then but he will be fine.

The information that we got is really vital and exquisite. It was worth it. Not only do we have intel on these weapons, the data also confirmed that there is, indeed, only one subspace bomb factory. And most importantly, we have the locations of their future deployment and their plans. Let's just hope that they don't realize this but I am rest assured that they won't. They don't know how we think.

I guess that's about it, Commander. You have the GTVI's highest commendations.

$B{Colonel Christopher Snipes
Galactic Terran-Vasudan Intelligence $}", -1)
$end_multi_text
$Voice: none.wav
$Recommendation text:
    XSTR("Another crazy sortie...", -1)
$end_multi_text

#Alternate Types:
$Alt: GTVA Stealth bouy
$Alt: SOC Mission Leader
$Alt: SOC Operative

#end


#Callsigns:
$Callsign: Snipes
$Callsign: Severanti
$Callsign: Eric

#end


#Players		;! 1 total

$Starting Shipname: alpha 1
$Ship Choices: (
	"GTF Ulysses"	5
	"GTF Hercules"	5
	"GTF Hercules Mark II"	5
	"GTF Ares"	5
	"GTF Erinyes"	5
	"GTF Loki"	5
	"GTF Pegasus"	5
	"GTF Perseus"	5
	"GTF Myrmidon"	5
	"SF Mara (terrans)"	5
	"GTB Artemis"	5
	"GTB Artemis D.H."	5
	"GTB Medusa"	5
	"GTB Ursa"	5
	"GTB Zeus"	5
	"GTB Boanerges"	5
	"GVF Ptah"	5
	"Spacesuit"	5
)

+Weaponry Pool: (
	"Subach HL-7"	20
	"Subach HL-D"	16
	"Mekhu HL-7"	16
	"Mekhu HL-7D"	16
	"Akheton SDG"	16
	"Morning Star"	16
	"MorningStar D"	16
	"Prometheus R"	16
	"Prometheus S"	16
	"Prometheus D"	16
	"Maxim"	16
	"Maxim D"	16
	"UD-8 Kayser"	20
	"UD-D Kayser"	16
	"Circe"	16
	"Lamprey"	16
	"Targeting Laser"	16
	"Rockeye"	500
	"Rockeye D"	500
	"Tempest"	500
	"Tempest D"	500
	"Hornet"	710
	"Hornet D"	500
	"Tornado"	500
	"Tornado D"	500
	"Harpoon"	500
	"Harpoon D"	500
	"Harpoon#Weak"	500
	"Trebuchet"	578
	"TAG-A"	500
	"TAG-B"	500
	"TAG-C"	500
	"Piranha"	500
	"Stiletto II"	500
	"Infyrno"	500
	"Infyrno D"	500
	"Cyclops"	500
	"Cyclops#short"	500
	"Helios"	500
	"EMP Adv."	500
)

#Objects		;! 93 total

$Name: alpha 1		;! Object #0
$Class: SF Mara (terrans)
$Team: Friendly
$Location: -67.831734, 0.000000, -1622.194214
$Orientation:
	0.999550, -0.029990, -0.000600,
	0.029995, 0.999350, 0.019990,
	0.000000, -0.019999, 0.999800
$AI Behavior: None
$Cargo 1:  XSTR("Nothing", -1)
+Initial Hull: 100
+Subsystem: Pilot
+Secondary Banks: ( "Trebuchet" "Trebuchet" )
$Arrival Location: Hyperspace
$Arrival Cue: ( false ) 
$Departure Location: Hyperspace
$Departure Cue: ( false ) 
$Determination: 10
+Flags: ( "cargo-known" "player-start" )
+Flags2: ( )
+Respawn priority: 0
+Special Hitpoints: 1000
+Special Shield Points: 1000
+Orders Accepted: 33023		;! note that this is a bitfield!!!
+Group: 0
+Score: 8

$Name: alpha 2		;! Object #1
$Class: SF Mara (terrans)
$Alt: SOC Mission Leader

$Callsign: Snipes

$Team: Friendly
$Location: -63.445946, 1.239209, -1523.070068
$Orientation:
	0.999550, -0.029989, -0.000600,
	0.029995, 0.999350, 0.019990,
	0.000000, -0.019999, 0.999800
$AI Behavior: None
+AI Class: BP2-General
$AI Goals: ( goals ( ai-waypoints-once "Waypoint path 1" 89 ) )
$Cargo 1:  XSTR("Nothing", -1)
+Initial Velocity: 33
+Initial Hull: 100
+Subsystem: Pilot
+Secondary Banks: ( "Trebuchet" "Trebuchet" )
$Arrival Location: Hyperspace
$Arrival Cue: ( false ) 
$Departure Location: Hyperspace
$Departure Cue: ( false ) 
$Determination: 10
+Flags: ( "cargo-known" )
+Flags2: ( )
+Respawn priority: 0
+Special Hitpoints: 1000
+Special Shield Points: 1000
+Orders Accepted: 33023		;! note that this is a bitfield!!!
+Group: 0
+Use Table Score:
+Score: 12
+Persona Index: 1

$Name: alpha 3		;! Object #2
$Class: SF Mara (terrans)
$Alt: SOC Operative

$Callsign: Severanti

$Team: Friendly
$Location: -37.352497, -112.701462, -1569.784058
$Orientation:
	0.999550, -0.029989, -0.000600,
	0.029995, 0.999350, 0.019990,
	0.000000, -0.019999, 0.999800
$AI Behavior: None
$AI Goals: ( goals ( ai-guard "alpha 2" 89 ) )
$Cargo 1:  XSTR("Nothing", -1)
+Initial Velocity: 33
+Initial Hull: 100
+Subsystem: Pilot
$Arrival Location: Hyperspace
$Arrival Cue: ( false ) 
$Departure Location: Hyperspace
$Departure Cue: ( false ) 
$Determination: 10
+Flags: ( "cargo-known" )
+Flags2: ( )
+Respawn priority: 0
+Special Hitpoints: 1000
+Special Shield Points: 1000
+Orders Accepted: 33023		;! note that this is a bitfield!!!
+Group: 0
+Use Table Score:
+Score: 12
+Persona Index: 2

$Name: alpha 4		;! Object #3
$Class: SF Mara (terrans)
$Alt: SOC Operative

$Callsign: Eric

$Team: Friendly
$Location: -99.691086, 81.915474, -1569.934937
$Orientation:
	0.999550, -0.029989, -0.000600,
	0.029995, 0.999350, 0.019990,
	0.000000, -0.019999, 0.999800
$AI Behavior: None
$AI Goals: ( goals ( ai-guard "alpha 2" 89 ) )
$Cargo 1:  XSTR("Nothing", -1)
+Initial Velocity: 33
+Initial Hull: 100
+Subsystem: Pilot
$Arrival Location: Hyperspace
$Arrival Cue: ( false ) 
$Departure Location: Hyperspace
$Departure Cue: ( false ) 
$Determination: 10
+Flags: ( "cargo-known" )
+Flags2: ( )
+Respawn priority: 0
+Special Hitpoints: 1000
+Special Shield Points: 1000
+Orders Accepted: 33023		;! note that this is a bitfield!!!
+Group: 0
+Use Table Score:
+Score: 12
+Persona Index: 3

$Name: SD Ravana 4		;! Object #4
$Class: SD Ravana
$Team: Friendly
$Location: -626.850525, -0.000000, 1370.482666
$Orientation:
	0.680089, -0.720179, -0.137187,
	0.329996, 0.467811, -0.819911,
	0.654661, 0.512341, 0.555810
$AI Behavior: None
$Cargo 1:  XSTR("Nothing", -1)
+Initial Velocity: 33
+Initial Hull: 100
+Initial Shields: 100
+Subsystem: Pilot
+Subsystem: turret01
+Subsystem: turret02
+Subsystem: turret03
+Subsystem: turret04
+Subsystem: turret05
+Subsystem: turret06
+Subsystem: turret07
+Subsystem: turret08
+Subsystem: turret09
+Subsystem: turret10
+Subsystem: turret11
+Subsystem: turret12
+Subsystem: turret13
+Subsystem: turret14
+Subsystem: turret15
+Subsystem: turret16
+Subsystem: turret17
+Subsystem: turret18
+Subsystem: turret19
+Subsystem: turret20
+Subsystem: turret21
+Subsystem: turret22
+Subsystem: turret23
+Subsystem: turret24
+Subsystem: turret25
+Subsystem: turret26
+Subsystem: turret27
+Subsystem: turret28
+Subsystem: turret29
+Subsystem: turret30
$Arrival Location: Hyperspace
$Arrival Cue: ( true ) 
$Departure Location: Hyperspace
$Departure Cue: ( false ) 
$Determination: 10
+Flags: ( "no-shields" )
+Flags2: ( )
+Respawn priority: 0
+Orders Accepted: 0		;! note that this is a bitfield!!!
+Group: 0
+Use Table Score:
+Score: 670

$Name: SD Ravana 5		;! Object #5
$Class: SD Ravana
$Team: Friendly
$Location: 1140.409668, -542.156433, 3042.648193
$Orientation:
	0.489168, -0.851536, 0.188685,
	0.472836, 0.077125, -0.877768,
	0.732899, 0.518593, 0.440364
$AI Behavior: None
$Cargo 1:  XSTR("Nothing", -1)
+Initial Velocity: 33
+Initial Hull: 100
+Initial Shields: 100
+Subsystem: Pilot
+Subsystem: turret01
+Subsystem: turret02
+Subsystem: turret03
+Subsystem: turret04
+Subsystem: turret05
+Subsystem: turret06
+Subsystem: turret07
+Subsystem: turret08
+Subsystem: turret09
+Subsystem: turret10
+Subsystem: turret11
+Subsystem: turret12
+Subsystem: turret13
+Subsystem: turret14
+Subsystem: turret15
+Subsystem: turret16
+Subsystem: turret17
+Subsystem: turret18
+Subsystem: turret19
+Subsystem: turret20
+Subsystem: turret21
+Subsystem: turret22
+Subsystem: turret23
+Subsystem: turret24
+Subsystem: turret25
+Subsystem: turret26
+Subsystem: turret27
+Subsystem: turret28
+Subsystem: turret29
+Subsystem: turret30
$Arrival Location: Hyperspace
$Arrival Cue: ( true ) 
$Departure Location: Hyperspace
$Departure Cue: ( false ) 
$Determination: 10
+Flags: ( "no-shields" )
+Flags2: ( )
+Respawn priority: 0
+Orders Accepted: 0		;! note that this is a bitfield!!!
+Group: 0
+Use Table Score:
+Score: 670

$Name: SFr Dis 7		;! Object #6
$Class: SFr Dis
$Team: Friendly
$Location: 220.069366, -89.625443, 5050.667969
$Orientation:
	0.606102, 0.673322, 0.423412,
	-0.551763, 0.739349, -0.385902,
	-0.572886, 0.000273, 0.819635
$AI Behavior: None
$Cargo 1:  XSTR("Nothing", -1)
+Initial Velocity: 33
+Initial Hull: 100
+Initial Shields: 100
+Subsystem: Pilot
+Subsystem: turret01
+Subsystem: turret02
+Subsystem: turret03
+Subsystem: turret04
$Arrival Location: Hyperspace
$Arrival Cue: ( true ) 
$Departure Location: Hyperspace
$Departure Cue: ( false ) 
$Determination: 10
+Flags: ( "no-shields" )
+Flags2: ( )
+Respawn priority: 0
+Orders Accepted: 0		;! note that this is a bitfield!!!
+Group: 0
+Use Table Score:
+Score: 20

$Name: SAC 3 13		;! Object #7
$Class: SAC 3
$Team: Friendly
$Location: 120.246254, -88.410713, 5188.245605
$Orientation:
	-0.606104, -0.673299, -0.423446,
	0.544998, -0.739316, 0.395460,
	-0.579324, 0.008913, 0.815049
$AI Behavior: None
$Cargo 1:  XSTR("Nothing", -1)
+Initial Velocity: 33
+Initial Hull: 100
+Initial Shields: 100
+Subsystem: Pilot
$Arrival Location: Hyperspace
$Arrival Cue: ( false ) 
$Departure Location: Hyperspace
$Departure Cue: ( false ) 
$Determination: 10
+Flags: ( "no-shields" )
+Flags2: ( )
+Respawn priority: 0
+Docked With: SFr Dis 7
$Docker Point: cargo dock01
$Dockee Point: cargo dockpoint
+Group: 0
+Use Table Score:
+Score: 0

$Name: SFr Mephisto 8		;! Object #8
$Class: SFr Mephisto
$Team: Friendly
$Location: 402.213684, 144.832184, 4591.079590
$Orientation:
	0.604590, 0.674389, 0.423876,
	-0.552789, 0.738379, -0.386293,
	-0.573473, -0.000765, 0.819185
$AI Behavior: None
$Cargo 1:  XSTR("Nothing", -1)
+Initial Velocity: 33
+Initial Hull: 100
+Initial Shields: 100
+Subsystem: Pilot
+Subsystem: turret01
+Subsystem: turret02
+Subsystem: turret03
+Subsystem: turret04
$Arrival Location: Hyperspace
$Arrival Cue: ( true ) 
$Departure Location: Hyperspace
$Departure Cue: ( false ) 
$Determination: 10
+Flags: ( "no-shields" )
+Flags2: ( )
+Respawn priority: 0
+Docked With: SC 5 17
$Docker Point: cargo dock
$Dockee Point: cargo dock04
+Docked With: SC 5 16
$Docker Point: cargo dock
$Dockee Point: cargo dock03
+Docked With: SC 5 15
$Docker Point: cargo dock
$Dockee Point: cargo dock01
+Docked With: SC 5 12
$Docker Point: cargo dock
$Dockee Point: cargo dock02
+Orders Accepted: 0		;! note that this is a bitfield!!!
+Group: 0
+Use Table Score:
+Score: 30

$Name: SC 5 12		;! Object #9
$Class: SC 5
$Team: Friendly
$Location: 400.691162, 156.923721, 4593.047363
$Orientation:
	0.573689, 0.000751, -0.819034,
	0.036634, 0.998978, 0.026576,
	0.818239, -0.045253, 0.573093
$AI Behavior: None
$Cargo 1:  XSTR("Nothing", -1)
+Initial Velocity: 33
+Initial Hull: 100
+Initial Shields: 100
+Subsystem: Pilot
$Arrival Location: Hyperspace
$Arrival Cue: ( false ) 
$Departure Location: Hyperspace
$Departure Cue: ( false ) 
$Determination: 10
+Flags: ( "no-shields" )
+Flags2: ( )
+Respawn priority: 0
+Docked With: SFr Mephisto 8
$Docker Point: cargo dock02
$Dockee Point: cargo dock
+Group: 0
+Use Table Score:
+Score: 0

$Name: SC 5 15		;! Object #10
$Class: SC 5
$Team: Friendly
$Location: 390.979156, 145.854446, 4586.237793
$Orientation:
	0.573474, 0.000755, -0.819185,
	-0.818390, 0.045248, -0.572877,
	0.036635, 0.998978, 0.026567
$AI Behavior: None
$Cargo 1:  XSTR("Nothing", -1)
+Initial Velocity: 33
+Initial Hull: 100
+Initial Shields: 100
+Subsystem: Pilot
$Arrival Location: Hyperspace
$Arrival Cue: ( false ) 
$Departure Location: Hyperspace
$Departure Cue: ( false ) 
$Determination: 10
+Flags: ( "no-shields" )
+Flags2: ( )
+Respawn priority: 0
+Docked With: SFr Mephisto 8
$Docker Point: cargo dock01
$Dockee Point: cargo dock
+Group: 0
+Use Table Score:
+Score: 0

$Name: SC 5 16		;! Object #11
$Class: SC 5
$Team: Friendly
$Location: 409.822021, 144.941284, 4599.428711
$Orientation:
	0.573473, 0.000752, -0.819185,
	0.818390, -0.045252, 0.572877,
	-0.036639, -0.998978, -0.026567
$AI Behavior: None
$Cargo 1:  XSTR("Nothing", -1)
+Initial Velocity: 33
+Initial Hull: 100
+Initial Shields: 100
+Subsystem: Pilot
$Arrival Location: Hyperspace
$Arrival Cue: ( false ) 
$Departure Location: Hyperspace
$Departure Cue: ( false ) 
$Determination: 10
+Flags: ( "no-shields" )
+Flags2: ( )
+Respawn priority: 0
+Docked With: SFr Mephisto 8
$Docker Point: cargo dock03
$Dockee Point: cargo dock
+Group: 0
+Use Table Score:
+Score: 0

$Name: SC 5 17		;! Object #12
$Class: SC 5
$Team: Friendly
$Location: 400.091705, 133.912872, 4592.606445
$Orientation:
	0.573550, 0.000759, -0.819131,
	-0.036631, -0.998978, -0.026575,
	-0.818337, 0.045250, -0.572953
$AI Behavior: None
$Cargo 1:  XSTR("Nothing", -1)
+Initial Velocity: 33
+Initial Hull: 100
+Initial Shields: 100
+Subsystem: Pilot
$Arrival Location: Hyperspace
$Arrival Cue: ( false ) 
$Departure Location: Hyperspace
$Departure Cue: ( false ) 
$Determination: 10
+Flags: ( "no-shields" )
+Flags2: ( )
+Respawn priority: 0
+Docked With: SFr Mephisto 8
$Docker Point: cargo dock04
$Dockee Point: cargo dock
+Group: 0
+Use Table Score:
+Score: 0

$Name: SFr Mephisto 9		;! Object #13
$Class: SFr Mephisto
$Team: Friendly
$Location: 274.652618, -23.367157, 4912.553711
$Orientation:
	0.605195, 0.674230, 0.423264,
	-0.552722, 0.738521, -0.386115,
	-0.572920, -0.000272, 0.819611
$AI Behavior: None
$Cargo 1:  XSTR("Nothing", -1)
+Initial Velocity: 33
+Initial Hull: 100
+Initial Shields: 100
+Subsystem: Pilot
+Subsystem: turret01
+Subsystem: turret02
+Subsystem: turret03
+Subsystem: turret04
$Arrival Location: Hyperspace
$Arrival Cue: ( true ) 
$Departure Location: Hyperspace
$Departure Cue: ( false ) 
$Determination: 10
+Flags: ( "no-shields" )
+Flags2: ( )
+Respawn priority: 0
+Docked With: SC 5 21
$Docker Point: cargo dock
$Dockee Point: cargo dock04
+Docked With: SC 5 20
$Docker Point: cargo dock
$Dockee Point: cargo dock03
+Docked With: SC 5 19
$Docker Point: cargo dock
$Dockee Point: cargo dock02
+Docked With: SC 5 18
$Docker Point: cargo dock
$Dockee Point: cargo dock01
+Orders Accepted: 0		;! note that this is a bitfield!!!
+Group: 0
+Use Table Score:
+Score: 30

$Name: SC 5 18		;! Object #14
$Class: SC 5
$Team: Friendly
$Location: 263.415131, -22.341099, 4907.720215
$Orientation:
	0.572921, 0.000278, -0.819610,
	-0.818770, 0.045461, -0.572318,
	0.037101, 0.998966, 0.026273
$AI Behavior: None
$Cargo 1:  XSTR("Nothing", -1)
+Initial Velocity: 33
+Initial Hull: 100
+Initial Shields: 100
+Subsystem: Pilot
$Arrival Location: Hyperspace
$Arrival Cue: ( false ) 
$Departure Location: Hyperspace
$Departure Cue: ( false ) 
$Determination: 10
+Flags: ( "no-shields" )
+Flags2: ( )
+Respawn priority: 0
+Docked With: SFr Mephisto 9
$Docker Point: cargo dock01
$Dockee Point: cargo dock
+Group: 0
+Use Table Score:
+Score: 0

$Name: SC 5 19		;! Object #15
$Class: SC 5
$Team: Friendly
$Location: 273.136780, -11.274393, 4914.519043
$Orientation:
	0.572732, 0.000280, -0.819743,
	0.037108, 0.998966, 0.026268,
	0.818902, -0.045464, 0.572129
$AI Behavior: None
$Cargo 1:  XSTR("Nothing", -1)
+Initial Velocity: 33
+Initial Hull: 100
+Initial Shields: 100
+Subsystem: Pilot
$Arrival Location: Hyperspace
$Arrival Cue: ( false ) 
$Departure Location: Hyperspace
$Departure Cue: ( false ) 
$Determination: 10
+Flags: ( "no-shields" )
+Flags2: ( )
+Respawn priority: 0
+Docked With: SFr Mephisto 9
$Docker Point: cargo dock02
$Dockee Point: cargo dock
+Group: 0
+Use Table Score:
+Score: 0

$Name: SC 5 20		;! Object #16
$Class: SC 5
$Team: Friendly
$Location: 282.266815, -23.259182, 4920.897461
$Orientation:
	0.572920, 0.000260, -0.819611,
	0.818771, -0.045465, 0.572318,
	-0.037114, -0.998966, -0.026261
$AI Behavior: None
$Cargo 1:  XSTR("Nothing", -1)
+Initial Velocity: 33
+Initial Hull: 100
+Initial Shields: 100
+Subsystem: Pilot
$Arrival Location: Hyperspace
$Arrival Cue: ( false ) 
$Departure Location: Hyperspace
$Departure Cue: ( false ) 
$Determination: 10
+Flags: ( "no-shields" )
+Flags2: ( )
+Respawn priority: 0
+Docked With: SFr Mephisto 9
$Docker Point: cargo dock03
$Dockee Point: cargo dock
+Group: 0
+Use Table Score:
+Score: 0

$Name: SC 5 21		;! Object #17
$Class: SC 5
$Team: Friendly
$Location: 272.526489, -34.285034, 4914.084961
$Orientation:
	0.572739, 0.000281, -0.819738,
	-0.037106, -0.998966, -0.026268,
	-0.818898, 0.045462, -0.572136
$AI Behavior: None
$Cargo 1:  XSTR("Nothing", -1)
+Initial Velocity: 33
+Initial Hull: 100
+Initial Shields: 100
+Subsystem: Pilot
$Arrival Location: Hyperspace
$Arrival Cue: ( false ) 
$Departure Location: Hyperspace
$Departure Cue: ( false ) 
$Determination: 10
+Flags: ( "no-shields" )
+Flags2: ( )
+Respawn priority: 0
+Docked With: SFr Mephisto 9
$Docker Point: cargo dock04
$Dockee Point: cargo dock
+Group: 0
+Use Table Score:
+Score: 0

$Name: SFr Asmodeus 10		;! Object #18
$Class: SFr Asmodeus
$Team: Friendly
$Location: 490.976746, -43.224041, 4853.713867
$Orientation:
	0.604777, 0.673236, 0.425438,
	-0.551783, 0.739424, -0.385728,
	-0.574265, -0.001470, 0.818661
$AI Behavior: None
$Cargo 1:  XSTR("Nothing", -1)
+Initial Velocity: 33
+Initial Hull: 100
+Initial Shields: 100
+Subsystem: Pilot
+Subsystem: a-turret01
+Subsystem: a-turret02
+Subsystem: a-turret03
+Subsystem: a-turret04
$Arrival Location: Hyperspace
$Arrival Cue: ( true ) 
$Departure Location: Hyperspace
$Departure Cue: ( false ) 
$Determination: 10
+Flags: ( "no-shields" )
+Flags2: ( )
+Respawn priority: 0
+Docked With: ST Azrael 6
$Docker Point: dockpoint 1
$Dockee Point: blahblah
+Docked With: SAC 2 11
$Docker Point: cargo dock01
$Dockee Point: cargo dock02
+Docked With: SAC 2 14
$Docker Point: cargo dock01
$Dockee Point: cargo dock01
+Orders Accepted: 0		;! note that this is a bitfield!!!
+Group: 0
+Use Table Score:
+Score: 30

$Name: SAC 2 14		;! Object #19
$Class: SAC 2
$Team: Friendly
$Location: 490.499878, -21.173300, 4864.357910
$Orientation:
	0.789429, 0.264165, 0.554094,
	-0.217078, 0.964475, -0.150542,
	-0.574178, -0.001440, 0.818722
$AI Behavior: None
$Cargo 1:  XSTR("Nothing", -1)
+Initial Velocity: 33
+Initial Hull: 100
+Initial Shields: 100
+Subsystem: Pilot
$Arrival Location: Hyperspace
$Arrival Cue: ( false ) 
$Departure Location: Hyperspace
$Departure Cue: ( false ) 
$Determination: 10
+Flags: ( "no-shields" )
+Flags2: ( )
+Respawn priority: 0
+Docked With: SFr Asmodeus 10
$Docker Point: cargo dock01
$Dockee Point: cargo dock01
+Group: 0
+Use Table Score:
+Score: 0

$Name: SAC 2 11		;! Object #20
$Class: SAC 2
$Team: Friendly
$Location: 467.449524, -46.876381, 4848.059082
$Orientation:
	-0.288358, -0.935550, -0.203943,
	-0.766206, 0.353186, -0.536832,
	0.574263, 0.001463, -0.818663
$AI Behavior: None
$Cargo 1:  XSTR("Nothing", -1)
+Initial Velocity: 33
+Initial Hull: 100
+Initial Shields: 100
+Subsystem: Pilot
$Arrival Location: Hyperspace
$Arrival Cue: ( false ) 
$Departure Location: Hyperspace
$Departure Cue: ( false ) 
$Determination: 10
+Flags: ( "no-shields" )
+Flags2: ( )
+Respawn priority: 0
+Docked With: SFr Asmodeus 10
$Docker Point: cargo dock02
$Dockee Point: cargo dock01
+Group: 0
+Use Table Score:
+Score: 0

$Name: ST Azrael 6		;! Object #21
$Class: ST Azrael
$Team: Friendly
$Location: 485.899719, -55.763718, 4880.449219
$Orientation:
	0.604698, 0.673236, 0.425550,
	-0.553262, 0.739417, -0.383617,
	-0.572923, -0.003468, 0.819594
$AI Behavior: None
$Cargo 1:  XSTR("Nothing", -1)
+Initial Velocity: 33
+Initial Hull: 100
+Initial Shields: 100
+Subsystem: Pilot
+Subsystem: turret01a
+Subsystem: turret02a
+Subsystem: turret03a
$Arrival Location: Hyperspace
$Arrival Cue: ( false ) 
$Departure Location: Hyperspace
$Departure Cue: ( false ) 
$Determination: 10
+Flags: ( "no-shields" )
+Flags2: ( )
+Respawn priority: 0
+Docked With: SFr Asmodeus 10
$Docker Point: blahblah
$Dockee Point: dockpoint 1
+Orders Accepted: 0		;! note that this is a bitfield!!!
+Group: 0
+Use Table Score:
+Score: 15

$Name: SFr Mephisto 34		;! Object #22
$Class: SFr Mephisto
$Team: Friendly
$Location: 303.232025, -86.808525, 4731.434570
$Orientation:
	0.972023, 0.234482, 0.013789,
	-0.152595, 0.585763, 0.795988,
	0.178568, -0.775822, 0.605155
$AI Behavior: None
$Cargo 1:  XSTR("Nothing", -1)
+Initial Velocity: 33
+Initial Hull: 100
+Initial Shields: 100
+Subsystem: Pilot
+Subsystem: turret01
+Subsystem: turret02
+Subsystem: turret03
+Subsystem: turret04
$Arrival Location: Hyperspace
$Arrival Cue: ( true ) 
$Departure Location: Hyperspace
$Departure Cue: ( false ) 
$Determination: 10
+Flags: ( "no-shields" )
+Flags2: ( )
+Respawn priority: 0
+Docked With: SC 5 26
$Docker Point: cargo dock
$Dockee Point: cargo dock01
+Docked With: SC 5 27
$Docker Point: cargo dock
$Dockee Point: cargo dock02
+Docked With: SC 5 28
$Docker Point: cargo dock
$Dockee Point: cargo dock03
+Docked With: SC 5 29
$Docker Point: cargo dock
$Dockee Point: cargo dock04
+Orders Accepted: 0		;! note that this is a bitfield!!!
+Group: 0
+Use Table Score:
+Score: 30

$Name: SC 5 29		;! Object #23
$Class: SC 5
$Team: Friendly
$Location: 297.039612, -94.986435, 4726.869141
$Orientation:
	-0.178615, 0.775835, -0.605124,
	-0.579424, -0.580002, -0.572597,
	-0.795214, 0.248349, 0.553134
$AI Behavior: None
$Cargo 1:  XSTR("Nothing", -1)
+Initial Velocity: 33
+Initial Hull: 100
+Initial Shields: 100
+Subsystem: Pilot
$Arrival Location: Hyperspace
$Arrival Cue: ( false ) 
$Departure Location: Hyperspace
$Departure Cue: ( false ) 
$Determination: 10
+Flags: ( "no-shields" )
+Flags2: ( )
+Respawn priority: 0
+Docked With: SFr Mephisto 34
$Docker Point: cargo dock04
$Dockee Point: cargo dock
+Group: 0
+Use Table Score:
+Score: 0

$Name: SC 5 28		;! Object #24
$Class: SC 5
$Team: Friendly
$Location: 312.778534, -91.109467, 4727.195313
$Orientation:
	-0.178525, 0.775864, -0.605114,
	0.795223, -0.248396, -0.553100,
	-0.579439, -0.579943, -0.572641
$AI Behavior: None
$Cargo 1:  XSTR("Nothing", -1)
+Initial Velocity: 33
+Initial Hull: 100
+Initial Shields: 100
+Subsystem: Pilot
$Arrival Location: Hyperspace
$Arrival Cue: ( false ) 
$Departure Location: Hyperspace
$Departure Cue: ( false ) 
$Determination: 10
+Flags: ( "no-shields" )
+Flags2: ( )
+Respawn priority: 0
+Docked With: SFr Mephisto 34
$Docker Point: cargo dock03
$Dockee Point: cargo dock
+Group: 0
+Use Table Score:
+Score: 0

$Name: SC 5 27		;! Object #25
$Class: SC 5
$Team: Friendly
$Location: 310.141632, -81.560303, 4740.216309
$Orientation:
	-0.178631, 0.775841, -0.605113,
	0.579426, 0.580001, 0.572596,
	0.795209, -0.248334, -0.553148
$AI Behavior: None
$Cargo 1:  XSTR("Nothing", -1)
+Initial Velocity: 33
+Initial Hull: 100
+Initial Shields: 100
+Subsystem: Pilot
$Arrival Location: Hyperspace
$Arrival Cue: ( false ) 
$Departure Location: Hyperspace
$Departure Cue: ( false ) 
$Determination: 10
+Flags: ( "no-shields" )
+Flags2: ( )
+Respawn priority: 0
+Docked With: SFr Mephisto 34
$Docker Point: cargo dock02
$Dockee Point: cargo dock
+Group: 0
+Use Table Score:
+Score: 0

$Name: SC 5 26		;! Object #26
$Class: SC 5
$Team: Friendly
$Location: 294.399048, -85.466400, 4739.853516
$Orientation:
	-0.178555, 0.775834, -0.605144,
	-0.795225, 0.248395, 0.553098,
	0.579427, 0.579984, 0.572611
$AI Behavior: None
$Cargo 1:  XSTR("Nothing", -1)
+Initial Velocity: 33
+Initial Hull: 100
+Initial Shields: 100
+Subsystem: Pilot
$Arrival Location: Hyperspace
$Arrival Cue: ( false ) 
$Departure Location: Hyperspace
$Departure Cue: ( false ) 
$Determination: 10
+Flags: ( "no-shields" )
+Flags2: ( )
+Respawn priority: 0
+Docked With: SFr Mephisto 34
$Docker Point: cargo dock01
$Dockee Point: cargo dock
+Group: 0
+Use Table Score:
+Score: 0

$Name: SFr Mephisto 35		;! Object #27
$Class: SFr Mephisto
$Team: Friendly
$Location: 267.949646, 118.976624, 4953.003906
$Orientation:
	0.972303, 0.232957, 0.018899,
	-0.154945, 0.581934, 0.798339,
	0.174981, -0.779156, 0.601911
$AI Behavior: None
$Cargo 1:  XSTR("Nothing", -1)
+Initial Velocity: 33
+Initial Hull: 100
+Initial Shields: 100
+Subsystem: Pilot
+Subsystem: turret01
+Subsystem: turret02
+Subsystem: turret03
+Subsystem: turret04
$Arrival Location: Hyperspace
$Arrival Cue: ( true ) 
$Departure Location: Hyperspace
$Departure Cue: ( false ) 
$Determination: 10
+Flags: ( "no-shields" )
+Flags2: ( )
+Respawn priority: 0
+Docked With: SC 5 22
$Docker Point: cargo dock
$Dockee Point: cargo dock01
+Docked With: SC 5 23
$Docker Point: cargo dock
$Dockee Point: cargo dock02
+Docked With: SC 5 24
$Docker Point: cargo dock
$Dockee Point: cargo dock03
+Docked With: SC 5 25
$Docker Point: cargo dock
$Dockee Point: cargo dock04
+Orders Accepted: 0		;! note that this is a bitfield!!!
+Group: 0
+Use Table Score:
+Score: 30

$Name: SC 5 25		;! Object #28
$Class: SC 5
$Team: Friendly
$Location: 261.763672, 110.831322, 4948.372070
$Orientation:
	-0.175083, 0.779186, -0.601842,
	-0.577960, -0.576216, -0.577873,
	-0.797062, 0.246666, 0.551224
$AI Behavior: None
$Cargo 1:  XSTR("Nothing", -1)
+Initial Velocity: 33
+Initial Hull: 100
+Initial Shields: 100
+Subsystem: Pilot
$Arrival Location: Hyperspace
$Arrival Cue: ( false ) 
$Departure Location: Hyperspace
$Departure Cue: ( false ) 
$Determination: 10
+Flags: ( "no-shields" )
+Flags2: ( )
+Respawn priority: 0
+Docked With: SFr Mephisto 35
$Docker Point: cargo dock04
$Dockee Point: cargo dock
+Group: 0
+Use Table Score:
+Score: 0

$Name: SC 5 24		;! Object #29
$Class: SC 5
$Team: Friendly
$Location: 277.506744, 114.682976, 4948.781250
$Orientation:
	-0.175065, 0.779072, -0.601995,
	0.797082, -0.246766, -0.551150,
	-0.577937, -0.576327, -0.577785
$AI Behavior: None
$Cargo 1:  XSTR("Nothing", -1)
+Initial Velocity: 33
+Initial Hull: 100
+Initial Shields: 100
+Subsystem: Pilot
$Arrival Location: Hyperspace
$Arrival Cue: ( false ) 
$Departure Location: Hyperspace
$Departure Cue: ( false ) 
$Determination: 10
+Flags: ( "no-shields" )
+Flags2: ( )
+Respawn priority: 0
+Docked With: SFr Mephisto 35
$Docker Point: cargo dock03
$Dockee Point: cargo dock
+Group: 0
+Use Table Score:
+Score: 0

$Name: SC 5 23		;! Object #30
$Class: SC 5
$Team: Friendly
$Location: 274.831543, 124.169769, 4961.839355
$Orientation:
	-0.174890, 0.779126, -0.601976,
	0.577962, 0.576216, 0.577872,
	0.797103, -0.246856, -0.551079
$AI Behavior: None
$Cargo 1:  XSTR("Nothing", -1)
+Initial Velocity: 33
+Initial Hull: 100
+Initial Shields: 100
+Subsystem: Pilot
$Arrival Location: Hyperspace
$Arrival Cue: ( false ) 
$Departure Location: Hyperspace
$Departure Cue: ( false ) 
$Determination: 10
+Flags: ( "no-shields" )
+Flags2: ( )
+Respawn priority: 0
+Docked With: SFr Mephisto 35
$Docker Point: cargo dock02
$Dockee Point: cargo dock
+Group: 0
+Use Table Score:
+Score: 0

$Name: SC 5 22		;! Object #31
$Class: SC 5
$Team: Friendly
$Location: 259.084717, 120.289063, 4961.393555
$Orientation:
	-0.175061, 0.779076, -0.601992,
	-0.797085, 0.246765, 0.551147,
	0.577935, 0.576323, 0.577791
$AI Behavior: None
$Cargo 1:  XSTR("Nothing", -1)
+Initial Velocity: 33
+Initial Hull: 100
+Initial Shields: 100
+Subsystem: Pilot
$Arrival Location: Hyperspace
$Arrival Cue: ( false ) 
$Departure Location: Hyperspace
$Departure Cue: ( false ) 
$Determination: 10
+Flags: ( "no-shields" )
+Flags2: ( )
+Respawn priority: 0
+Docked With: SFr Mephisto 35
$Docker Point: cargo dock01
$Dockee Point: cargo dock
+Group: 0
+Use Table Score:
+Score: 0

$Name: SFr Mephisto 36		;! Object #32
$Class: SFr Mephisto
$Team: Friendly
$Location: 530.898071, 3.146938, 4617.008789
$Orientation:
	0.972451, 0.232715, 0.013488,
	-0.151355, 0.586349, 0.795793,
	0.177284, -0.775911, 0.605419
$AI Behavior: None
$Cargo 1:  XSTR("Nothing", -1)
+Initial Velocity: 33
+Initial Hull: 100
+Initial Shields: 100
+Subsystem: Pilot
+Subsystem: turret01
+Subsystem: turret02
+Subsystem: turret03
+Subsystem: turret04
$Arrival Location: Hyperspace
$Arrival Cue: ( true ) 
$Departure Location: Hyperspace
$Departure Cue: ( false ) 
$Determination: 10
+Flags: ( "no-shields" )
+Flags2: ( )
+Respawn priority: 0
+Docked With: SC 5 30
$Docker Point: cargo dock
$Dockee Point: cargo dock01
+Docked With: SC 5 31
$Docker Point: cargo dock
$Dockee Point: cargo dock02
+Docked With: SC 5 32
$Docker Point: cargo dock
$Dockee Point: cargo dock03
+Docked With: SC 5 33
$Docker Point: cargo dock
$Dockee Point: cargo dock04
+Orders Accepted: 0		;! note that this is a bitfield!!!
+Group: 0
+Use Table Score:
+Score: 30

$Name: SC 5 33		;! Object #33
$Class: SC 5
$Team: Friendly
$Location: 524.689941, -5.021497, 4612.448242
$Orientation:
	-0.177140, 0.775864, -0.605521,
	-0.580604, -0.579166, -0.572246,
	-0.794682, 0.250200, 0.553064
$AI Behavior: None
$Cargo 1:  XSTR("Nothing", -1)
+Initial Velocity: 33
+Initial Hull: 100
+Initial Shields: 100
+Subsystem: Pilot
$Arrival Location: Hyperspace
$Arrival Cue: ( false ) 
$Departure Location: Hyperspace
$Departure Cue: ( false ) 
$Determination: 10
+Flags: ( "no-shields" )
+Flags2: ( )
+Respawn priority: 0
+Docked With: SFr Mephisto 36
$Docker Point: cargo dock04
$Dockee Point: cargo dock
+Group: 0
+Use Table Score:
+Score: 0

$Name: SC 5 32		;! Object #34
$Class: SC 5
$Team: Friendly
$Location: 540.435669, -1.173132, 4612.769531
$Orientation:
	-0.177393, 0.775802, -0.605527,
	0.794648, -0.250060, -0.553175,
	-0.580573, -0.579310, -0.572132
$AI Behavior: None
$Cargo 1:  XSTR("Nothing", -1)
+Initial Velocity: 33
+Initial Hull: 100
+Initial Shields: 100
+Subsystem: Pilot
$Arrival Location: Hyperspace
$Arrival Cue: ( false ) 
$Departure Location: Hyperspace
$Departure Cue: ( false ) 
$Determination: 10
+Flags: ( "no-shields" )
+Flags2: ( )
+Respawn priority: 0
+Docked With: SFr Mephisto 36
$Docker Point: cargo dock03
$Dockee Point: cargo dock
+Group: 0
+Use Table Score:
+Score: 0

$Name: SC 5 31		;! Object #35
$Class: SC 5
$Team: Friendly
$Location: 537.819092, 8.385965, 4625.786133
$Orientation:
	-0.177411, 0.775948, -0.605334,
	0.580605, 0.579167, 0.572244,
	0.794621, -0.249937, -0.553270
$AI Behavior: None
$Cargo 1:  XSTR("Nothing", -1)
+Initial Velocity: 33
+Initial Hull: 100
+Initial Shields: 100
+Subsystem: Pilot
$Arrival Location: Hyperspace
$Arrival Cue: ( false ) 
$Departure Location: Hyperspace
$Departure Cue: ( false ) 
$Determination: 10
+Flags: ( "no-shields" )
+Flags2: ( )
+Respawn priority: 0
+Docked With: SFr Mephisto 36
$Docker Point: cargo dock02
$Dockee Point: cargo dock
+Group: 0
+Use Table Score:
+Score: 0

$Name: SC 5 30		;! Object #36
$Class: SC 5
$Team: Friendly
$Location: 522.069458, 4.508502, 4625.428711
$Orientation:
	-0.177225, 0.775969, -0.605362,
	-0.794650, 0.250058, 0.553173,
	0.580621, 0.579087, 0.572309
$AI Behavior: None
$Cargo 1:  XSTR("Nothing", -1)
+Initial Velocity: 33
+Initial Hull: 100
+Initial Shields: 100
+Subsystem: Pilot
$Arrival Location: Hyperspace
$Arrival Cue: ( false ) 
$Departure Location: Hyperspace
$Departure Cue: ( false ) 
$Determination: 10
+Flags: ( "no-shields" )
+Flags2: ( )
+Respawn priority: 0
+Docked With: SFr Mephisto 36
$Docker Point: cargo dock01
$Dockee Point: cargo dock
+Group: 0
+Use Table Score:
+Score: 0

$Name: SC Lamia 37		;! Object #37
$Class: SC Lamia
$Team: Friendly
$Location: 6987.339355, 0.000000, 13307.125000
$Orientation:
	0.219007, 0.000000, -0.975724,
	0.000000, 1.000000, 0.000000,
	0.975724, 0.000000, 0.219007
$AI Behavior: None
$Cargo 1:  XSTR("Top secret Info", -1)
+Initial Velocity: 33
+Initial Hull: 100
+Initial Shields: 100
+Subsystem: Pilot
+Subsystem: turret01
+Subsystem: turret02
