#Mission Info

$Version: 0.10
$Name:  XSTR("Shackles of War", -1)
$Author: Herkie
$Created: 08/15/16 at 11:44:51
$Modified: 12/08/17 at 16:46:50
$Notes:
This is a FRED2_OPEN created mission.
$End Notes:

$Mission Desc:
 XSTR("Put mission description here
", -1)
$end_multi_text
+Game Type Flags: 1
+Flags: 192
+Fog Near Mult: 1.000000

+Fog Far Mult: 1.000000

+Disallow Support: 0
+Hull Repair Ceiling: 30.000000
+Subsystem Repair Ceiling: 100.000000

+Viewer pos: -4119.271484, 962.508667, -2800.884277
+Viewer orient:
	0.999382, -0.000023, 0.035138,
	-0.004299, 0.992408, 0.122916,
	-0.034874, -0.122991, 0.991795


$Load Screen 640:	LoadAct6Sa.dds
$Load Screen 1024:	LoadAct6La.dds

$Skybox Model: Draconis.pof

$AI Profile: AF2

#Sexp_variables

$Variables:
(
		0		"SkipDiag"		"0"		"number"
)

#Command Briefing

#Briefing
$start_briefing
$num_stages: 2
$start_stage
$multi_text
 XSTR("Listen up, pilots. This is in response to a distress call by one of the ships of the $G 12th $G SOC $G Fleet. We need to get to them right away. Half of their group were able to escape, the Alexander and two other corvettes, but, for reasons unknown, the $G Damocles, the $G Pryonis, and the $G Antares were left behind, suffering jump failures.", -1)
$end_multi_text
$voice: none.wav
$camera_pos: -4098.221191, 4651.404785, 1955.215576
$camera_orient:
	0.999986, -0.000024, 0.005363,
	-0.005357, 0.042868, 0.999066,
	-0.000254, -0.999081, 0.042867
$camera_time: 4000
$num_lines: 0
$num_icons: 3
$Flags: 0
$Formula: ( true ) 
$start_icon
$type: 6
$team: Friendly
$class: GTD Damocles
$pos: -4144.854492, -0.000462, 1976.490845
$label: Damocles
+id: 1
$hlight: 0
$mirror: 1
$multi_text
$end_multi_text
$end_icon
$start_icon
$type: 28
$team: Friendly
$class: GTCv Coronis
$pos: -3286.023438, 253.652542, 2265.705566
$label: Pryonis
+id: 2
$hlight: 0
$mirror: 1
$multi_text
$end_multi_text
$end_icon
$start_icon
$type: 28
$team: Friendly
$class: GTCv Euphoria
$pos: -4793.067871, 1068.471802, 2230.849609
$label: Antares
+id: 3
$hlight: 0
$mirror: 1
$multi_text
$end_multi_text
$end_icon
$end_stage
$start_stage
$multi_text
 XSTR("You will go to their location and investigate. Support them if the need arise. $b High $b Command is ordering us to ensure the survival of the $G Damocles and to bring it home safely. We will deploy two wings and the $G Serenity for this rescue operation. Now, Suit up and head to the hangar.", -1)
$end_multi_text
$voice: none.wav
$camera_pos: -4096.585938, 4638.311523, 1650.020630
$camera_orient:
	0.999986, -0.000024, 0.005363,
	-0.005357, 0.042868, 0.999066,
	-0.000254, -0.999081, 0.042867
$camera_time: 500
$num_lines: 0
$num_icons: 6
$Flags: 2
$Formula: ( true ) 
$start_icon
$type: 6
$team: Friendly
$class: GTD Damocles
$pos: -4144.854492, -0.000462, 1976.490845
$label: Damocles
+id: 1
$hlight: 0
$mirror: 1
$multi_text
$end_multi_text
$end_icon
$start_icon
$type: 28
$team: Friendly
$class: GTCv Coronis
$pos: -3286.023438, 253.652542, 2265.705566
$label: Pryonis
+id: 2
$hlight: 0
$mirror: 1
$multi_text
$end_multi_text
$end_icon
$start_icon
$type: 28
$team: Friendly
$class: GTCv Euphoria
$pos: -4793.067871, 1068.471802, 2230.849609
$label: Antares
+id: 3
$hlight: 0
$mirror: 1
$multi_text
$end_multi_text
$end_icon
$start_icon
$type: 23
$team: Friendly
$class: GTF Phoenix
$pos: -5680.547852, -243.814835, 1701.588501
$label: Alpha
+id: 4
$hlight: 0
$mirror: 0
$multi_text
$end_multi_text
$end_icon
$start_icon
$type: 23
$team: Friendly
$class: GTF Phoenix
$pos: -2462.715820, -616.289490, 1717.622437
$label: Beta
+id: 5
$hlight: 0
$mirror: 0
$multi_text
$end_multi_text
$end_icon
$start_icon
$type: 28
$team: Friendly
$class: GTCv Serenity
$pos: -4153.572754, 1123.599487, 1398.210938
$label: Serenity
+id: 7
$hlight: 0
$mirror: 1
$multi_text
$end_multi_text
$end_icon
$end_stage
$end_briefing

#Debriefing_info

$Num stages: 2

$Formula: ( is-goal-true-delay 
   "Rescue the Damocles" 
   0 
)
$Multi text
    XSTR("Good work, Angels. That was a pretty disturbing discovery you have made. The $R Shivans have a new ship that can generate a strong disrupting field that disables our jump engines. A new Shivan tactic. Our people in the $b War $b Department will be scratching their heads on this one. Nevertheless, you did well. We were able to rescue the $G Damocles but at the cost of two corvettes and thousands of lives. War is hell. Anyway, our battle group commander, Admiral Cartwright will be working on a solution and you will learn this soon. That is all. Dismissed.

", -1)
$end_multi_text
$Voice: none.wav
$Recommendation text:
    XSTR("", -1)
$end_multi_text

$Formula: ( is-goal-false-delay 
   "Rescue the Damocles" 
   0 
)
$Multi text
    XSTR("That was a pretty disturbing discovery you have made. The $R Shivans have a new ship that can generate a strong disrupting field that disables our jump engines. A new Shivan tactic. Our people in the $b War $b Department will be scratching their heads on this one. But as for you, pilots, you failed to bring the $G Damocles home and $b High $b Command is furious. I cannot see any reason for their temperament. We lose valuable ships every so often anyway. I hope you will all be happy with your new posting, me included. We are all reassigned to $V Homeland $V Security. At least, we are out of this brutal war. That is all... Dismissed.", -1)
$end_multi_text
$Voice: none.wav
$Recommendation text:
    XSTR("Use Maxims and destroy the Asura quick. You must get closer to the Asura so that it will show up in your radar. Only then can you effectively command your wings to destroy it. Once that is done, take out as many Red Emitters or beam turrets as you can from the Garudas. Remember those red emmiters are quite resilient.", -1)
$end_multi_text

#Alternate Types:
$Alt: 67th Grim Reapers
$Alt: 8th SOC Battlegroup
$Alt: 7th Battlegroup

#end


#Players		;! 1 total

$Starting Shipname: alpha 1
$Ship Choices: (
	"GTF Ares"	8
	"GTF Erinyes"	8
	"GTF Perseus"	8
	"GTF Dark Angel"	8
)

+Weaponry Pool: (
	"Akheton SDG"	8
	"Prometheus R"	8
	"Prometheus S"	8
	"Skyrail"	8
	"Ripper"	8
	"Devastator"	16
	"Starfury"	8
	"Rockeye"	1000
	"Hornet"	1200
	"Tornado"	1968
	"Harpoon"	800
	"Piranha"	100
	"Screamer"	2000
	"Hunter"	2000
	"Maxim"	8
	"UD-8 Kayser"	8
	"Trebuchet"	200
)

#Objects		;! 203 total

$Name: alpha 1		;! Object #0
$Class: GTF Phoenix
$Team: Friendly
$Location: -3195.600098, 1570.199951, -758.299988
$Orientation:
	0.955177, 0.000000, 0.296036,
	-0.078247, 0.964437, 0.252467,
	-0.285508, -0.264315, 0.921207
$AI Behavior: None
$Cargo 1:  XSTR("Nothing", -1)
+Initial Hull: 100
+Subsystem: Pilot
+Secondary Banks: ( "Tornado" "Trebuchet" )
$Arrival Location: Hyperspace
$Arrival Cue: ( false ) 
$Departure Location: Hyperspace
$Departure Cue: ( false ) 
$Determination: 10
+Flags: ( "cargo-known" "player-start" )
+Flags2: ( )
+Respawn priority: 0
+Orders Accepted: 33023		;! note that this is a bitfield!!!
+Group: 0
+Score: 8

$Name: Damocles		;! Object #1
$Class: GTD Damocles
$Alt: 8th SOC Battlegroup

$Team: Friendly
$Location: -4229.599121, -0.000661, 1552.765747
$Orientation:
	0.224636, 0.188859, -0.955965,
	-0.043202, 0.982004, 0.183851,
	0.973484, 0.000000, 0.228753
$AI Behavior: None
$AI Goals: ( goals ( ai-waypoints "A" 89 ) )
$Cargo 1:  XSTR("Nothing", -1)
+Initial Velocity: 33
+Initial Hull: 100
+Initial Shields: 100
+Subsystem: Pilot
+Subsystem: gunturret-0a
+Subsystem: gunturret-1a
+Subsystem: gunturret-2a
+Subsystem: gunturret-3a
+Subsystem: gunturret-4a
+Subsystem: gunturret-5a
+Subsystem: gunturret-6a
+Subsystem: gunturret-7a
+Subsystem: gunturret-36a
+Subsystem: gunturret-8
+Primary Banks: ( "LTerSlash" )
+Subsystem: gunturret-9
+Primary Banks: ( "LTerSlash" )
+Subsystem: gunturret-10
+Subsystem: gunturret-11
+Subsystem: gunturret-12
+Subsystem: gunturret-13
+Subsystem: gunturret-14
+Primary Banks: ( "LTerSlash" )
+Subsystem: gunturret-15
+Primary Banks: ( "LTerSlash" )
+Subsystem: gunturret-16
+Primary Banks: ( "LRBGreen" )
+Subsystem: gunturret-17
+Primary Banks: ( "LRBGreen" )
+Subsystem: gunturret-18
+Subsystem: gunturret-19
+Subsystem: gunturret-20
+Subsystem: gunturret-21
+Subsystem: gunturret-22
+Subsystem: gunturret-23
+Subsystem: gunturret-24
+Subsystem: gunturret-25
+Subsystem: gunturret-26
+Subsystem: gunturret-27
+Subsystem: gunturret-28
+Subsystem: gunturret-29
+Subsystem: gunturret-30
+Subsystem: gunturret-31
+Subsystem: gunturret-32
+Subsystem: gunturret-33
+Subsystem: gunturret-34
+Subsystem: gunturret-35
+Subsystem: missileturret-0
+Subsystem: missileturret-1
$Arrival Location: Hyperspace
$Arrival Cue: ( true ) 
$Departure Location: Hyperspace
+Departure delay: 3
$Departure Cue: ( is-event-true-delay 
   "Authorize Jump" 
   0 
)
$Determination: 10
+Flags: ( "cargo-known" "no-shields" "escort" )
+Flags2: ( )
+Respawn priority: 0
+Escort priority: 5
+Special Hitpoints: 300000
+Orders Accepted: 0		;! note that this is a bitfield!!!
+Group: 0
+Use Table Score:
+Score: 1200

$Name: Lochte		;! Object #2
$Class: SD Garuda
$Team: Hostile
$Location: -4521.169434, 509.877350, 8193.819336
$Orientation:
	-0.005575, 0.795602, 0.605795,
	0.007322, 0.605820, -0.795568,
	-0.999958, 0.000000, -0.009203
$AI Behavior: None
$AI Goals: ( goals ( ai-waypoints "B" 89 ) )
$Cargo 1:  XSTR("Nothing", -1)
+Initial Velocity: 33
+Initial Hull: 100
+Initial Shields: 100
+Subsystem: Pilot
+Subsystem: turret01m
+Subsystem: turret02m
+Subsystem: turret03m
+Subsystem: turret04e
+Subsystem: turret05e
+Subsystem: turret06e
+Subsystem: turret07e
+Subsystem: turret08e
+Subsystem: turret09e
+Subsystem: turret10e
+Subsystem: turret11e
+Subsystem: turret12e
+Subsystem: turret13e
+Subsystem: turret14b
+Subsystem: turret15
+Subsystem: turret16
+Subsystem: turret17
+Subsystem: turret18
+Subsystem: turret19
+Subsystem: turret20
+Subsystem: turret21
+Subsystem: turret22
+Subsystem: turret23
+Subsystem: turret24
+Subsystem: turret25
+Subsystem: turret26
+Subsystem: turret27
+Subsystem: turret28
+Subsystem: turret29
+Subsystem: turret30
+Subsystem: turret31
+Subsystem: turret32
+Subsystem: turret33
+Subsystem: turret34
+Subsystem: turret35
+Subsystem: turret36
+Subsystem: turret37
+Subsystem: turret38
$Arrival Location: Hyperspace
$Arrival Cue: ( true ) 
$Departure Location: Hyperspace
+Departure delay: 9
$Departure Cue: ( or 
   ( is-event-true-delay 
      "Damocles gone Asura alive" 
      20 
   )
   ( is-event-true-delay 
      "Damocles gone Asura gone" 
      0 
   )
)
$Determination: 10
+Flags: ( "no-shields" )
+Flags2: ( )
+Respawn priority: 0
+Special Hitpoints: 250000
+Orders Accepted: 0		;! note that this is a bitfield!!!
+Group: 0
+Use Table Score:
+Score: 670

$Name: Yanthar		;! Object #3
$Class: SD Garuda
$Team: Hostile
$Location: -5778.642578, -821.099792, 7576.019043
$Orientation:
	-0.617864, 0.398609, 0.677757,
	0.268543, 0.917121, -0.294574,
	-0.739006, 0.000000, -0.673700
$AI Behavior: None
$AI Goals: ( goals ( ai-waypoints "C" 89 ) )
$Cargo 1:  XSTR("Nothing", -1)
+Initial Velocity: 33
+Initial Hull: 100
+Initial Shields: 100
+Subsystem: Pilot
+Subsystem: turret01m
+Subsystem: turret02m
+Subsystem: turret03m
+Subsystem: turret04e
+Subsystem: turret05e
+Subsystem: turret06e
+Subsystem: turret07e
+Subsystem: turret08e
+Subsystem: turret09e
+Subsystem: turret10e
+Subsystem: turret11e
+Subsystem: turret12e
+Subsystem: turret13e
+Subsystem: turret14b
+Subsystem: turret15
+Subsystem: turret16
+Subsystem: turret17
+Subsystem: turret18
+Subsystem: turret19
+Subsystem: turret20
+Subsystem: turret21
+Subsystem: turret22
+Subsystem: turret23
+Subsystem: turret24
+Subsystem: turret25
+Subsystem: turret26
+Subsystem: turret27
+Subsystem: turret28
+Subsystem: turret29
+Subsystem: turret30
+Subsystem: turret31
+Subsystem: turret32
+Subsystem: turret33
+Subsystem: turret34
+Subsystem: turret35
+Subsystem: turret36
+Subsystem: turret37
+Subsystem: turret38
$Arrival Location: Hyperspace
$Arrival Cue: ( true ) 
$Departure Location: Hyperspace
+Departure delay: 7
$Departure Cue: ( or 
   ( is-event-true-delay 
      "Damocles gone Asura alive" 
      20 
   )
   ( is-event-true-delay 
      "Damocles gone Asura gone" 
      0 
   )
)
$Determination: 10
+Flags: ( "no-shields" )
+Flags2: ( )
+Respawn priority: 0
+Special Hitpoints: 250000
+Orders Accepted: 0		;! note that this is a bitfield!!!
+Group: 0
+Use Table Score:
+Score: 670

$Name: Pryonis		;! Object #4
$Class: GTCv Coronis
$Alt: 8th SOC Battlegroup

$Team: Friendly
$Location: -2149.958008, -616.294495, 2993.976318
$Orientation:
	0.649531, 0.425939, -0.629829,
	-0.305786, 0.904751, 0.296511,
	0.696135, 0.000000, 0.717911
$AI Behavior: None
$AI Goals: ( goals ( ai-waypoints "D" 89 ) )
$Cargo 1:  XSTR("Nothing", -1)
+Initial Velocity: 33
+Initial Hull: 100
+Initial Shields: 100
+Subsystem: Pilot
+Subsystem: turret01
+Subsystem: turret02
+Subsystem: turret03
+Subsystem: turret04
+Subsystem: turret05
+Subsystem: turret06
+Subsystem: turret07
+Subsystem: turret08
+Subsystem: turret09
+Subsystem: turret10
+Subsystem: turret11
+Subsystem: turret12
+Subsystem: turret13
+Subsystem: turret14
+Subsystem: turret15
+Subsystem: turret16
+Subsystem: turret17
+Subsystem: turret18
+Subsystem: turret19
+Subsystem: turret20
+Subsystem: turret21
+Subsystem: turret22
+Subsystem: turret23
+Subsystem: turret24
$Arrival Location: Hyperspace
$Arrival Cue: ( true ) 
$Departure Location: Hyperspace
+Departure delay: 5
$Departure Cue: ( is-event-true-delay 
   "Authorize Jump" 
   0 
)
$Determination: 10
+Flags: ( "cargo-known" "no-shields" "escort" )
+Flags2: ( )
+Respawn priority: 0
+Escort priority: 4
+Special Hitpoints: 120000
+Orders Accepted: 0		;! note that this is a bitfield!!!
+Group: 0
+Use Table Score:
+Score: 1100

$Name: Antares		;! Object #5
$Class: GTCv Euphoria
$Alt: 8th SOC Battlegroup

$Team: Friendly
$Location: -4238.628906, 1073.436646, 2670.771240
$Orientation:
	0.122021, 0.696135, -0.707465,
	-0.118320, 0.717911, 0.686006,
	0.985450, 0.000000, 0.169967
$AI Behavior: None
$AI Goals: ( goals ( ai-waypoints "E" 89 ) )
$Cargo 1:  XSTR("Nothing", -1)
+Initial Velocity: 33
+Initial Hull: 100
+Initial Shields: 100
+Subsystem: Pilot
+Subsystem: turret01
+Subsystem: turret02
+Subsystem: turret03
+Subsystem: turret04
+Subsystem: turret05
+Subsystem: turret06
+Subsystem: turret07
+Subsystem: turret08
+Subsystem: turret09
+Subsystem: turret10
+Subsystem: turret11
+Subsystem: turret12
+Subsystem: turret13
+Subsystem: turret14
+Subsystem: turret15
+Subsystem: turret16
+Subsystem: turret17
+Subsystem: turret18
+Subsystem: turretm01
+Subsystem: turretm02
+Subsystem: turretm03
+Subsystem: turretm04
+Subsystem: turretb1
$Arrival Location: Hyperspace
$Arrival Cue: ( true ) 
$Departure Location: Hyperspace
+Departure delay: 6
$Departure Cue: ( is-event-true-delay 
   "Authorize Jump" 
   0 
)
$Determination: 10
+Flags: ( "cargo-known" "no-shields" "escort" )
+Flags2: ( )
+Respawn priority: 0
+Escort priority: 2
+Special Hitpoints: 90000
+Orders Accepted: 0		;! note that this is a bitfield!!!
+Group: 0
+Use Table Score:
+Score: 800

$Name: Serenity		;! Object #6
$Class: GTCv Serenity
$Alt: 7th Battlegroup

$Team: Friendly
$Location: -6030.899902, 1123.599976, 812.099976
$Orientation:
	0.401962, 0.305058, -0.863346,
	-0.128760, 0.952333, 0.276553,
	0.906558, 0.000000, 0.422082
$AI Behavior: None
$AI Goals: ( goals ( ai-waypoints "F" 89 ) )
$Cargo 1:  XSTR("Nothing", -1)
+Initial Hull: 100
+Initial Shields: 100
+Subsystem: Pilot
+Subsystem: TurretMAIN
+Subsystem: TurretAM
+Subsystem: Turret01
+Subsystem: Turret02
+Subsystem: Turret03
+Subsystem: Turret04
+Subsystem: Turret05
+Subsystem: Turret06
+Subsystem: Turret07
+Subsystem: Turret08b
+Subsystem: Turret09b
+Subsystem: Turret10m
+Subsystem: Turret11m
+Subsystem: Turret12m
+Subsystem: Turret13m
+Subsystem: Turret14a
+Subsystem: Turret15a
+Subsystem: Turret16b
+Subsystem: Turret17b
+Subsystem: Turret18b
+Subsystem: Turret19b
+Subsystem: Turret20a
+Subsystem: Turret21a
+Subsystem: Turret22b
+Subsystem: Turret23b
$Arrival Location: Hyperspace
+Arrival Delay: 3
$Arrival Cue: ( true ) 
$Departure Location: Hyperspace
+Departure delay: 4
$Departure Cue: ( is-event-true-delay 
   "Authorize Jump" 
   0 
)
$Determination: 10
+Flags: ( "cargo-known" "no-shields" "escort" )
+Flags2: ( )
+Respawn priority: 0
+Escort priority: 1
+Special Hitpoints: 200000
+Orders Accepted: 0		;! note that this is a bitfield!!!
+Group: 0
+Score: 40

$Name: Asura		;! Object #7
$Class: SC Asura
$Team: Hostile
$Location: -5893.600098, -487.600006, 8705.500000
$Orientation:
	-0.561096, 0.470626, 0.680943,
	0.299282, 0.882333, -0.363207,
	-0.771753, 0.000000, -0.635923
$AI Behavior: None
$AI Goals: ( goals ( ai-waypoints "G" 89 ) )
$Cargo 1:  XSTR("Nothing", -1)
+Initial Hull: 100
+Initial Shields: 100
+Subsystem: Pilot
+Subsystem: turret01
+Subsystem: turret02
+Subsystem: turret03
+Subsystem: turret04
+Subsystem: turret05
+Subsystem: turret06
+Subsystem: turret07
+Subsystem: turret08
+Subsystem: turret09
+Subsystem: turret10
+Subsystem: turret11
+Subsystem: turret12
+Subsystem: turret13
+Subsystem: turret14
$Arrival Location: Hyperspace
$Arrival Cue: ( true ) 
$Departure Location: Hyperspace
+Departure delay: 6
$Departure Cue: ( or 
   ( is-event-true-delay 
      "Damocles gone Asura alive" 
      20 
   )
   ( is-event-true-delay 
      "Damocles gone Asura gone" 
      0 
   )
)
$Determination: 10
+Flags: ( "no-shields" "hidden-from-sensors" "stealth" )
+Flags2: ( )
+Respawn priority: 0
+Special Hitpoints: 100000
+Orders Accepted: 0		;! note that this is a bitfield!!!
+Group: 0
+Use Table Score:
+Score: 210

$Name: alpha 2		;! Object #8
$Class: GTF Phoenix
$Team: Friendly
$Location: -3415.061279, 1570.199951, -520.863831
$Orientation:
	0.960582, 0.000000, 0.277997,
	-0.073434, 0.964481, 0.253740,
	-0.268123, -0.264152, 0.926463
$AI Behavior: None
$Cargo 1:  XSTR("Nothing", -1)
+Initial Velocity: 33
+Initial Hull: 100
+Subsystem: Pilot
+Secondary Banks: ( "Tornado" "Trebuchet" )
$Arrival Location: Hyperspace
$Arrival Cue: ( false ) 
$Departure Location: Hyperspace
$Departure Cue: ( false ) 
$Determination: 10
+Flags: ( "cargo-known" )
+Flags2: ( )
+Respawn priority: 0
+Orders Accepted: 33023		;! note that this is a bitfield!!!
+Group: 0
+Use Table Score:
+Score: 15

$Name: alpha 3		;! Object #9
$Class: GTF Phoenix
$Team: Friendly
$Location: -3008.010742, 1570.199951, -495.148987
$Orientation:
	0.949385, 0.000000, 0.314115,
	-0.082567, 0.964835, 0.249552,
	-0.303069, -0.262856, 0.916000
$AI Behavior: None
$Cargo 1:  XSTR("Nothing", -1)
+Initial Velocity: 33
+Initial Hull: 100
+Subsystem: Pilot
+Secondary Banks: ( "Tornado" "Trebuchet" )
$Arrival Location: Hyperspace
$Arrival Cue: ( false ) 
$Departure Location: Hyperspace
$Departure Cue: ( false ) 
$Determination: 10
+Flags: ( "cargo-known" )
+Flags2: ( )
+Respawn priority: 0
+Orders Accepted: 33023		;! note that this is a bitfield!!!
+Group: 0
+Use Table Score:
+Score: 15

$Name: alpha 4		;! Object #10
$Class: GTF Phoenix
$Team: Friendly
$Location: -2798.780762, 1570.200195, -269.705688
$Orientation:
	0.953025, 0.000000, 0.302891,
	-0.077973, 0.966297, 0.245337,
	-0.292683, -0.257430, 0.920905
$AI Behavior: None
$Cargo 1:  XSTR("Nothing", -1)
+Initial Velocity: 33
+Initial Hull: 100
+Subsystem: Pilot
+Secondary Banks: ( "Tornado" "Trebuchet" )
$Arrival Location: Hyperspace
$Arrival Cue: ( false ) 
$Departure Location: Hyperspace
$Departure Cue: ( false ) 
$Determination: 10
+Flags: ( "cargo-known" )
+Flags2: ( )
+Respawn priority: 0
+Orders Accepted: 33023		;! note that this is a bitfield!!!
+Group: 0
+Use Table Score:
+Score: 15

$Name: beta 1		;! Object #11
$Class: GTF Phoenix
$Team: Friendly
$Location: -4131.538086, 1574.548584, -357.151428
$Orientation:
	0.979119, 0.000000, 0.203287,
	-0.057640, 0.958961, 0.277618,
	-0.194944, -0.283539, 0.938937
$AI Behavior: None
$Cargo 1:  XSTR("Nothing", -1)
+Initial Velocity: 33
+Initial Hull: 100
+Subsystem: Pilot
+Secondary Banks: ( "Tornado" "Trebuchet" )
$Arrival Location: Hyperspace
$Arrival Cue: ( false ) 
$Departure Location: Hyperspace
$Departure Cue: ( false ) 
$Determination: 10
+Flags: ( "cargo-known" )
+Flags2: ( )
+Respawn priority: 0
+Orders Accepted: 33023		;! note that this is a bitfield!!!
+Group: 0
+Use Table Score:
+Score: 15

$Name: beta 2		;! Object #12
$Class: GTF Phoenix
$Team: Friendly
$Location: -4339.486816, 1574.548340, -511.483368
$Orientation:
	0.984534, 0.000000, 0.175196,
	-0.049050, 0.960008, 0.275642,
	-0.168190, -0.279972, 0.945160
$AI Behavior: None
$Cargo 1:  XSTR("Nothing", -1)
+Initial Velocity: 33
+Initial Hull: 100
+Subsystem: Pilot
+Secondary Banks: ( "Tornado" "Trebuchet" )
$Arrival Location: Hyperspace
$Arrival Cue: ( false ) 
$Departure Location: Hyperspace
$Departure Cue: ( false ) 
$Determination: 10
+Flags: ( "cargo-known" )
+Flags2: ( )
+Respawn priority: 0
+Orders Accepted: 33023		;! note that this is a bitfield!!!
+Group: 0
+Use Table Score:
+Score: 15

$Name: beta 3		;! Object #13
$Class: GTF Phoenix
$Team: Friendly
$Location: -3959.537109, 1574.548340, -662.678101
$Orientation:
	0.976480, 0.000000, 0.215607,
	-0.058892, 0.961973, 0.266719,
	-0.207408, -0.273144, 0.939348
$AI Behavior: None
$Cargo 1:  XSTR("Nothing", -1)
+Initial Velocity: 33
+Initial Hull: 100
+Subsystem: Pilot
+Secondary Banks: ( "Tornado" "Trebuchet" )
$Arrival Location: Hyperspace
$Arrival Cue: ( false ) 
$Departure Location: Hyperspace
$Departure Cue: ( false ) 
$Determination: 10
+Flags: ( "cargo-known" )
+Flags2: ( )
+Respawn priority: 0
+Orders Accepted: 33023		;! note that this is a bitfield!!!
+Group: 0
+Use Table Score:
+Score: 15

$Name: beta 4		;! Object #14
$Class: GTF Phoenix
$Team: Friendly
$Location: -3844.375488, 1574.548584, -397.168762
$Orientation:
	0.971812, 0.000000, 0.235758,
	-0.066080, 0.959916, 0.272388,
	-0.226308, -0.280289, 0.932857
$AI Behavior: None
$Cargo 1:  XSTR("Nothing", -1)
+Initial Velocity: 33
+Initial Hull: 100
+Subsystem: Pilot
+Secondary Banks: ( "Tornado" "Trebuchet" )
$Arrival Location: Hyperspace
$Arrival Cue: ( false ) 
$Departure Location: Hyperspace
$Departure Cue: ( false ) 
$Determination: 10
+Flags: ( "cargo-known" )
+Flags2: ( )
+Respawn priority: 0
+Orders Accepted: 33023		;! note that this is a bitfield!!!
+Group: 0
+Use Table Score:
+Score: 15

$Name: Vargi 1		;! Object #15
$Class: SB Nahema
$Team: Hostile
$Location: -4337.929199, 1812.615356, 9232.253906
$Orientation:
	-0.994844, 0.000000, -0.101418,
	0.000000, 1.000000, 0.000000,
	0.101418, 0.000000, -0.994844
$AI Behavior: None
$Cargo 1:  XSTR("Nothing", -1)
+Initial Velocity: 33
+Initial Hull: 100
+Subsystem: Pilot
+Secondary Banks: ( "Shivan Megabomb" "Shivan Megabomb" "" )
$Arrival Location: Hyperspace
$Arrival Cue: ( false ) 
$Departure Location: Hyperspace
$Departure Cue: ( false ) 
$Determination: 10
+Flags: ( )
+Flags2: ( )
+Respawn priority: 0
+Orders Accepted: 0		;! note that this is a bitfield!!!
+Group: 0
+Use Table Score:
+Score: 14

$Name: Vargi 2		;! Object #16
$Class: SB Nahema
$Team: Hostile
$Location: -4395.816895, 1856.251465, 9261.587891
$Orientation:
	-0.994844, 0.000000, -0.101418,
	0.000000, 1.000000, 0.000000,
	0.101418, 0.000000, -0.994844
$AI Behavior: None
$Cargo 1:  XSTR("Nothing", -1)
+Initial Velocity: 33
+Initial Hull: 100
+Subsystem: Pilot
+Secondary Banks: ( "Shivan Megabomb" "Shivan Megabomb" "" )
$Arrival Location: Hyperspace
$Arrival Cue: ( false ) 
$Departure Location: Hyperspace
$Departure Cue: ( false ) 
$Determination: 10
+Flags: ( )
+Flags2: ( )
+Respawn priority: 0
+Orders Accepted: 0		;! note that this is a bitfield!!!
+Group: 0
+Use Table Score:
+Score: 14

$Name: Vargi 3		;! Object #17
$Class: SB Nahema
$Team: Hostile
$Location: -4443.317383, 1889.092529, 9317.594727
$Orientation:
	-0.994844, 0.000000, -0.101418,
	0.000000, 1.000000, 0.000000,
	0.101418, 0.000000, -0.994844
$AI Behavior: None
$Cargo 1:  XSTR("Nothing", -1)
+Initial Velocity: 33
+Initial Hull: 100
+Subsystem: Pilot
+Secondary Banks: ( "Shivan Megabomb" "Shivan Megabomb" "" )
$Arrival Location: Hyperspace
$Arrival Cue: ( false ) 
$Departure Location: Hyperspace
$Departure Cue: ( false ) 
$Determination: 10
+Flags: ( )
+Flags2: ( )
+Respawn priority: 0
+Orders Accepted: 0		;! note that this is a bitfield!!!
+Group: 0
+Use Table Score:
+Score: 14

$Name: Vargi 4		;! Object #18
$Class: SB Nahema
$Team: Hostile
$Location: -4486.885254, 1931.373047, 9351.724609
$Orientation:
	-0.994844, 0.000000, -0.101418,
	0.000000, 1.000000, 0.000000,
	0.101418, 0.000000, -0.994844
$AI Behavior: None
$Cargo 1:  XSTR("Nothing", -1)
+Initial Velocity: 33
+Initial Hull: 100
+Subsystem: Pilot
+Secondary Banks: ( "Shivan Megabomb" "Shivan Megabomb" "" )
$Arrival Location: Hyperspace
$Arrival Cue: ( false ) 
$Departure Location: Hyperspace
$Departure Cue: ( false ) 
$Determination: 10
+Flags: ( )
+Flags2: ( )
+Respawn priority: 0
+Orders Accepted: 0		;! note that this is a bitfield!!!
+Group: 0
+Use Table Score:
+Score: 14

$Name: Vargi 5		;! Object #19
$Class: SB Nahema
$Team: Hostile
$Location: -4272.162109, 1865.645264, 9271.726563
$Orientation:
	-0.994844, 0.000000, -0.101418,
	0.000000, 1.000000, 0.000000,
	0.101418, 0.000000, -0.994844
$AI Behavior: None
$Cargo 1:  XSTR("Nothing", -1)
+Initial Velocity: 33
+Initial Hull: 100
+Subsystem: Pilot
+Secondary Banks: ( "Shivan Megabomb" "Shivan Megabomb" "" )
$Arrival Location: Hyperspace
$Arrival Cue: ( false ) 
$Departure Location: Hyperspace
$Departure Cue: ( false ) 
$Determination: 10
+Flags: ( )
+Flags2: ( )
+Respawn priority: 0
+Orders Accepted: 0		;! note that this is a bitfield!!!
+Group: 0
+Use Table Score:
+Score: 14

$Name: Vargi 6		;! Object #20
$Class: SB Nahema
$Team: Hostile
$Location: -4229.124512, 1902.421143, 9308.944336
$Orientation:
	-0.994844, 0.000000, -0.101418,
	0.000000, 1.000000, 0.000000,
	0.101418, 0.000000, -0.994844
$AI Behavior: None
$Cargo 1:  XSTR("Nothing", -1)
+Initial Velocity: 33
+Initial Hull: 100
+Subsystem: Pilot
+Secondary Banks: ( "Shivan Megabomb" "Shivan Megabomb" "" )
$Arrival Location: Hyperspace
$Arrival Cue: ( false ) 
$Departure Location: Hyperspace
$Departure Cue: ( false ) 
$Determination: 10
+Flags: ( )
+Flags2: ( )
+Respawn priority: 0
+Orders Accepted: 0		;! note that this is a bitfield!!!
+Group: 0
+Use Table Score:
+Score: 14

$Name: Fenrir 1		;! Object #21
$Class: SB Nahema
$Team: Hostile
$Location: -4563.882324, 2004.306274, 7272.679199
$Orientation:
	-0.996095, 0.000000, 0.088292,
	0.000000, 1.000000, 0.000000,
	-0.088292, 0.000000, -0.996095
$AI Behavior: None
$Cargo 1:  XSTR("Nothing", -1)
+Initial Velocity: 33
+Initial Hull: 100
+Subsystem: Pilot
+Secondary Banks: ( "Shivan Bomb" "Shivan Bomb" "Shivan Bomb" )
$Arrival Location: Hyperspace
$Arrival Cue: ( false ) 
$Departure Location: Hyperspace
$Departure Cue: ( false ) 
$Determination: 10
+Flags: ( )
+Flags2: ( )
+Respawn priority: 0
+Orders Accepted: 0		;! note that this is a bitfield!!!
+Group: 0
+Use Table Score:
+Score: 14

$Name: Fenrir 2		;! Object #22
$Class: SB Nahema
$Team: Hostile
$Location: -4617.519531, 2038.917603, 7203.785645
$Orientation:
	-0.996095, 0.000000, 0.088292,
	0.000000, 1.000000, 0.000000,
	-0.088292, 0.000000, -0.996095
$AI Behavior: None
$Cargo 1:  XSTR("Nothing", -1)
+Initial Velocity: 33
+Initial Hull: 100
+Subsystem: Pilot
+Secondary Banks: ( "Shivan Bomb" "Shivan Bomb" "Shivan Bomb" )
$Arrival Location: Hyperspace
$Arrival Cue: ( false ) 
$Departure Location: Hyperspace
$Departure Cue: ( false ) 
$Determination: 10
+Flags: ( )
+Flags2: ( )
+Respawn priority: 0
+Orders Accepted: 0		;! note that this is a bitfield!!!
+Group: 0
+Use Table Score:
+Score: 14

$Name: Fenrir 3		;! Object #23
$Class: SB Nahema
$Team: Hostile
$Location: -4698.004395, 2104.797852, 7209.565918
$Orientation:
	-0.996095, 0.000000, 0.088292,
	0.000000, 1.000000, 0.000000,
	-0.088292, 0.000000, -0.996095
$AI Behavior: None
$Cargo 1:  XSTR("Nothing", -1)
+Initial Velocity: 33
+Initial Hull: 100
+Subsystem: Pilot
+Secondary Banks: ( "Shivan Bomb" "Shivan Bomb" "Shivan Bomb" )
$Arrival Location: Hyperspace
$Arrival Cue: ( false ) 
$Departure Location: Hyperspace
$Departure Cue: ( false ) 
$Determination: 10
+Flags: ( )
+Flags2: ( )
+Respawn priority: 0
+Orders Accepted: 0		;! note that this is a bitfield!!!
+Group: 0
+Use Table Score:
+Score: 14

$Name: Fenrir 4		;! Object #24
$Class: SB Nahema
$Team: Hostile
$Location: -4777.575684, 2070.305176, 7245.257324
$Orientation:
	-0.996095, 0.000000, 0.088292,
	0.000000, 1.000000, 0.000000,
	-0.088292, 0.000000, -0.996095
$AI Behavior: None
$Cargo 1:  XSTR("Nothing", -1)
+Initial Velocity: 33
+Initial Hull: 100
+Subsystem: Pilot
+Secondary Banks: ( "Shivan Bomb" "Shivan Bomb" "Shivan Bomb" )
$Arrival Location: Hyperspace
$Arrival Cue: ( false ) 
$Departure Location: Hyperspace
$Departure Cue: ( false ) 
$Determination: 10
+Flags: ( )
+Flags2: ( )
+Respawn priority: 0
+Orders Accepted: 0		;! note that this is a bitfield!!!
+Group: 0
+Use Table Score:
+Score: 14

$Name: Fenrir 5		;! Object #25
$Class: SB Nahema
$Team: Hostile
$Location: -4875.019531, 2013.983887, 7275.202637
$Orientation:
	-0.996095, 0.000000, 0.088292,
	0.000000, 1.000000, 0.000000,
	-0.088292, 0.000000, -0.996095
$AI Behavior: None
$Cargo 1:  XSTR("Nothing", -1)
+Initial Velocity: 33
+Initial Hull: 100
+Subsystem: Pilot
+Secondary Banks: ( "Shivan Bomb" "Shivan Bomb" "Shivan Bomb" )
$Arrival Location: Hyperspace
$Arrival Cue: ( false ) 
$Departure Location: Hyperspace
$Departure Cue: ( false ) 
$Determination: 10
+Flags: ( )
+Flags2: ( )
+Respawn priority: 0
+Orders Accepted: 0		;! note that this is a bitfield!!!
+Group: 0
+Use Table Score:
+Score: 14

$Name: Fenrir 6		;! Object #26
$Class: SB Nahema
$Team: Hostile
$Location: -4947.751953, 1932.731079, 7266.936035
$Orientation:
	-0.996095, 0.000000, 0.088292,
	0.000000, 1.000000, 0.000000,
	-0.088292, 0.000000, -0.996095
$AI Behavior: None
$Cargo 1:  XSTR("Nothing", -1)
+Initial Velocity: 33
+Initial Hull: 100
+Subsystem: Pilot
+Secondary Banks: ( "Shivan Bomb" "Shivan Bomb" "Shivan Bomb" )
$Arrival Location: Hyperspace
$Arrival Cue: ( false ) 
$Departure Location: Hyperspace
$Departure Cue: ( false ) 
$Determination: 10
+Flags: ( )
+Flags2: ( )
+Respawn priority: 0
+Orders Accepted: 0		;! note that this is a bitfield!!!
+Group: 0
+Use Table Score:
+Score: 14

$Name: Andor 1		;! Object #27
$Class: SF Astaroth
$Team: Hostile
$Location: -6163.073730, -890.153015, 6349.023438
$Orientation:
	-0.985315, 0.000000, -0.170752,
	0.000000, 1.000000, 0.000000,
	0.170752, 0.000000, -0.985315
$AI Behavior: None
$Cargo 1:  XSTR("Nothing", -1)
+Initial Velocity: 33
+Subsystem: Pilot
$Arrival Location: Hyperspace
$Arrival Cue: ( false ) 
$Departure Location: Hyperspace
$Departure Cue: ( false ) 
$Determination: 10
+Flags: ( )
+Flags2: ( )
+Respawn priority: 0
+Orders Accepted: 0		;! note that this is a bitfield!!!
+Group: 0
+Use Table Score:
+Score: 13

$Name: Andor 2		;! Object #28
$Class: SF Astaroth
$Team: Hostile
$Location: -6179.863281, -1097.430176, 6392.289063
$Orientation:
	-0.985315, 0.000000, -0.170752,
	0.000000, 1.000000, 0.000000,
	0.170752, 0.000000, -0.985315
$AI Behavior: None
$Cargo 1:  XSTR("Nothing", -1)
+Initial Velocity: 33
+Subsystem: Pilot
$Arrival Location: Hyperspace
$Arrival Cue: ( false ) 
$Departure Location: Hyperspace
$Departure Cue: ( false ) 
$Determination: 10
+Flags: ( )
+Flags2: ( )
+Respawn priority: 0
+Orders Accepted: 0		;! note that this is a bitfield!!!
+Group: 0
+Use Table Score:
+Score: 13

$Name: Andor 3		;! Object #29
$Class: SF Astaroth
$Team: Hostile
$Location: -6251.514160, -1044.482422, 6446.080566
$Orientation:
	-0.985315, 0.000000, -0.170752,
	0.000000, 1.000000, 0.000000,
	0.170752, 0.000000, -0.985315
$AI Behavior: None
$Cargo 1:  XSTR("Nothing", -1)
+Initial Velocity: 33
+Subsystem: Pilot
$Arrival Location: Hyperspace
$Arrival Cue: ( false ) 
$Departure Location: Hyperspace
$Departure Cue: ( false ) 
$Determination: 10
+Flags: ( )
+Flags2: ( )
+Respawn priority: 0
+Orders Accepted: 0		;! note that this is a bitfield!!!
+Group: 0
+Use Table Score:
+Score: 13

$Name: Andor 4		;! Object #30
$Class: SF Astaroth
$Team: Hostile
$Location: -6256.297363, -986.227783, 6375.191895
$Orientation:
	-0.985315, 0.000000, -0.170752,
	0.000000, 1.000000, 0.000000,
	0.170752, 0.000000, -0.985315
$AI Behavior: None
$Cargo 1:  XSTR("Nothing", -1)
+Initial Velocity: 33
+Subsystem: Pilot
$Arrival Location: Hyperspace
$Arrival Cue: ( false ) 
$Departure Location: Hyperspace
$Departure Cue: ( false ) 
$Determination: 10
+Flags: ( )
+Flags2: ( )
+Respawn priority: 0
+Orders Accepted: 0		;! note that this is a bitfield!!!
+Group: 0
+Use Table Score:
+Score: 13

$Name: Andor 5		;! Object #31
$Class: SF Astaroth
$Team: Hostile
$Location: -6332.411621, -904.594299, 6442.916504
$Orientation:
	-0.985315, 0.000000, -0.170752,
	0.000000, 1.000000, 0.000000,
	0.170752, 0.000000, -0.985315
$AI Behavior: None
$Cargo 1:  XSTR("Nothing", -1)
+Initial Velocity: 33
+Subsystem: Pilot
$Arrival Location: Hyperspace
$Arrival Cue: ( false ) 
$Departure Location: Hyperspace
$Departure Cue: ( false ) 
$Determination: 10
+Flags: ( )
+Flags2: ( )
+Respawn priority: 0
+Orders Accepted: 0		;! note that this is a bitfield!!!
+Group: 0
+Use Table Score:
+Score: 13

$Name: Andor 6		;! Object #32
$Class: SF Astaroth
$Team: Hostile
$Location: -6400.929199, -863.981750, 6475.664551
$Orientation:
	-0.985315, 0.000000, -0.170752,
	0.000000, 1.000000, 0.000000,
	0.170752, 0.000000, -0.985315
$AI Behavior: None
$Cargo 1:  XSTR("Nothing", -1)
+Initial Velocity: 33
+Subsystem: Pilot
$Arrival Location: Hyperspace
$Arrival Cue: ( false ) 
$Departure Location: Hyperspace
$Departure Cue: ( false ) 
$Determination: 10
+Flags: ( )
+Flags2: ( )
+Respawn priority: 0
+Orders Accepted: 0		;! note that this is a bitfield!!!
+Group: 0
+Use Table Score:
+Score: 13

$Name: Bolovi 1		;! Object #33
$Class: SF Astaroth
$Team: Hostile
$Location: -4672.294434, -0.003465, 12316.130859
$Orientation:
	1.000000, 0.000000, 0.000000,
	0.000000, 1.000000, 0.000000,
	0.000000, 0.000000, 1.000000
$AI Behavior: None
$Cargo 1:  XSTR("Nothing", -1)
+Initial Velocity: 33
+Subsystem: Pilot
$Arrival Location: Hyperspace
$Arrival Cue: ( false ) 
$Departure Location: Hyperspace
$Departure Cue: ( false ) 
$Determination: 10
+Flags: ( )
+Flags2: ( )
+Respawn priority: 0
+Orders Accepted: 0		;! note that this is a bitfield!!!
+Group: 0
+Use Table Score:
+Score: 13

$Name: Bolovi 2		;! Object #34
$Class: SF Astaroth
$Team: Hostile
$Location: -4703.794434, -0.003484, 12315.341797
$Orientation:
	1.000000, 0.000000, 0.000000,
	0.000000, 1.000000, 0.000000,
	0.000000, 0.000000, 1.000000
$AI Behavior: None
$Cargo 1:  XSTR("Nothing", -1)
+Initial Velocity: 33
+Subsystem: Pilot
$Arrival Location: Hyperspace
$Arrival Cue: ( false ) 
$Departure Location: Hyperspace
$Departure Cue: ( false ) 
$Determination: 10
+Flags: ( )
+Flags2: ( )
+Respawn priority: 0
+Orders Accepted: 0		;! note that this is a bitfield!!!
+Group: 0
+Use Table Score:
+Score: 13

$Name: Bolovi 3		;! Object #35
$Class: SF Astaroth
$Team: Hostile
$Location: -4751.361816, -0.003474, 12317.026367
$Orientation:
	1.000000, 0.000000, 0.000000,
	0.000000, 1.000000, 0.000000,
	0.000000, 0.000000, 1.000000
$AI Behavior: None
$Cargo 1:  XSTR("Nothing", -1)
+Initial Velocity: 33
+Subsystem: Pilot
$Arrival Location: Hyperspace
$Arrival Cue: ( false ) 
$Departure Location: Hyperspace
$Departure Cue: ( false ) 
$Determination: 10
+Flags: ( )
+Flags2: ( )
+Respawn priority: 0
+Orders Accepted: 0		;! note that this is a bitfield!!!
+Group: 0
+Use Table Score:
+Score: 13

$Name: Bolovi 4		;! Object #36
$Class: SF Astaroth
$Team: Hostile
$Location: -4818.312988, -0.003493, 12320.070313
$Orientation:
	1.000000, 0.000000, 0.000000,
	0.000000, 1.000000, 0.000000,
	0.000000, 0.000000, 1.000000
$AI Behavior: None
$Cargo 1:  XSTR("Nothing", -1)
+Initial Velocity: 33
+Subsystem: Pilot
$Arrival Location: Hyperspace
$Arrival Cue: ( false ) 
$Departure Location: Hyperspace
$Departure Cue: ( false ) 
$Determination: 10
+Flags: ( )
+Flags2: ( )
+Respawn priority: 0
+Orders Accepted: 0		;! note that this is a bitfield!!!
+Group: 0
+Use Table Score:
+Score: 13

$Name: Bolovi 5		;! Object #37
$Class: SF Astaroth
$Team: Hostile
$Location: -4874.439941, -0.003469, 12322.982422
$Orientation:
	1.000000, 0.000000, 0.000000,
	0.000000, 1.000000, 0.000000,
	0.000000, 0.000000, 1.000000
$AI Behavior: None
$Cargo 1:  XSTR("Nothing", -1)
+Initial Velocity: 33
+Subsystem: Pilot
$Arrival Location: Hyperspace
$Arrival Cue: ( false ) 
$Departure Location: Hyperspace
$Departure Cue: ( false ) 
$Determination: 10
+Flags: ( )
+Flags2: ( )
+Respawn priority: 0
+Orders Accepted: 0		;! note that this is a bitfield!!!
+Group: 0
+Use Table Score:
+Score: 13

$Name: Bolovi 6		;! Object #38
$Class: SF Astaroth
$Team: Hostile
$Location: -4932.734863, -0.003476, 12320.223633
$Orientation:
	1.000000, 0.000000, 0.000000,
	0.000000, 1.000000, 0.000000,
	0.000000, 0.000000, 1.000000
$AI Behavior: None
$Cargo 1:  XSTR("Nothing", -1)
+Initial Velocity: 33
+Subsystem: Pilot
$Arrival Location: Hyperspace
$Arrival Cue: ( false ) 
$Departure Location: Hyperspace
$Departure Cue: ( false ) 
$Determination: 10
+Flags: ( )
+Flags2: ( )
+Respawn priority: 0
+Orders Accepted: 0		;! note that this is a bitfield!!!
+Group: 0
+Use Table Score:
+Score: 13

$Name: Corvus 1		;! Object #39
$Class: SF Astaroth
$Team: Hostile
$Location: -4155.875488, -0.003540, 12412.006836
$Orientation:
	1.000000, 0.000000, 0.000000,
	0.000000, 1.000000, 0.000000,
	0.000000, 0.000000, 1.000000
$AI Behavior: None
$Cargo 1:  XSTR("Nothing", -1)
+Initial Velocity: 33
+Subsystem: Pilot
$Arrival Location: Hyperspace
$Arrival Cue: ( false ) 
$Departure Location: Hyperspace
$Departure Cue: ( false ) 
$Determination: 10
+Flags: ( )
+Flags2: ( )
+Respawn priority: 0
+Orders Accepted: 0		;! note that this is a bitfield!!!
+Group: 0
+Use Table Score:
+Score: 13

$Name: Corvus 2		;! Object #40
$Class: SF Astaroth
$Team: Hostile
$Location: -4203.087891, -0.003520, 12413.505859
$Orientation:
	1.000000, 0.000000, 0.000000,
	0.000000, 1.000000, 0.000000,
	0.000000, 0.000000, 1.000000
$AI Behavior: None
$Cargo 1:  XSTR("Nothing", -1)
+Initial Velocity: 33
+Subsystem: Pilot
$Arrival Location: Hyperspace
$Arrival Cue: ( false ) 
$Departure Location: Hyperspace
$Departure Cue: ( false ) 
$Determination: 10
+Flags: ( )
+Flags2: ( )
+Respawn priority: 0
+Orders Accepted: 0		;! note that this is a bitfield!!!
+Group: 0
+Use Table Score:
+Score: 13

$Name: Corvus 3		;! Object #41
$Class: SF Astaroth
$Team: Hostile
$Location: -4268.116699, -0.003515, 12416.166992
$Orientation:
	1.000000, 0.000000, 0.000000,
	0.000000, 1.000000, 0.000000,
	0.000000, 0.000000, 1.000000
$AI Behavior: None
$Cargo 1:  XSTR("Nothing", -1)
+Initial Velocity: 33
+Subsystem: Pilot
$Arrival Location: Hyperspace
$Arrival Cue: ( false ) 
$Departure Location: Hyperspace
$Departure Cue: ( false ) 
$Determination: 10
+Flags: ( )
+Flags2: ( )
+Respawn priority: 0
+Orders Accepted: 0		;! note that this is a bitfield!!!
+Group: 0
+Use Table Score:
+Score: 13

$Name: Corvus 4		;! Object #42
$Class: SF Astaroth
$Team: Hostile
$Location: -4319.162109, -0.003511, 12415.783203
$Orientation:
	1.000000, 0.000000, 0.000000,
	0.000000, 1.000000, 0.000000,
	0.000000, 0.000000, 1.000000
$AI Behavior: None
$Cargo 1:  XSTR("Nothing", -1)
+Initial Velocity: 33
+Subsystem: Pilot
$Arrival Location: Hyperspace
$Arrival Cue: ( false ) 
$Departure Location: Hyperspace
$Departure Cue: ( false ) 
$Determination: 10
+Flags: ( )
+Flags2: ( )
+Respawn priority: 0
+Orders Accepted: 0		;! note that this is a bitfield!!!
+Group: 0
+Use Table Score:
+Score: 13

$Name: Corvus 5		;! Object #43
$Class: SF Astaroth
$Team: Hostile
$Location: -4386.575195, -0.003525, 12418.466797
$Orientation:
	1.000000, 0.000000, 0.000000,
	0.000000, 1.000000, 0.000000,
	0.000000, 0.000000, 1.000000
$AI Behavior: None
$Cargo 1:  XSTR("Nothing", -1)
+Initial Velocity: 33
+Subsystem: Pilot
