#Mission Info

$Version: 0.10
$Name:  XSTR("Speech Gap", -1)
$Author: Herkie Del Socorro
$Created: 09/21/11 at 00:00:37
$Modified: 07/02/17 at 19:36:07
$Notes:
This is a FRED2_OPEN created mission.
$End Notes:

$Mission Desc:
 XSTR("October 8, 2370", -1)
$end_multi_text
+Game Type Flags: 1
+Flags: 192
+Fog Near Mult: 1.000000

+Fog Far Mult: 1.000000

+Disallow Support: 0
+Hull Repair Ceiling: 40.000000
+Subsystem Repair Ceiling: 100.000000

+Viewer pos: -418.163849, 85.892517, -280.549500
+Viewer orient:
	0.620448, -0.000003, -0.784248,
	0.007024, 0.999960, 0.005553,
	0.784217, -0.008954, 0.620423


$Load Screen 640:	LoadAct6Sa.dds
$Load Screen 1024:	LoadAct6La.dds

$Skybox Model: sunbox.pof

$AI Profile: AF1
#Fiction Viewer

$File: LogA6C.txt
$Font: font01.vf

#Command Briefing

$Stage Text:
 XSTR("$B{To the 77th Dark Angels
7th Battlegroup GTVA $}

$R Shivan $R forces are still pouring into $Y Gamma $Y Draconis. But they have tasted the ferocity of our vengeance. They have tasted our anger. Perhaps they never expected the guts and passion that we have exhibited and we have destroyed many of their ships. We are no longer the weak species that have retreated back then three years ago. Not anymore. This time, they know we are willing to die for our freedom and we will do whatever it takes to push them back. We have tasted those many victories and gave us some reason to believe that we can crush them. They are aware of this. And that is why this battle is now becoming more dangerous. I strongly believe that the enemy will do some radical moves now. Something we have never seen before.

$B{Admiral William Cartwright
Commander of the 7th Battlegroup $}", -1)
$end_multi_text
$Ani Filename: cb_HQ.ani
+Wave Filename: none

#Briefing
$start_briefing
$num_stages: 5
$start_stage
$multi_text
 XSTR("This is $b Captain $b Winston $b Grey and I will be leading this operation. Here is something that will make your sunny day. The $G GTVI have drawn out the classified specs of $V Bosch's $V ETAK technology and have used it to monitor the enemy.", -1)
$end_multi_text
$voice: none.wav
$camera_pos: -13.138529, 1300.624023, -789.459839
$camera_orient:
	0.999862, -0.000002, -0.016644,
	0.014135, 0.528071, 0.849083,
	0.008787, -0.849200, 0.527998
$camera_time: 4000
$num_lines: 0
$num_icons: 1
$Flags: 0
$Formula: ( true ) 
$start_icon
$type: 7
$team: Unknown
$class: GTF Ares
$pos: -10.069317, -0.000023, 4.457647
$label: Gamma Draconis
+id: 1
$hlight: 0
$mirror: 0
$multi_text
$end_multi_text
$end_icon
$end_stage
$start_stage
$multi_text
 XSTR("We have intercepted $R Shivan transmissions and found the source of those signals where they communicate to and coordinate their strike against us here in $Y Gamma $Y Draconis. It's a $V communications $V craft. The likes of it we have never encountered before. Little is known of this vessel but rumors says it is deadly.", -1)
$end_multi_text
$voice: none.wav
$camera_pos: 93.482025, 691.790039, 5615.893555
$camera_orient:
	0.999861, -0.000003, -0.016644,
	0.013323, 0.599500, 0.800264,
	0.009976, -0.800375, 0.599417
$camera_time: 5000
$num_lines: 0
$num_icons: 7
$Flags: 0
$Formula: ( true ) 
$start_icon
$type: 7
$team: Unknown
$class: GTF Ares
$pos: -10.069317, -0.000023, 4.457647
$label: Gamma Draconis
+id: 1
$hlight: 0
$mirror: 0
$multi_text
$end_multi_text
$end_icon
$start_icon
$type: 28
$team: Hostile
$class: SCv Moloch
$pos: 3985.373535, 421.697693, 7882.876953
$label: SCv Moloch 32
+id: 2
$hlight: 0
$mirror: 0
$multi_text
$end_multi_text
$end_icon
$start_icon
$type: 18
$team: Hostile
$class: SC Lamia
$pos: 93.631073, -0.000007, 6148.652832
$label: Comms Craft
+id: 3
$hlight: 1
$mirror: 0
$multi_text
$end_multi_text
$end_icon
$start_icon
$type: 18
$team: Hostile
$class: SC Rakshasa
$pos: -4169.009766, 197.406113, 8203.936523
$label: SC Rakshasa 30
+id: 4
$hlight: 0
$mirror: 0
$multi_text
$end_multi_text
$end_icon
$start_icon
$type: 18
$team: Hostile
$class: SC Cain
$pos: -2868.829346, -438.460266, 4538.417969
$label: SC Cain 31
+id: 5
$hlight: 0
$mirror: 0
$multi_text
$end_multi_text
$end_icon
$start_icon
$type: 1
$team: Hostile
$class: SF Basilisk
$pos: 2982.694092, 0.000000, 4411.137207
$label: red3 6
+id: 6
$hlight: 0
$mirror: 0
$multi_text
$end_multi_text
$end_icon
$start_icon
$type: 1
$team: Hostile
$class: SF Basilisk
$pos: -3835.732910, 0.000000, 5989.416992
$label: red4 4
+id: 7
$hlight: 0
$mirror: 0
$multi_text
$end_multi_text
$end_icon
$end_stage
$start_stage
$multi_text
 XSTR("We sighted its location very close to the system's star. It is escorted by a $R Moloch, a $R Rakshasa and a $R Cain class cruiser with a compliment of $R fighter $R wings. It is still lightly defended in our standards considering you've been a lot worse than this. However, it still poses a threat. They surely will call for reinforcements but this is where our AWACs ship, the $G Valkyrie, will play its role. It will jam their transmissions and disrupt their subspace jump vectoring to render them helpless. But if we lose the Valkyrie, we will be in hell.", -1)
$end_multi_text
$voice: none.wav
$camera_pos: 45.780884, 4518.857910, 2749.711182
$camera_orient:
	0.999861, -0.000003, -0.016644,
	0.013323, 0.599500, 0.800264,
	0.009976, -0.800375, 0.599417
$camera_time: 5000
$num_lines: 0
$num_icons: 7
$Flags: 0
$Formula: ( true ) 
$start_icon
$type: 7
$team: Unknown
$class: GTF Ares
$pos: -10.069317, -0.000023, 4.457647
$label: Gamma Draconis
+id: 1
$hlight: 0
$mirror: 0
$multi_text
$end_multi_text
$end_icon
$start_icon
$type: 28
$team: Hostile
$class: SCv Moloch
$pos: 980.987366, 421.697723, 6395.291016
$label: Corvette Escort
+id: 2
$hlight: 1
$mirror: 0
$multi_text
$end_multi_text
$end_icon
$start_icon
$type: 18
$team: Hostile
$class: SC Lamia
$pos: -0.754066, 0.000023, 6218.588379
$label: Comms Craft
+id: 3
$hlight: 0
$mirror: 0
$multi_text
$end_multi_text
$end_icon
$start_icon
$type: 18
$team: Hostile
$class: SC Rakshasa
$pos: -1038.318726, 197.406113, 6680.955566
$label: Cruiser Escort
+id: 4
$hlight: 1
$mirror: 0
$multi_text
$end_multi_text
$end_icon
$start_icon
$type: 18
$team: Hostile
$class: SC Cain
$pos: -115.153763, -438.460419, 5713.764648
$label: Cruiser Escort
+id: 5
$hlight: 1
$mirror: 0
$multi_text
$end_multi_text
$end_icon
$start_icon
$type: 1
$team: Hostile
$class: SF Basilisk
$pos: -1242.253052, -0.000091, 5805.964844
$label: shivan fighters
+id: 6
$hlight: 1
$mirror: 0
$multi_text
$end_multi_text
$end_icon
$start_icon
$type: 1
$team: Hostile
$class: SF Basilisk
$pos: 1080.228027, 0.000140, 5681.067871
$label: shivan fighters
+id: 7
$hlight: 1
$mirror: 0
$multi_text
$end_multi_text
$end_icon
$end_stage
$start_stage
$multi_text
 XSTR("Nevertheless our objectives must be attained. $P{ We will destroy this craft. $} This will make the Shivan forces in this system go in disarray. Commander, you have $G Alpha, $G Beta and $G Gamma wing with $G Delta bombers on standby. The Ice Queens, Zeta, sigma and Omega will cover your tail.", -1)
$end_multi_text
$voice: none.wav
$camera_pos: -1806.795410, 1967.251587, -1256.992065
$camera_orient:
	0.900017, -0.000002, -0.435855,
	0.370129, 0.528071, 0.764294,
	0.230161, -0.849200, 0.475274
$camera_time: 5000
$num_lines: 0
$num_icons: 16
$Flags: 0
$Formula: ( true ) 
$start_icon
$type: 7
$team: Unknown
$class: GTF Ares
$pos: 4125.050781, 0.000309, -1883.305420
$label: Gamma Draconis
+id: 1
$hlight: 0
$mirror: 0
$multi_text
$end_multi_text
$end_icon
$start_icon
$type: 28
$team: Hostile
$class: SCv Moloch
$pos: 980.987366, 421.697723, 6395.291016
$label: Corvette Escort
+id: 2
$hlight: 0
$mirror: 0
$multi_text
$end_multi_text
$end_icon
$start_icon
$type: 18
$team: Hostile
$class: SC Lamia
$pos: -0.754066, 0.000023, 6218.588379
$label: Comms Craft
+id: 3
$hlight: 0
$mirror: 0
$multi_text
$end_multi_text
$end_icon
$start_icon
$type: 18
$team: Hostile
$class: SC Rakshasa
$pos: -1038.318726, 197.406113, 6680.955566
$label: Cruiser Escort
+id: 4
$hlight: 0
$mirror: 0
$multi_text
$end_multi_text
$end_icon
$start_icon
$type: 18
$team: Hostile
$class: SC Cain
$pos: -115.153763, -438.460419, 5713.764648
$label: Cruiser Escort
+id: 5
$hlight: 0
$mirror: 0
$multi_text
$end_multi_text
$end_icon
$start_icon
$type: 1
$team: Hostile
$class: SF Basilisk
$pos: -1242.253052, -0.000091, 5805.964844
$label: shivan fighters
+id: 6
$hlight: 0
$mirror: 0
$multi_text
$end_multi_text
$end_icon
$start_icon
$type: 1
$team: Hostile
$class: SF Basilisk
$pos: 1080.228027, 0.000140, 5681.067871
$label: shivan fighters
+id: 7
$hlight: 0
$mirror: 0
$multi_text
$end_multi_text
$end_icon
$start_icon
$type: 1
$team: Friendly
$class: GTF Phoenix
$pos: -1585.014160, -0.000499, -315.420441
$label: Beta
+id: 8
$hlight: 0
$mirror: 0
$multi_text
$end_multi_text
$end_icon
$start_icon
$type: 1
$team: Friendly
$class: GTF Phoenix
$pos: -1904.015259, 0.000388, -174.766022
$label: Alpha
+id: 9
$hlight: 1
$mirror: 0
$multi_text
$end_multi_text
$end_icon
$start_icon
$type: 1
$team: Friendly
$class: GTF Falcon
$pos: -623.114319, 0.000470, -252.105438
$label: Zeta
+id: 10
$hlight: 0
$mirror: 0
$multi_text
$end_multi_text
$end_icon
$start_icon
$type: 1
$team: Friendly
$class: GTF Phoenix
$pos: -1268.520752, -0.000108, -473.309357
$label: Gamma
+id: 11
$hlight: 0
$mirror: 0
$multi_text
$end_multi_text
$end_icon
$start_icon
$type: 1
$team: Friendly
$class: GTF Falcon
$pos: -1796.391113, 0.000156, 403.120514
$label: Sigma
+id: 12
$hlight: 0
$mirror: 0
$multi_text
$end_multi_text
$end_icon
$start_icon
$type: 28
$team: Friendly
$class: GTCv Olympus
$pos: -1513.564331, -98.871796, 67.319237
$label: Olympus
+id: 13
$hlight: 0
$mirror: 1
$multi_text
$end_multi_text
$end_icon
$start_icon
$type: 1
$team: Friendly
$class: GTF Falcon
$pos: -1143.330933, 0.001311, 152.527588
$label: Omega
+id: 15
$hlight: 0
$mirror: 0
$multi_text
$end_multi_text
$end_icon
$start_icon
$type: 17
$team: Friendly
$class: GTB Ursa
$pos: -962.932617, 0.000339, -598.114441
$label: Delta
+id: 16
$hlight: 0
$mirror: 0
$multi_text
$end_multi_text
$end_icon
$start_icon
$type: 30
$team: Friendly
$class: GTA Charybdis
$pos: -933.665344, -282.945282, -76.937904
$label: Valkyrie
+id: 17
$hlight: 0
$mirror: 1
$multi_text
$end_multi_text
$end_icon
$end_stage
$start_stage
$multi_text
 XSTR(" I will also personally provide corvette support to engage the cruiser escorts. The $G Olympus will be in your disposal if you need it but we will bail out if our hull is critical. Let's do this by the numbers. Don't let the heat of the sun burn you down.", -1)
$end_multi_text
$voice: none.wav
$camera_pos: 1807.738159, 7391.277344, 2161.504395
$camera_orient:
	0.895500, -0.000001, 0.445062,
	-0.377946, 0.528072, 0.760458,
	-0.235026, -0.849200, 0.472888
$camera_time: 5000
$num_lines: 0
$num_icons: 16
$Flags: 0
$Formula: ( true ) 
$start_icon
$type: 7
$team: Unknown
$class: GTF Ares
$pos: 4125.050781, 0.000309, -1883.305420
$label: Gamma Draconis
+id: 1
$hlight: 0
$mirror: 0
$multi_text
$end_multi_text
$end_icon
$start_icon
$type: 28
$team: Hostile
$class: SCv Moloch
$pos: 1294.995239, 421.699799, 7733.393555
$label: Corvette Escort
+id: 2
$hlight: 0
$mirror: 0
$multi_text
$end_multi_text
$end_icon
$start_icon
$type: 18
$team: Hostile
$class: SC Lamia
$pos: 447.923828, -0.001210, 6694.774902
$label: Comms Craft
+id: 3
$hlight: 1
$mirror: 0
$multi_text
$end_multi_text
$end_icon
$start_icon
$type: 18
$team: Hostile
$class: SC Rakshasa
$pos: -1572.258911, 197.405090, 6940.912598
$label: Cruiser Escort
+id: 4
$hlight: 0
$mirror: 0
$multi_text
$end_multi_text
$end_icon
$start_icon
$type: 18
$team: Hostile
$class: SC Cain
$pos: 272.922211, -438.460480, 5345.158203
$label: Cruiser Escort
+id: 5
$hlight: 0
$mirror: 0
$multi_text
$end_multi_text
$end_icon
$start_icon
$type: 1
$team: Hostile
$class: SF Basilisk
$pos: -865.734253, -0.000123, 5871.710449
$label: shivan fighters
+id: 6
$hlight: 0
$mirror: 0
$multi_text
$end_multi_text
$end_icon
$start_icon
$type: 1
$team: Hostile
$class: SF Basilisk
$pos: 2006.615723, -0.000913, 6083.831055
$label: shivan fighters
+id: 7
$hlight: 0
$mirror: 0
$multi_text
$end_multi_text
$end_icon
$start_icon
$type: 1
$team: Friendly
$class: GTF Phoenix
$pos: -1585.014160, -0.000499, -315.420441
$label: Beta
+id: 8
$hlight: 0
$mirror: 0
$multi_text
$end_multi_text
$end_icon
$start_icon
$type: 1
$team: Friendly
$class: GTF Phoenix
$pos: -1904.015259, 0.000388, -174.766022
$label: alpha
+id: 9
$hlight: 0
$mirror: 0
$multi_text
$end_multi_text
$end_icon
$start_icon
$type: 1
$team: Friendly
$class: GTF Falcon
$pos: -623.114319, 0.000470, -252.105438
$label: Zeta
+id: 10
$hlight: 0
$mirror: 0
$multi_text
$end_multi_text
$end_icon
$start_icon
$type: 1
$team: Friendly
$class: GTF Phoenix
$pos: -1268.520752, -0.000108, -473.309357
$label: Gamma
+id: 11
$hlight: 0
$mirror: 0
$multi_text
$end_multi_text
$end_icon
$start_icon
$type: 1
$team: Friendly
$class: GTF Falcon
$pos: -1796.391113, 0.000156, 403.120514
$label: Sigma
+id: 12
$hlight: 0
$mirror: 0
$multi_text
$end_multi_text
$end_icon
$start_icon
$type: 28
$team: Friendly
$class: GTCv Olympus
$pos: -2354.999023, -98.866959, 5371.405762
$label: Olympus
+id: 14
$hlight: 0
$mirror: 1
$multi_text
$end_multi_text
$end_icon
$start_icon
$type: 1
$team: Friendly
$class: GTF Falcon
$pos: -1143.330933, 0.001311, 152.527588
$label: Omega
+id: 15
$hlight: 0
$mirror: 0
$multi_text
$end_multi_text
$end_icon
$start_icon
$type: 17
$team: Friendly
$class: GTB Ursa
$pos: -962.932617, 0.000339, -598.114441
$label: Delta
+id: 16
$hlight: 0
$mirror: 0
$multi_text
$end_multi_text
$end_icon
$start_icon
$type: 30
$team: Friendly
$class: GTA Charybdis
$pos: -933.665344, -282.945282, -76.937904
$label: Valkyrie
+id: 17
$hlight: 0
$mirror: 0
$multi_text
$end_multi_text
$end_icon
$end_stage
$end_briefing

#Debriefing_info

$Num stages: 1

$Formula: ( and 
   ( is-goal-true-delay 
      "Destroy the Lamia" 
      0 
   )
   ( is-goal-true-delay 
      "destroy all hostiles" 
      0 
   )
)
$Multi text
    XSTR("$B{To Lt. Commander John Richter
7th Dark Angels Squadron GTVA $}

We have done a good job, commander. We have definitely proven those rumors wrong. Still, the $R Lamia comms craft has a stronger hull than any $R Shivan cruiser including destroyers that we have encountered, but nothing that we can't handle. $G GTVA scientists are already clamoring for the data we have found regarding this vessel. We did our work. I am very much relieved and honored of serving a high caliber squadron leader like you. I hope we can work together again. 

In the meantime, a distress call was just received by the $G Excelsior. High Command has ordered Admiral Cartwright to investigate the matter. Await further orders.

$B{Captain Winston Grey
Commander of the GTC Olympus
7th Battlegroup GTVA $}

$P{ LCARS UPDATE: $} $G{New entry in Techroom Database $}", -1)
$end_multi_text
$Voice: none.wav
$Recommendation text:
    XSTR("", -1)
$end_multi_text

#Alternate Types:
$Alt: 77th Dark Angels
$Alt: 7th Battlegroup
$Alt: Shivan Comms Craft
$Alt: 76th Ice Queens

#end


#Callsigns:
$Callsign: Admiral Cartright

#end


#Players		;! 1 total

$Starting Shipname: alpha 1
$Ship Choices: (
	"GTF Ulysses"	12
	"GTF Hercules Mark II"	12
	"GTF Ares"	12
	"GTF Erinyes"	12
	"GTF Perseus"	12
	"GTB Artemis D.H."	5
	"GTB Boanerges"	5
	"GTF Dark Angel"	12
	"GTF Phoenix"	5
	"GTB Albatross"	5
)

+Weaponry Pool: (
	"Akheton SDG"	24
	"Morning Star"	24
	"Prometheus R"	24
	"Prometheus S"	24
	"Circe"	24
	"Skyrail"	24
	"Ripper"	24
	"Devastator"	24
	"Starfury"	12
	"Rockeye"	500
	"Tempest"	2000
	"Hornet"	3400
	"Tornado"	2152
	"Harpoon"	700
	"Trebuchet"	700
	"Stiletto II"	500
	"Infyrno"	100
	"Cyclops"	500
	"Helios"	500
	"Screamer"	7000
	"Hunter"	2000
	"Maxim"	12
	"UD-8 Kayser"	12
)

#Objects		;! 144 total

$Name: alpha 1		;! Object #0
$Class: GTF Phoenix
$Alt: 77th Dark Angels

$Team: Friendly
$Location: -132.599930, -0.000012, -86.331589
$Orientation:
	0.621610, 0.000000, -0.783327,
	0.000000, 1.000000, 0.000000,
	0.783327, 0.000000, 0.621610
$AI Behavior: None
$AI Goals: ( goals ( ai-chase "Lamia" 50 ) )
$Cargo 1:  XSTR("Nothing", -1)
+Initial Hull: 100
+Subsystem: Pilot
$Arrival Location: Hyperspace
$Arrival Cue: ( false ) 
$Departure Location: Hyperspace
$Departure Cue: ( false ) 
$Determination: 10
+Flags: ( "cargo-known" "player-start" )
+Flags2: ( )
+Respawn priority: 0
+Special Hitpoints: 1200
+Orders Accepted: 33023		;! note that this is a bitfield!!!
+Group: 0
+Score: 8

$Name: alpha 2		;! Object #1
$Class: GTF Phoenix
$Alt: 77th Dark Angels

$Team: Friendly
$Location: -81.892204, 37.980827, 43.643730
$Orientation:
	0.621610, 0.000000, -0.783327,
	-0.000000, 1.000000, 0.000000,
	0.783327, 0.000000, 0.621610
$AI Behavior: None
$AI Goals: ( goals ( ai-chase "Lamia" 50 ) )
$Cargo 1:  XSTR("Nothing", -1)
+Initial Hull: 100
+Subsystem: Pilot
$Arrival Location: Hyperspace
$Arrival Cue: ( false ) 
$Departure Location: Hyperspace
$Departure Cue: ( false ) 
$Determination: 10
+Flags: ( "cargo-known" )
+Flags2: ( )
+Respawn priority: 0
+Special Hitpoints: 1200
+Orders Accepted: 33023		;! note that this is a bitfield!!!
+Group: 0
+Use Table Score:
+Score: 15
+Persona Index: 0

$Name: alpha 3		;! Object #2
$Class: GTF Phoenix
$Alt: 77th Dark Angels

$Team: Friendly
$Location: 25.701727, -28.733786, -33.718201
$Orientation:
	0.621610, 0.000000, -0.783327,
	-0.000000, 1.000000, 0.000000,
	0.783327, 0.000000, 0.621610
$AI Behavior: None
$AI Goals: ( goals ( ai-chase "Lamia" 50 ) )
$Cargo 1:  XSTR("Nothing", -1)
+Initial Hull: 100
+Subsystem: Pilot
$Arrival Location: Hyperspace
$Arrival Cue: ( false ) 
$Departure Location: Hyperspace
$Departure Cue: ( false ) 
$Determination: 10
+Flags: ( "cargo-known" )
+Flags2: ( )
+Respawn priority: 0
+Special Hitpoints: 1200
+Orders Accepted: 33023		;! note that this is a bitfield!!!
+Group: 0
+Use Table Score:
+Score: 15
+Persona Index: 1

$Name: alpha 4		;! Object #3
$Class: GTF Phoenix
$Alt: 77th Dark Angels

$Team: Friendly
$Location: -56.984554, 18.894335, -24.284105
$Orientation:
	0.621610, 0.000000, -0.783327,
	-0.000000, 1.000000, 0.000000,
	0.783327, 0.000000, 0.621610
$AI Behavior: None
$AI Goals: ( goals ( ai-chase "Lamia" 50 ) )
$Cargo 1:  XSTR("Nothing", -1)
+Initial Hull: 100
+Subsystem: Pilot
$Arrival Location: Hyperspace
$Arrival Cue: ( false ) 
$Departure Location: Hyperspace
$Departure Cue: ( false ) 
$Determination: 10
+Flags: ( "cargo-known" )
+Flags2: ( )
+Respawn priority: 0
+Special Hitpoints: 1200
+Orders Accepted: 33023		;! note that this is a bitfield!!!
+Group: 0
+Use Table Score:
+Score: 15
+Persona Index: 2

$Name: gamma 1		;! Object #4
$Class: GTF Phoenix
$Alt: 77th Dark Angels

$Team: Friendly
$Location: 182.987991, 0.000025, -44.581409
$Orientation:
	0.621610, 0.000000, -0.783327,
	-0.000000, 1.000000, 0.000000,
	0.783327, 0.000000, 0.621610
$AI Behavior: None
$AI Goals: ( goals ( ai-chase "Lamia" 50 ) )
$Cargo 1:  XSTR("Nothing", -1)
+Initial Hull: 100
+Subsystem: Pilot
$Arrival Location: Hyperspace
$Arrival Cue: ( false ) 
$Departure Location: Hyperspace
$Departure Cue: ( false ) 
$Determination: 10
+Flags: ( "cargo-known" )
+Flags2: ( )
+Respawn priority: 0
+Special Hitpoints: 1200
+Orders Accepted: 33023		;! note that this is a bitfield!!!
+Group: 0
+Use Table Score:
+Score: 15
+Persona Index: 3

$Name: gamma 2		;! Object #5
$Class: GTF Phoenix
$Alt: 77th Dark Angels

$Team: Friendly
$Location: 98.144150, -24.978426, -43.408096
$Orientation:
	0.621610, 0.000000, -0.783327,
	-0.000000, 1.000000, 0.000000,
	0.783327, 0.000000, 0.621610
$AI Behavior: None
$AI Goals: ( goals ( ai-chase "Lamia" 50 ) )
$Cargo 1:  XSTR("Nothing", -1)
+Initial Hull: 100
+Subsystem: Pilot
$Arrival Location: Hyperspace
$Arrival Cue: ( false ) 
$Departure Location: Hyperspace
$Departure Cue: ( false ) 
$Determination: 10
+Flags: ( "cargo-known" )
+Flags2: ( )
+Respawn priority: 0
+Special Hitpoints: 1200
+Orders Accepted: 33023		;! note that this is a bitfield!!!
+Group: 0
+Use Table Score:
+Score: 15
+Persona Index: 4

$Name: gamma 3		;! Object #6
$Class: GTF Phoenix
$Alt: 77th Dark Angels

$Team: Friendly
$Location: 140.983185, -0.000025, -124.022903
$Orientation:
	0.621610, 0.000000, -0.783327,
	-0.000000, 1.000000, 0.000000,
	0.783327, 0.000000, 0.621610
$AI Behavior: None
$AI Goals: ( goals ( ai-chase "Lamia" 50 ) )
$Cargo 1:  XSTR("Nothing", -1)
+Initial Hull: 100
+Subsystem: Pilot
$Arrival Location: Hyperspace
$Arrival Cue: ( false ) 
$Departure Location: Hyperspace
$Departure Cue: ( false ) 
$Determination: 10
+Flags: ( "cargo-known" )
+Flags2: ( )
+Respawn priority: 0
+Special Hitpoints: 1200
+Orders Accepted: 33023		;! note that this is a bitfield!!!
+Group: 0
+Use Table Score:
+Score: 15
+Persona Index: 2

$Name: gamma 4		;! Object #7
$Class: GTF Phoenix
$Alt: 77th Dark Angels

$Team: Friendly
$Location: 51.725796, 29.706253, -132.997284
$Orientation:
	0.621610, 0.000000, -0.783327,
	-0.000000, 1.000000, 0.000000,
	0.783327, 0.000000, 0.621610
$AI Behavior: None
$AI Goals: ( goals ( ai-chase "Lamia" 50 ) )
$Cargo 1:  XSTR("Nothing", -1)
+Initial Hull: 100
+Subsystem: Pilot
$Arrival Location: Hyperspace
$Arrival Cue: ( false ) 
$Departure Location: Hyperspace
$Departure Cue: ( false ) 
$Determination: 10
+Flags: ( "cargo-known" )
+Flags2: ( )
+Respawn priority: 0
+Special Hitpoints: 1200
+Orders Accepted: 33023		;! note that this is a bitfield!!!
+Group: 0
+Use Table Score:
+Score: 15
+Persona Index: 3

$Name: beta 1		;! Object #8
$Class: GTF Phoenix
$Alt: 77th Dark Angels

$Team: Friendly
$Location: -3.926764, 16.008459, 207.310425
$Orientation:
	0.621610, 0.000000, -0.783327,
	-0.000000, 1.000000, 0.000000,
	0.783327, 0.000000, 0.621610
$AI Behavior: None
$AI Goals: ( goals ( ai-chase "Lamia" 50 ) )
$Cargo 1:  XSTR("Nothing", -1)
+Initial Hull: 100
+Subsystem: Pilot
$Arrival Location: Hyperspace
$Arrival Cue: ( false ) 
$Departure Location: Hyperspace
$Departure Cue: ( false ) 
$Determination: 10
+Flags: ( "cargo-known" )
+Flags2: ( )
+Respawn priority: 0
+Special Hitpoints: 1200
+Orders Accepted: 33023		;! note that this is a bitfield!!!
+Group: 0
+Use Table Score:
+Score: 15
+Persona Index: 3

$Name: beta 2		;! Object #9
$Class: GTF Phoenix
$Alt: 77th Dark Angels

$Team: Friendly
$Location: -73.054626, -0.000014, 212.121979
$Orientation:
	0.621610, 0.000000, -0.783327,
	-0.000000, 1.000000, 0.000000,
	0.783327, 0.000000, 0.621610
$AI Behavior: None
$AI Goals: ( goals ( ai-chase "Lamia" 50 ) )
$Cargo 1:  XSTR("Nothing", -1)
+Initial Hull: 100
+Subsystem: Pilot
$Arrival Location: Hyperspace
$Arrival Cue: ( false ) 
$Departure Location: Hyperspace
$Departure Cue: ( false ) 
$Determination: 10
+Flags: ( "cargo-known" )
+Flags2: ( )
+Respawn priority: 0
+Special Hitpoints: 1200
+Orders Accepted: 33023		;! note that this is a bitfield!!!
+Group: 0
+Use Table Score:
+Score: 15
+Persona Index: 3

$Name: beta 3		;! Object #10
$Class: GTF Phoenix
$Alt: 77th Dark Angels

$Team: Friendly
$Location: -5.703296, -13.302266, 125.987289
$Orientation:
	0.621610, 0.000000, -0.783327,
	-0.000000, 1.000000, 0.000000,
	0.783327, 0.000000, 0.621610
$AI Behavior: None
$AI Goals: ( goals ( ai-chase "Lamia" 50 ) )
$Cargo 1:  XSTR("Nothing", -1)
+Initial Hull: 100
+Subsystem: Pilot
$Arrival Location: Hyperspace
$Arrival Cue: ( false ) 
$Departure Location: Hyperspace
$Departure Cue: ( false ) 
$Determination: 10
+Flags: ( "cargo-known" )
+Flags2: ( )
+Respawn priority: 0
+Special Hitpoints: 1200
+Orders Accepted: 33023		;! note that this is a bitfield!!!
+Group: 0
+Use Table Score:
+Score: 15
+Persona Index: 3

$Name: beta 4		;! Object #11
$Class: GTF Phoenix
$Alt: 77th Dark Angels

$Team: Friendly
$Location: -78.962029, -18.405899, 141.161133
$Orientation:
	0.621610, 0.000000, -0.783327,
	-0.000000, 1.000000, 0.000000,
	0.783327, 0.000000, 0.621610
$AI Behavior: None
$AI Goals: ( goals ( ai-chase "Lamia" 50 ) )
$Cargo 1:  XSTR("Nothing", -1)
+Initial Hull: 100
+Subsystem: Pilot
$Arrival Location: Hyperspace
$Arrival Cue: ( false ) 
$Departure Location: Hyperspace
$Departure Cue: ( false ) 
$Determination: 10
+Flags: ( "cargo-known" )
+Flags2: ( )
+Respawn priority: 0
+Special Hitpoints: 1200
+Orders Accepted: 33023		;! note that this is a bitfield!!!
+Group: 0
+Use Table Score:
+Score: 15
+Persona Index: 3

$Name: delta 1		;! Object #12
$Class: GTB Albatross
$Alt: 77th Dark Angels

$Team: Friendly
$Location: -132.162170, -40.079140, -130.068298
$Orientation:
	0.621610, 0.000000, -0.783327,
	-0.000000, 1.000000, 0.000000,
	0.783327, 0.000000, 0.621610
$AI Behavior: None
+AI Class: Major
$AI Goals: ( goals ( ai-stay-near-ship "alpha 1" 50 ) )
$Cargo 1:  XSTR("Nothing", -1)
+Initial Hull: 100
+Subsystem: Pilot
+Primary Banks: ( "Devastator" )
$Arrival Location: Hyperspace
$Arrival Cue: ( false ) 
$Departure Location: Hyperspace
$Departure Cue: ( false ) 
$Determination: 10
+Flags: ( "cargo-known" )
+Flags2: ( )
+Respawn priority: 0
+Special Hitpoints: 1200
+Orders Accepted: 33023		;! note that this is a bitfield!!!
+Group: 0
+Use Table Score:
+Score: 10
+Persona Index: 3

$Name: delta 2		;! Object #13
$Class: GTB Albatross
$Alt: 77th Dark Angels

$Team: Friendly
$Location: -315.898499, 23.318869, -118.735634
$Orientation:
	0.621610, 0.000000, -0.783327,
	-0.000000, 1.000000, 0.000000,
	0.783327, 0.000000, 0.621610
$AI Behavior: None
+AI Class: Major
$AI Goals: ( goals ( ai-stay-near-ship "alpha 1" 50 ) )
$Cargo 1:  XSTR("Nothing", -1)
+Initial Hull: 100
+Subsystem: Pilot
+Primary Banks: ( "Devastator" )
$Arrival Location: Hyperspace
$Arrival Cue: ( false ) 
$Departure Location: Hyperspace
$Departure Cue: ( false ) 
$Determination: 10
+Flags: ( "cargo-known" )
+Flags2: ( )
+Respawn priority: 0
+Special Hitpoints: 1200
+Orders Accepted: 33023		;! note that this is a bitfield!!!
+Group: 0
+Use Table Score:
+Score: 10
+Persona Index: 2

$Name: delta 3		;! Object #14
$Class: GTB Albatross
$Alt: 77th Dark Angels

$Team: Friendly
$Location: -208.333038, 44.758572, -232.241714
$Orientation:
	0.621610, 0.000000, -0.783327,
	-0.000000, 1.000000, 0.000000,
	0.783327, 0.000000, 0.621610
$AI Behavior: None
+AI Class: Major
$AI Goals: ( goals ( ai-stay-near-ship "alpha 1" 50 ) )
$Cargo 1:  XSTR("Nothing", -1)
+Initial Hull: 100
+Subsystem: Pilot
+Primary Banks: ( "Devastator" )
$Arrival Location: Hyperspace
$Arrival Cue: ( false ) 
$Departure Location: Hyperspace
$Departure Cue: ( false ) 
$Determination: 10
+Flags: ( "cargo-known" )
+Flags2: ( )
+Respawn priority: 0
+Special Hitpoints: 1200
+Orders Accepted: 33023		;! note that this is a bitfield!!!
+Group: 0
+Use Table Score:
+Score: 10
+Persona Index: 4

$Name: delta 4		;! Object #15
$Class: GTB Albatross
$Alt: 77th Dark Angels

$Team: Friendly
$Location: -245.232300, -0.000016, -128.506393
$Orientation:
	0.621610, 0.000000, -0.783327,
	-0.000000, 1.000000, 0.000000,
	0.783327, 0.000000, 0.621610
$AI Behavior: None
+AI Class: Major
$AI Goals: ( goals ( ai-stay-near-ship "alpha 1" 50 ) )
$Cargo 1:  XSTR("Nothing", -1)
+Initial Hull: 100
+Subsystem: Pilot
+Primary Banks: ( "Devastator" )
$Arrival Location: Hyperspace
$Arrival Cue: ( false ) 
$Departure Location: Hyperspace
$Departure Cue: ( false ) 
$Determination: 10
+Flags: ( "cargo-known" )
+Flags2: ( )
+Respawn priority: 0
+Special Hitpoints: 1200
+Orders Accepted: 33023		;! note that this is a bitfield!!!
+Group: 0
+Use Table Score:
+Score: 10
+Persona Index: 3

$Name: omega 1		;! Object #16
$Class: GTF Falcon
$Alt: 76th Ice Queens

$Team: Friendly
$Location: 40.947147, 0.000000, -206.169083
$Orientation:
	0.621610, 0.000000, -0.783327,
	-0.000000, 1.000000, 0.000000,
	0.783327, 0.000000, 0.621610
$AI Behavior: None
$AI Goals: ( goals ( ai-guard-wing "gamma" 50 ) )
$Cargo 1:  XSTR("Nothing", -1)
+Initial Hull: 100
+Subsystem: Pilot
$Arrival Location: Hyperspace
$Arrival Cue: ( false ) 
$Departure Location: Hyperspace
$Departure Cue: ( false ) 
$Determination: 10
+Flags: ( "cargo-known" )
+Flags2: ( )
+Respawn priority: 0
+Orders Accepted: 0		;! note that this is a bitfield!!!
+Group: 0
+Score: 12
+Persona Index: 3
$Texture Replace:
+old: falcon
+new: falconb

$Name: omega 2		;! Object #17
$Class: GTF Falcon
$Alt: 76th Ice Queens

$Team: Friendly
$Location: 6.337348, 0.000000, -203.300705
$Orientation:
	0.621610, 0.000000, -0.783327,
	-0.000000, 1.000000, 0.000000,
	0.783327, 0.000000, 0.621610
$AI Behavior: None
$AI Goals: ( goals ( ai-guard-wing "gamma" 50 ) )
$Cargo 1:  XSTR("Nothing", -1)
+Initial Hull: 100
+Subsystem: Pilot
$Arrival Location: Hyperspace
$Arrival Cue: ( false ) 
$Departure Location: Hyperspace
$Departure Cue: ( false ) 
$Determination: 10
+Flags: ( "cargo-known" )
+Flags2: ( )
+Respawn priority: 0
+Orders Accepted: 0		;! note that this is a bitfield!!!
+Group: 0
+Score: 12
+Persona Index: 2
$Texture Replace:
+old: falcon
+new: falconb

$Name: omega 3		;! Object #18
$Class: GTF Falcon
$Alt: 76th Ice Queens

$Team: Friendly
$Location: 37.038342, 0.000000, -250.225006
$Orientation:
	0.621610, 0.000000, -0.783327,
	-0.000000, 1.000000, 0.000000,
	0.783327, 0.000000, 0.621610
$AI Behavior: None
$AI Goals: ( goals ( ai-guard-wing "gamma" 50 ) )
$Cargo 1:  XSTR("Nothing", -1)
+Initial Hull: 100
+Subsystem: Pilot
$Arrival Location: Hyperspace
$Arrival Cue: ( false ) 
$Departure Location: Hyperspace
$Departure Cue: ( false ) 
$Determination: 10
+Flags: ( "cargo-known" )
+Flags2: ( )
+Respawn priority: 0
+Orders Accepted: 0		;! note that this is a bitfield!!!
+Group: 0
+Score: 12
+Persona Index: 1
$Texture Replace:
+old: falcon
+new: falconb

$Name: omega 4		;! Object #19
$Class: GTF Falcon
$Alt: 76th Ice Queens

$Team: Friendly
$Location: 1.154869, 0.000000, -245.141083
$Orientation:
	0.621610, 0.000000, -0.783327,
	-0.000000, 1.000000, 0.000000,
	0.783327, 0.000000, 0.621610
$AI Behavior: None
$AI Goals: ( goals ( ai-guard-wing "gamma" 50 ) )
$Cargo 1:  XSTR("Nothing", -1)
+Initial Hull: 100
+Subsystem: Pilot
$Arrival Location: Hyperspace
$Arrival Cue: ( false ) 
$Departure Location: Hyperspace
$Departure Cue: ( false ) 
$Determination: 10
+Flags: ( "cargo-known" )
+Flags2: ( )
+Respawn priority: 0
+Orders Accepted: 0		;! note that this is a bitfield!!!
+Group: 0
+Score: 12
+Persona Index: 0
$Texture Replace:
+old: falcon
+new: falconb

$Name: sigma 1		;! Object #20
$Class: GTF Falcon
$Alt: 76th Ice Queens

$Team: Friendly
$Location: -159.253479, -0.000017, 121.677811
$Orientation:
	0.621610, 0.000000, -0.783327,
	-0.000000, 1.000000, 0.000000,
	0.783327, 0.000000, 0.621610
$AI Behavior: None
$AI Goals: ( goals ( ai-guard-wing "beta" 50 ) )
$Cargo 1:  XSTR("Nothing", -1)
+Initial Hull: 100
+Subsystem: Pilot
$Arrival Location: Hyperspace
$Arrival Cue: ( false ) 
$Departure Location: Hyperspace
$Departure Cue: ( false ) 
$Determination: 10
+Flags: ( "cargo-known" )
+Flags2: ( )
+Respawn priority: 0
+Orders Accepted: 0		;! note that this is a bitfield!!!
+Group: 0
+Score: 12
+Persona Index: 2
$Texture Replace:
+old: falcon
+new: falconb

$Name: sigma 2		;! Object #21
$Class: GTF Falcon
$Alt: 76th Ice Queens

$Team: Friendly
$Location: -238.699112, 0.000006, 138.377213
$Orientation:
	0.621610, 0.000000, -0.783327,
	-0.000000, 1.000000, 0.000000,
	0.783327, 0.000000, 0.621610
$AI Behavior: None
$AI Goals: ( goals ( ai-guard-wing "beta" 50 ) )
$Cargo 1:  XSTR("Nothing", -1)
+Initial Hull: 100
+Subsystem: Pilot
$Arrival Location: Hyperspace
$Arrival Cue: ( false ) 
$Departure Location: Hyperspace
$Departure Cue: ( false ) 
$Determination: 10
+Flags: ( "cargo-known" )
+Flags2: ( )
+Respawn priority: 0
+Orders Accepted: 0		;! note that this is a bitfield!!!
+Group: 0
+Score: 12
+Persona Index: 3
$Texture Replace:
+old: falcon
+new: falconb

$Name: sigma 3		;! Object #22
$Class: GTF Falcon
$Alt: 76th Ice Queens

$Team: Friendly
$Location: -167.292267, 0.000005, 45.382252
$Orientation:
	0.621610, 0.000000, -0.783327,
	-0.000000, 1.000000, 0.000000,
	0.783327, 0.000000, 0.621610
$AI Behavior: None
$AI Goals: ( goals ( ai-guard-wing "beta" 50 ) )
$Cargo 1:  XSTR("Nothing", -1)
+Initial Hull: 100
+Subsystem: Pilot
$Arrival Location: Hyperspace
$Arrival Cue: ( false ) 
$Departure Location: Hyperspace
$Departure Cue: ( false ) 
$Determination: 10
+Flags: ( "cargo-known" )
+Flags2: ( )
+Respawn priority: 0
+Orders Accepted: 0		;! note that this is a bitfield!!!
+Group: 0
+Score: 12
+Persona Index: 4
$Texture Replace:
+old: falcon
+new: falconb

$Name: sigma 4		;! Object #23
$Class: GTF Falcon
$Alt: 76th Ice Queens

$Team: Friendly
$Location: -243.401093, 0.000008, 58.123318
$Orientation:
	0.621610, 0.000000, -0.783327,
	-0.000000, 1.000000, 0.000000,
	0.783327, 0.000000, 0.621610
$AI Behavior: None
$AI Goals: ( goals ( ai-guard-wing "beta" 50 ) )
$Cargo 1:  XSTR("Nothing", -1)
+Initial Hull: 100
+Subsystem: Pilot
$Arrival Location: Hyperspace
$Arrival Cue: ( false ) 
$Departure Location: Hyperspace
$Departure Cue: ( false ) 
$Determination: 10
+Flags: ( "cargo-known" )
+Flags2: ( )
+Respawn priority: 0
+Orders Accepted: 0		;! note that this is a bitfield!!!
+Group: 0
+Score: 12
+Persona Index: 2
$Texture Replace:
+old: falcon
+new: falconb

$Name: zeta 1		;! Object #24
$Class: GTF Falcon
$Alt: 76th Ice Queens

$Team: Friendly
$Location: 123.984695, 22.493334, 91.468910
$Orientation:
	0.621610, 0.000000, -0.783327,
	-0.000000, 1.000000, 0.000000,
	0.783327, 0.000000, 0.621610
$AI Behavior: None
$AI Goals: ( goals ( ai-guard-wing "alpha" 50 ) )
$Cargo 1:  XSTR("Nothing", -1)
+Initial Hull: 100
+Subsystem: Pilot
$Arrival Location: Hyperspace
$Arrival Cue: ( false ) 
$Departure Location: Hyperspace
$Departure Cue: ( false ) 
$Determination: 10
+Flags: ( "cargo-known" )
+Flags2: ( )
+Respawn priority: 0
+Orders Accepted: 0		;! note that this is a bitfield!!!
+Group: 0
+Score: 12
+Persona Index: 3
$Texture Replace:
+old: falcon
+new: falconb

$Name: zeta 2		;! Object #25
$Class: GTF Falcon
$Alt: 76th Ice Queens

$Team: Friendly
$Location: 64.233078, -15.699755, 94.693718
$Orientation:
	0.621610, 0.000000, -0.783327,
	-0.000000, 1.000000, 0.000000,
	0.783327, 0.000000, 0.621610
$AI Behavior: None
$AI Goals: ( goals ( ai-guard-wing "alpha" 50 ) )
$Cargo 1:  XSTR("Nothing", -1)
+Initial Hull: 100
+Subsystem: Pilot
$Arrival Location: Hyperspace
$Arrival Cue: ( false ) 
$Departure Location: Hyperspace
$Departure Cue: ( false ) 
$Determination: 10
+Flags: ( "cargo-known" )
+Flags2: ( )
+Respawn priority: 0
+Orders Accepted: 0		;! note that this is a bitfield!!!
+Group: 0
+Score: 12
+Persona Index: 2
$Texture Replace:
+old: falcon
+new: falconb

$Name: zeta 3		;! Object #26
$Class: GTF Falcon
$Alt: 76th Ice Queens

$Team: Friendly
$Location: 106.992638, 0.000000, 33.214725
$Orientation:
	0.621610, 0.000000, -0.783327,
	-0.000000, 1.000000, 0.000000,
	0.783327, 0.000000, 0.621610
$AI Behavior: None
$AI Goals: ( goals ( ai-guard-wing "alpha" 50 ) )
$Cargo 1:  XSTR("Nothing", -1)
+Initial Hull: 100
+Subsystem: Pilot
$Arrival Location: Hyperspace
$Arrival Cue: ( false ) 
$Departure Location: Hyperspace
$Departure Cue: ( false ) 
$Determination: 10
+Flags: ( "cargo-known" )
+Flags2: ( )
+Respawn priority: 0
+Orders Accepted: 0		;! note that this is a bitfield!!!
+Group: 0
+Score: 12
+Persona Index: 4
$Texture Replace:
+old: falcon
+new: falconb

$Name: zeta 4		;! Object #27
$Class: GTF Falcon
$Alt: 76th Ice Queens

$Team: Friendly
$Location: 64.883293, -12.067369, 45.181129
$Orientation:
	0.621610, 0.000000, -0.783327,
	-0.000000, 1.000000, 0.000000,
	0.783327, 0.000000, 0.621610
$AI Behavior: None
$AI Goals: ( goals ( ai-guard-wing "alpha" 50 ) )
$Cargo 1:  XSTR("Nothing", -1)
+Initial Hull: 100
+Subsystem: Pilot
$Arrival Location: Hyperspace
$Arrival Cue: ( false ) 
$Departure Location: Hyperspace
$Departure Cue: ( false ) 
$Determination: 10
+Flags: ( "cargo-known" )
+Flags2: ( )
+Respawn priority: 0
+Orders Accepted: 0		;! note that this is a bitfield!!!
+Group: 0
+Score: 12
+Persona Index: 3
$Texture Replace:
+old: falcon
+new: falconb

$Name: Olympus		;! Object #28
$Class: GTCv Olympus
$Alt: 7th Battlegroup

$Team: Friendly
$Location: 311.096100, -197.743286, -345.984009
$Orientation:
	0.621610, 0.000000, -0.783327,
	-0.000000, 1.000000, 0.000000,
	0.783327, 0.000000, 0.621610
$AI Behavior: None
+AI Class: Colonel
$AI Goals: ( goals ( ai-waypoints-once "Waypoint path 2" 60 ) )
$Cargo 1:  XSTR("Nothing", -1)
+Initial Hull: 100
+Initial Shields: 100
+Subsystem: Pilot
+Subsystem: turret01
+Subsystem: turret02
+Subsystem: turret03
+Subsystem: turret04
+Subsystem: turret05
+Subsystem: turret06
+Subsystem: turret07
+Subsystem: turret08
+Subsystem: turret09
+Subsystem: turret10
+Subsystem: turret11
+Subsystem: turret12
+Subsystem: turret13
+Subsystem: turret14
+Subsystem: turret15
+Subsystem: turret16
+Subsystem: turret17
+Subsystem: turret18
+Subsystem: turret19
+Subsystem: turret20
+Subsystem: turret21
+Subsystem: turret22
+Subsystem: turret23
+Subsystem: turret24
$Arrival Location: Hyperspace
$Arrival Cue: ( true ) 
$Departure Location: Hyperspace
+Departure delay: 6
$Departure Cue: ( < ( hits-left "Olympus" ) 40 ) 
$Determination: 10
+Flags: ( "cargo-known" "no-shields" "escort" )
+Flags2: ( )
+Respawn priority: 0
+Escort priority: 2
+Group: 0
+Score: 8
+Persona Index: 3

$Name: Lamia		;! Object #29
$Class: SC Lamia
$Alt: Shivan Comms Craft

$Team: Hostile
$Location: 6276.383301, -0.000040, 4898.257813
$Orientation:
	0.435788, 0.459399, 0.773978,
	-0.116795, 0.881521, -0.457470,
	-0.892439, 0.108963, 0.437811
$AI Behavior: None
+AI Class: Colonel
$Cargo 1:  XSTR("Nothing", -1)
+Initial Velocity: 33
+Initial Hull: 100
+Initial Shields: 100
+Subsystem: Pilot
+Subsystem: turret01
+Primary Banks: ( "SRed" )
+Subsystem: turret02
+Subsystem: turret03
+Subsystem: turret04
+Subsystem: turret05
+Subsystem: turret06
+Subsystem: turret07
+Subsystem: turret08
+Subsystem: turret09
+Subsystem: turret10
+Subsystem: turret11
+Subsystem: turret12
+Subsystem: turret13
+Subsystem: turret14
+Subsystem: turret15
+Subsystem: turret16
+Subsystem: turret17
+Sbank Ammo: ( 0 )
+Subsystem: turret18
+Sbank Ammo: ( 0 )
+Subsystem: turret19
+Sbank Ammo: ( 0 )
$Arrival Location: Hyperspace
$Arrival Cue: ( true ) 
$Departure Location: Hyperspace
$Departure Cue: ( false ) 
$Determination: 10
+Flags: ( "no-shields" "escort" )
+Flags2: ( )
+Respawn priority: 0
+Escort priority: 1
+Special Hitpoints: 800000
+Orders Accepted: 0		;! note that this is a bitfield!!!
+Group: 0
+Use Table Score:
+Score: 250

$Name: Thraal		;! Object #30
$Class: SC Rakshasa
$Team: Hostile
$Location: 6038.742188, 197.405991, 5224.658203
$Orientation:
	0.435787, 0.459399, 0.773978,
	-0.116795, 0.881521, -0.457470,
	-0.892440, 0.108963, 0.437811
$AI Behavior: None
+AI Class: Colonel
$Cargo 1:  XSTR("Nothing", -1)
+Initial Velocity: 33
+Initial Hull: 100
+Initial Shields: 100
+Subsystem: Pilot
+Subsystem: turret01
+Subsystem: turret02
+Subsystem: turret03
+Subsystem: turret04
+Subsystem: turret05
+Subsystem: turret06
+Subsystem: turret07
+Subsystem: turret08
+Subsystem: turret09
+Subsystem: turret10
+Subsystem: turret11
+Subsystem: turret12
+Subsystem: turret13
+Subsystem: turret14
$Arrival Location: Hyperspace
$Arrival Cue: ( true ) 
$Departure Location: Hyperspace
$Departure Cue: ( false ) 
$Determination: 10
+Flags: ( "no-shields" )
+Flags2: ( )
+Respawn priority: 0
+Special Hitpoints: 80000
+Orders Accepted: 0		;! note that this is a bitfield!!!
+Group: 0
+Use Table Score:
+Score: 300

$Name: Yardain		;! Object #31
$Class: SC Cain
$Team: Hostile
$Location: 5893.291504, -438.460144, 4925.862305
$Orientation:
	0.435787, 0.459399, 0.773978,
	-0.116795, 0.881521, -0.457470,
	-0.892440, 0.108963, 0.437811
$AI Behavior: None
+AI Class: Colonel
$Cargo 1:  XSTR("Nothing", -1)
+Initial Hull: 100
+Initial Shields: 100
+Subsystem: Pilot
+Subsystem: turret01
+Subsystem: turret02
+Subsystem: turret03
+Subsystem: turret04
+Subsystem: turret05
+Subsystem: turret06
+Subsystem: turret07
+Subsystem: turret08
+Subsystem: turret09
$Arrival Location: Hyperspace
$Arrival Cue: ( true ) 
$Departure Location: Hyperspace
$Departure Cue: ( false ) 
$Determination: 10
