#Mission Info

$Version: 0.10
$Name:  XSTR("Keeping Our Gains", -1)
$Author: Herkie
$Created: 08/29/16 at 14:43:01
$Modified: 10/13/20 at 11:53:56
$Notes:
This is a FRED2_OPEN created mission.
$End Notes:

$Mission Desc:
 XSTR("Put mission description here
", -1)
$end_multi_text
+Game Type Flags: 1
+Flags: 131136
+Fog Near Mult: 1.000000

+Fog Far Mult: 1.000000

+Disallow Support: 0
+Hull Repair Ceiling: 50.000000
+Subsystem Repair Ceiling: 100.000000

+Viewer pos: -770.178772, 469.867126, -5803.263672
+Viewer orient:
	0.998308, 0.000031, 0.058153,
	-0.009311, 0.987184, 0.159312,
	-0.057403, -0.159584, 0.985514


$Load Screen 640:	LoadAct6Sa.dds
$Load Screen 1024:	LoadAct6La.dds

$Skybox Model: Starfield.pof

$AI Profile: AF1

#Sexp_variables

$Variables:
(
		0		"AdmTarget"		"Nothing"		"string"
		1		"DelTarget"		"Nothing"		"string"
		2		"EpsTarget"		"Nothing"		"string"
		3		"RprTarget"		"Nothing"		"string"
)

#Command Briefing

#Briefing
$start_briefing
$num_stages: 5
$start_stage
$multi_text
 XSTR("$R{Alert! All pilots. Wake up! Scramble! Report to the briefing room immediately! $}", -1)
$end_multi_text
$voice: none.wav
$camera_pos: 3864.682129, 8789.487305, -3913.735352
$camera_orient:
	1.000000, 0.000031, 0.000655,
	-0.000655, 0.054648, 0.998506,
	-0.000005, -0.998506, 0.054648
$camera_time: 4000
$num_lines: 0
$num_icons: 0
$Flags: 1
$Formula: ( true ) 
$end_stage
$start_stage
$multi_text
 XSTR("Vacation is cancelled. The $G 76th $G Ice $G Queens have requested our quick response. They were charged of guarding the captured Shivan cruiser, $R Anagora and they are being harassed by a number of $R Shivan $R warships and $R squadrons at this very moment.", -1)
$end_multi_text
$voice: none.wav
$camera_pos: 3864.682129, 8789.487305, -3913.735352
$camera_orient:
	1.000000, 0.000031, 0.000654,
	-0.000655, 0.054648, 0.998506,
	-0.000005, -0.998506, 0.054648
$camera_time: 4000
$num_lines: 0
$num_icons: 17
$Flags: 2
$Formula: ( true ) 
$start_icon
$type: 27
$team: Unknown
$class: SC Asura
$pos: 4072.416016, 22.974804, -3682.149170
$label: Anagora
+id: 1
$hlight: 1
$mirror: 1
$multi_text
$end_multi_text
$end_icon
$start_icon
$type: 19
$team: Hostile
$class: SC Rakshasa
$pos: 6100.344238, 648.732056, -4599.364258
$label: Shivan Cruisers
+id: 2
$hlight: 0
$mirror: 0
$multi_text
$end_multi_text
$end_icon
$start_icon
$type: 28
$team: Hostile
$class: SCv Moloch
$pos: 1512.066162, -628.225159, -4601.701172
$label: Shivan Corvettes
+id: 3
$hlight: 0
$mirror: 1
$multi_text
$end_multi_text
$end_icon
$start_icon
$type: 23
$team: Friendly
$class: GTF Dark Angel
$pos: 2624.906006, 134.975800, -3513.077637
$label: Foxtrot
+id: 4
$hlight: 0
$mirror: 0
$multi_text
$end_multi_text
$end_icon
$start_icon
$type: 23
$team: Friendly
$class: GTF Dark Angel
$pos: 5808.710449, -333.651733, -3595.670654
$label: Echo
+id: 5
$hlight: 0
$mirror: 1
$multi_text
$end_multi_text
$end_icon
$start_icon
$type: 1
$team: Hostile
$class: SF Astaroth
$pos: 1601.009766, 648.736755, -2732.372314
$label: Shivan Fighters
+id: 6
$hlight: 0
$mirror: 0
$multi_text
$end_multi_text
$end_icon
$start_icon
$type: 6
$team: Hostile
$class: SD Ravana
$pos: 4076.664795, -276.197998, -2581.065186
$label: Shivan Destroyers
+id: 7
$hlight: 0
$mirror: 0
$multi_text
$end_multi_text
$end_icon
$start_icon
$type: 23
$team: Friendly
$class: GTF Dark Angel
$pos: 4122.904785, -552.397034, -4717.376953
$label: Charlie
+id: 8
$hlight: 0
$mirror: 1
$multi_text
$end_multi_text
$end_icon
$start_icon
$type: 1
$team: Hostile
$class: SF Mara
$pos: 6480.442871, 648.734619, -2811.440430
$label: Shivan fighters
+id: 10
$hlight: 0
$mirror: 0
$multi_text
$end_multi_text
$end_icon
$start_icon
$type: 23
$team: Friendly
$class: GTF Dark Angel
$pos: 10727.972656, 2373.328857, -160.562775
$label: Gamma
+id: 12
$hlight: 0
$mirror: 0
$multi_text
$end_multi_text
$end_icon
$start_icon
$type: 23
$team: Friendly
$class: GTF Dark Angel
$pos: 3862.139893, 2373.323486, 202.025040
$label: Beta
+id: 13
$hlight: 0
$mirror: 0
$multi_text
$end_multi_text
$end_icon
$start_icon
$type: 23
$team: Friendly
$class: GTF Dark Angel
$pos: -4223.859863, 2373.323730, 319.187927
$label: Alpha
+id: 14
$hlight: 0
$mirror: 0
$multi_text
$end_multi_text
$end_icon
$start_icon
$type: 19
$team: Friendly
$class: GTC Vigilant
$pos: -3961.667725, 2373.324219, -7269.004883
$label: Vigilant and Defiant
+id: 15
$hlight: 0
$mirror: 0
$multi_text
$end_multi_text
$end_icon
$start_icon
$type: 19
$team: Friendly
$class: GTC Adamant
$pos: 11377.301758, 2373.320313, -7298.473145
$label: Adamant and Reaper
+id: 16
$hlight: 0
$mirror: 1
$multi_text
$end_multi_text
$end_icon
$start_icon
$type: 18
$team: Friendly
$class: GTC Dauntless
$pos: 3906.922607, 2373.319824, -7539.960938
$label: Dauntless
+id: 17
$hlight: 0
$mirror: 1
$multi_text
$end_multi_text
$end_icon
$start_icon
$type: 28
$team: Hostile
$class: SCv Moloch
$pos: -4718.955078, 2373.320068, -3206.667480
$label: Pamati
+id: 18
$hlight: 0
$mirror: 0
$multi_text
$end_multi_text
$end_icon
$start_icon
$type: 28
$team: Hostile
$class: SCv Moloch
$pos: 12438.814453, 2373.327881, -3677.307129
$label: Pamati
+id: 19
$hlight: 0
$mirror: 0
$multi_text
$end_multi_text
$end_icon
$end_stage
$start_stage
$multi_text
 XSTR("It seems that the Shivans has enacted their own $P{ 'Scorched Earth' policy. $} They want that $V Asura $V cruiser destroyed. We do not have the time to set our armaments and you will be launching immediately. We will deploy the entire $G 77th $G Squadron. $G Alpha, $G Beta and $G Gamma as fighter cover with $G Delta and $G Epsilon as bomber wings.", -1)
$end_multi_text
$voice: none.wav
$camera_pos: 3864.682129, 8789.487305, -3913.735352
$camera_orient:
	1.000000, 0.000031, 0.000655,
	-0.000655, 0.054648, 0.998506,
	-0.000005, -0.998506, 0.054648
$camera_time: 4000
$num_lines: 0
$num_icons: 9
$Flags: 2
$Formula: ( true ) 
$start_icon
$type: 27
$team: Unknown
$class: SC Asura
$pos: 4072.416016, 22.974804, -3682.149170
$label: Anagora
+id: 1
$hlight: 1
$mirror: 1
$multi_text
$end_multi_text
$end_icon
$start_icon
$type: 23
$team: Friendly
$class: GTF Dark Angel
$pos: 5851.125488, 2373.325439, -3045.007324
$label: Gamma
+id: 12
$hlight: 0
$mirror: 0
$multi_text
$end_multi_text
$end_icon
$start_icon
$type: 23
$team: Friendly
$class: GTF Dark Angel
$pos: 3950.233154, 2373.322510, -2970.591553
$label: Beta
+id: 13
$hlight: 0
$mirror: 0
$multi_text
$end_multi_text
$end_icon
$start_icon
$type: 23
$team: Friendly
$class: GTF Dark Angel
$pos: 1932.519043, 2373.326172, -3123.158691
$label: Alpha
+id: 14
$hlight: 0
$mirror: 0
$multi_text
$end_multi_text
$end_icon
$start_icon
$type: 19
$team: Friendly
$class: GTC Vigilant
$pos: 2547.928955, 2373.325195, -4329.428223
$label: Vigilant and Defiant
+id: 15
$hlight: 0
$mirror: 0
$multi_text
$end_multi_text
$end_icon
$start_icon
$type: 19
$team: Friendly
$class: GTC Adamant
$pos: 5564.966797, 2373.318359, -4316.889648
$label: Adamant and Reaper
+id: 16
$hlight: 0
$mirror: 1
$multi_text
$end_multi_text
$end_icon
$start_icon
$type: 18
$team: Friendly
$class: GTC Dauntless
$pos: 4035.176270, 2373.318359, -4254.425293
$label: Dauntless
+id: 17
$hlight: 0
$mirror: 1
$multi_text
$end_multi_text
$end_icon
$start_icon
$type: 25
$team: Friendly
$class: GTB Albatross
$pos: 2901.098633, 2373.322266, -3423.837646
$label: Delta
+id: 18
$hlight: 0
$mirror: 0
$multi_text
$end_multi_text
$end_icon
$start_icon
$type: 25
$team: Friendly
$class: GTB Albatross
$pos: 4999.021484, 2373.329834, -3454.653076
$label: Epsilon
+id: 19
$hlight: 0
$mirror: 0
$multi_text
$end_multi_text
$end_icon
$end_stage
$start_stage
$multi_text
 XSTR("As usual, $b{ Lieutenant Commander Richter $} will have tactical command of $G Task $G Force $G Omega. I will oversee the entire operation. The $V Anagora must remain in our hands until it will be safely towed by our science vessel, the $G Diadem.
", -1)
$end_multi_text
$voice: none.wav
$camera_pos: 3864.682129, 8789.487305, -3913.735352
$camera_orient:
	1.000000, 0.000031, 0.000655,
	-0.000655, 0.054648, 0.998506,
	-0.000005, -0.998506, 0.054648
$camera_time: 4000
$num_lines: 0
$num_icons: 9
$Flags: 3
$Formula: ( true ) 
$start_icon
$type: 27
$team: Unknown
$class: SC Asura
$pos: 4072.416016, 22.974804, -3682.149170
$label: Anagora
+id: 1
$hlight: 1
$mirror: 1
$multi_text
$end_multi_text
$end_icon
$start_icon
$type: 23
$team: Friendly
$class: GTF Dark Angel
$pos: 9686.289063, 2373.327637, 1637.102173
$label: Gamma
+id: 12
$hlight: 0
$mirror: 0
$multi_text
$end_multi_text
$end_icon
$start_icon
$type: 23
$team: Friendly
$class: GTF Dark Angel
$pos: 3588.038818, 2373.323975, 1679.123901
$label: Beta
+id: 13
$hlight: 0
$mirror: 0
$multi_text
$end_multi_text
$end_icon
$start_icon
$type: 23
$team: Friendly
$class: GTF Dark Angel
$pos: -2644.022705, 2373.332764, 1444.784912
$label: Alpha
+id: 14
$hlight: 0
$mirror: 0
$multi_text
$end_multi_text
$end_icon
$start_icon
$type: 19
$team: Friendly
$class: GTC Vigilant
$pos: 2501.993652, 2373.324951, -3176.703369
$label: Vigilant and Defiant
+id: 15
$hlight: 0
$mirror: 0
$multi_text
$end_multi_text
$end_icon
$start_icon
$type: 19
$team: Friendly
$class: GTC Adamant
$pos: 5517.334473, 2373.318359, -3110.007813
$label: Adamant and Reaper
+id: 16
$hlight: 0
$mirror: 1
$multi_text
$end_multi_text
$end_icon
$start_icon
$type: 18
$team: Friendly
$class: GTC Dauntless
$pos: 4013.786377, 2373.318359, -4465.713379
$label: Dauntless
+id: 17
$hlight: 0
$mirror: 1
$multi_text
$end_multi_text
$end_icon
$start_icon
$type: 25
$team: Friendly
$class: GTB Albatross
$pos: 129.080780, 2373.324951, 1676.832764
$label: Delta
+id: 18
$hlight: 0
$mirror: 0
$multi_text
$end_multi_text
$end_icon
$start_icon
$type: 25
$team: Friendly
$class: GTB Albatross
$pos: 6592.334961, 2373.331299, 1773.255493
$label: Epsilon
+id: 19
$hlight: 0
$mirror: 0
$multi_text
$end_multi_text
$end_icon
$end_stage
$start_stage
$multi_text
 XSTR("Commander Richter, your $B HUD will have an additional display, the $b Tactical $b Command $b Interface. It will help you command your assets easily. Each asset, whether it is a cruiser or bomber wing, will have an assigned $B button to press for their target orders. Just $P{ target an enemy warship then press the appropriate button $} of the corresponding asset that will attack. Good luck to us all.", -1)
$end_multi_text
$voice: none.wav
$camera_pos: 3864.682129, 8789.487305, -3913.735352
$camera_orient:
	1.000000, 0.000031, 0.000655,
	-0.000655, 0.054648, 0.998506,
	-0.000005, -0.998506, 0.054648
$camera_time: 500
$num_lines: 0
$num_icons: 6
$Flags: 2
$Formula: ( true ) 
$start_icon
$type: 23
$team: Friendly
$class: GTF Dark Angel
$pos: 9686.289063, 2373.327637, 1637.102173
$label: Gamma
+id: 12
$hlight: 0
$mirror: 0
$multi_text
$end_multi_text
$end_icon
$start_icon
$type: 23
$team: Friendly
$class: GTF Dark Angel
$pos: 3588.038818, 2373.323975, 1679.123901
$label: Beta
+id: 13
$hlight: 0
$mirror: 0
$multi_text
$end_multi_text
$end_icon
$start_icon
$type: 23
$team: Friendly
$class: GTF Dark Angel
$pos: -2644.022705, 2373.332764, 1444.784912
$label: Alpha
+id: 14
$hlight: 0
$mirror: 0
$multi_text
$end_multi_text
$end_icon
$start_icon
$type: 18
$team: Friendly
$class: GTC Dauntless
$pos: 3918.121094, 2373.318359, -3605.363281
$label: Dauntless
+id: 17
$hlight: 0
$mirror: 1
$multi_text
$end_multi_text
$end_icon
$start_icon
$type: 25
$team: Friendly
$class: GTB Albatross
$pos: 129.080780, 2373.324951, 1676.832764
$label: Delta
+id: 18
$hlight: 0
$mirror: 0
$multi_text
$end_multi_text
$end_icon
$start_icon
$type: 25
$team: Friendly
$class: GTB Albatross
$pos: 6592.334961, 2373.331299, 1773.255493
$label: Epsilon
+id: 19
$hlight: 0
$mirror: 0
$multi_text
$end_multi_text
$end_icon
$end_stage
$end_briefing

#Debriefing_info

$Num stages: 3

$Formula: ( is-event-true-delay 
   "Kilkhaim is history" 
   0 
)
$Multi text
    XSTR("$B{To 76th, 77th Squadron
and Task Force Omega $}

Your job of securing the $V Anagora is commendable. You have repelled a large attacking force and deterred the devious plan of our enemy to deny us of an important gain. Unfortunately, we have lost two of our best cruisers, the $G Adamant and the $G Reaper. A lesson must be learned here. We cannot deviate and break off from our line or we will suffer the repercussions of our actions. Although Commanders $b Reily and $b Devereux's intentions were noble, they were still foolhardy. For that, it cost them their lives. I sincerely hope that we do not make that imprudent mistake.

The $V Asura $V cruiser is being safely delivered to $Y GTVA $Y space for military research. Much is to be gained in knowledge of how this $R Shivan technology works. Enough knowledge for our fleet to break free from the cage of a mortal gladiatorial match with our rival. To give our ships the chance to withdraw from a disadvantage. To enable us to escape from the predicament that has plagued us for many months. To flee from destruction and live to fight another day. 

$B{Admiral William Cartwright
Commander of the 7th Battlegroup $}", -1)
$end_multi_text
$Voice: none.wav
$Recommendation text:
    XSTR("", -1)
$end_multi_text

$Formula: ( is-event-true-delay 
   "That is not good" 
   0 
)
$Multi text
    XSTR("$B{To 76th, 77th Squadron
and Task Force Omega $}

To break away from the cage of a mortal combat, to give our ships the chance to withdraw and live to fight another day, to have the knowledge in enabling us to escape from the predicament of a losing gladiatorial match is what we sorely need. Such knowledge could have been gained if we were successful. The $R Shivans are aware of this now and they will take extreme precautions to prevent us from having this knowledge and by the time we do, thousands of lives are already lost. $G High $G Command has deemed this unacceptable. They have held your group responsible for future deaths that will result of this. Because of this failure, they have relieved the command of your squadron leader, $b Lt. $b Commander $b John $b Richter and revoked the status $b Captain $b Peter $b Johnson as captain of the Dauntless and commander of $G Task $G Force $G Omega. Both of them will be sent back to $Y Beta $Y Aquilae for investigation and their eventual dismissal.

$B{Admiral William Cartwright
Commander of the 7th Battlegroup $}", -1)
$end_multi_text
$Voice: none.wav
$Recommendation text:
    XSTR("Order your tactical cruisers and bomber wings. Determine which of the Shivan warships are nearer and prioritize them. Take as many beam cannons if they get close. Do not stray far or you will not know their approximate distance to the Anagora.", -1)
$end_multi_text

$Formula: ( is-event-true-delay 
   "back to your ships" 
   0 
)
$Multi text
    XSTR("$B{To 76th and 77th Squadron
and Task Force Omega $}

To break away from the cage of a mortal combat, to give our ships the chance to withdraw and live to fight another day, to have the knowledge in enabling us to escape from the predicament of a losing gladiatorial match is what we sorely need. Such knowledge could have been gained if we were successful. The $R Shivans are aware of this now and they will take extreme precautions to prevent us from having this knowledge and by the time we do, thousands of lives are already lost. $G High $G Command has deemed this unacceptable. They have held your group responsible for future deaths that will result of this. Because of this failure, they have relieved the command of your squadron leader, $b Lt. $b Commander $b John $b Richter and revoked the status $b Captain $b Peter $b Johnson as captain of the Dauntless and commander of $G Task $G Force $G Omega. Captain Johnson is also held responsible for the destruction of the $G Adamant and the $G Reaper. Both officers will be sent back next to $Y Beta $Y Aquilae for investigation and their eventual dismissal.

$B{Admiral William Cartwright
Commander of the 7th Battlegroup $}", -1)
$end_multi_text
$Voice: none.wav
$Recommendation text:
    XSTR("Take out Kilkhaim's main beam as quickly as you can. Use your Trebuchets --- if only you conserved them for this special occassion.", -1)
$end_multi_text

#Alternate Types:
$Alt: Captured Shivan Craft
$Alt: 76th Ice Queens
$Alt: 77th Dark Angels

#end


#Players		;! 1 total

$Starting Shipname: alpha 1
$Ship Choices: (
	"GTF Ulysses"	5
	"GTF Hercules"	5
	"GTF Hercules Mark II"	5
	"GTF Ares"	5
	"GTF Erinyes"	5
	"GTF Loki"	5
	"GTF Pegasus"	5
	"GTF Perseus"	5
	"GTF Myrmidon"	5
	"SF Mara (terrans)"	5
	"GTB Artemis"	5
	"GTB Artemis D.H."	5
	"GTB Medusa"	5
	"GTB Ursa"	5
	"GTB Zeus"	5
	"GTB Boanerges"	5
	"GVF Ptah"	5
	"GTF Enforcer"	5
	"GTF Falcon"	5
	"GTF Sparrow"	5
	"GTF Dark Angel"	5
	"GTF Phoenix"	5
	"GTF Avalanche"	5
	"GTF Raptor"	5
	"GTB Albatross"	5
	"SOC Eagle"	5
	"GTTB Armageddon"	5
	"SB Seraphim (Terrans)"	5
	"XJR Phantom"	5
	"TF Tiger"	5
	"TF Ghost"	5
	"UPC Raider"	5
	"UPC Scorpion"	5
	"Spacesuit"	5
)

+Weaponry Pool: (
	"Subach HL-7"	16
	"Subach HL-D"	16
	"Mekhu HL-7"	16
	"Mekhu HL-7D"	16
	"Akheton SDG"	16
	"Morning Star"	16
	"MorningStar D"	16
	"Prometheus R"	16
	"Prometheus S"	16
	"Prometheus D"	16
	"Maxim"	16
	"Maxim D"	16
	"UD-8 Kayser"	16
	"UD-D Kayser"	16
	"Circe"	16
	"Lamprey"	16
	"Targeting Laser"	16
	"Skyrail"	28
	"Ripper"	16
	"Devastator"	28
	"Starfury"	16
	"Blizzard"	16
	"Mega Laser"	16
	"Heavy Laser"	16
	"Railgun"	16
	"Ion Cannon#Player"	16
	"AM Cannon"	16
	"Rockeye"	500
	"Rockeye D"	500
	"Tempest"	500
	"Tempest D"	500
	"Hornet"	500
	"Hornet D"	500
	"Hornet#Weak"	500
	"Tornado"	500
	"Tornado D"	500
	"Harpoon"	500
	"Harpoon D"	500
	"Harpoon#Weak"	500
	"Trebuchet"	620
	"TAG-A"	500
	"TAG-B"	500
	"TAG-C"	500
	"Piranha"	500
	"Stiletto II"	500
	"Infyrno"	500
	"Infyrno D"	500
	"Cyclops"	500
	"Cyclops#short"	500
	"Helios"	500
	"EMP Adv."	500
	"Rockeye#Shivan"	500
	"Rockeye D#Shivan"	500
	"Tempest#Shivan"	500
	"Tempest D#Shivan"	500
	"Hornet#Shivan"	500
	"Hornet D#Shivan"	500
	"Hornet#Weak#Shivan"	500
	"Tornado#Shivan"	500
	"Tornado D#Shivan"	500
	"Harpoon#Shivan"	500
	"Harpoon D#Shivan"	500
	"Harpoon#Weak#Shivan"	500
	"Trebuchet#Shivan"	500
	"Piranha#Shivan"	500
	"Shivan Disruptor"	500
	"Shivan Area Bomb"	500
	"Shivan Bomb"	500
	"Shivan Bomb#Short"	500
	"Shivan Megabomb"	500
	"EMP Adv.#Shivan"	500
	"Screamer"	4820
	"Hunter"	500
	"Hellstorm"	500
	"Widowmaker"	500
)

#Objects		;! 336 total

$Name: alpha 1		;! Object #0
$Class: GTF Dark Angel
$Team: Friendly
$Location: -1277.873291, -546.181885, -2935.074951
$Orientation:
	-0.453510, -0.082067, -0.887465,
	-0.398403, 0.909393, 0.119495,
	0.797249, 0.407760, -0.445115
$AI Behavior: None
$Cargo 1:  XSTR("Nothing", -1)
+Initial Hull: 100
+Subsystem: Pilot
+Primary Banks: ( "Skyrail" "Devastator" )
+Secondary Banks: ( "Screamer" "Screamer" "Trebuchet" )
$Arrival Location: Hyperspace
$Arrival Cue: ( false ) 
$Departure Location: Hyperspace
$Departure Cue: ( false ) 
$Determination: 10
+Flags: ( "cargo-known" "player-start" )
+Flags2: ( )
+Respawn priority: 0
+Orders Accepted: 33023		;! note that this is a bitfield!!!
+Group: 0
+Score: 8

$Name: Adamant		;! Object #1
$Class: GTC Adamant
$Team: Friendly
$Location: -268.584656, 134.976303, -3442.894287
$Orientation:
	-0.354735, -0.274691, -0.893705,
	0.242163, 0.896255, -0.371596,
	0.903062, -0.348240, -0.251413
$AI Behavior: None
$Cargo 1:  XSTR("Nothing", -1)
+Initial Velocity: 33
+Initial Hull: 100
+Initial Shields: 100
+Subsystem: Pilot
+Subsystem: turret01
+Subsystem: turret02
+Sbank Ammo: ( 0 )
+Subsystem: turret03
+Subsystem: turret04
+Subsystem: turret05
+Subsystem: turret06
+Subsystem: turret07
+Subsystem: turret08
+Subsystem: turret09
+Subsystem: turret10
+Subsystem: turret11
+Subsystem: turret12
$Arrival Location: Hyperspace
$Arrival Cue: ( true ) 
$Departure Location: Hyperspace
$Departure Cue: ( false ) 
$Determination: 10
+Flags: ( "cargo-known" "no-shields" "beam-protect-ship" )
+Flags2: ( "immobile" )
+Respawn priority: 0
+Special Hitpoints: 110000
+Orders Accepted: 0		;! note that this is a bitfield!!!
+Group: 0
+Use Table Score:
+Score: 500

$Name: Reaper		;! Object #2
$Class: GTC Adamant
$Team: Friendly
$Location: -1284.565918, -333.651123, -4337.509766
$Orientation:
	-0.872204, -0.468487, -0.140642,
	-0.488828, 0.824534, 0.284940,
	-0.017526, 0.317276, -0.948171
$AI Behavior: None
$Cargo 1:  XSTR("Nothing", -1)
+Initial Velocity: 33
+Initial Hull: 100
+Initial Shields: 100
+Subsystem: Pilot
+Subsystem: turret01
+Subsystem: turret02
+Subsystem: turret03
+Subsystem: turret04
+Subsystem: turret05
+Subsystem: turret06
+Subsystem: turret07
+Subsystem: turret08
+Subsystem: turret09
+Subsystem: turret10
+Subsystem: turret11
+Subsystem: turret12
$Arrival Location: Hyperspace
$Arrival Cue: ( true ) 
$Departure Location: Hyperspace
$Departure Cue: ( false ) 
$Determination: 10
+Flags: ( "cargo-known" "no-shields" "beam-protect-ship" )
+Flags2: ( "immobile" )
+Respawn priority: 0
+Special Hitpoints: 110000
+Orders Accepted: 0		;! note that this is a bitfield!!!
+Group: 0
+Use Table Score:
+Score: 500

$Name: Vigilant		;! Object #3
$Class: GTC Vigilant
$Team: Friendly
$Location: -715.611755, 648.726868, -2703.201660
$Orientation:
	-0.399841, -0.333449, -0.853779,
	-0.236036, 0.937522, -0.255616,
	0.885671, 0.099317, -0.453566
$AI Behavior: None
$Cargo 1:  XSTR("Nothing", -1)
+Initial Velocity: 33
+Initial Hull: 100
+Initial Shields: 100
+Subsystem: Pilot
+Subsystem: turret01
+Subsystem: turret02
+Subsystem: turret03
+Subsystem: turret04
+Subsystem: turret05
+Subsystem: turret06
+Subsystem: turret07
+Subsystem: turret08
+Subsystem: turret09
+Subsystem: turret10
+Subsystem: turret11
+Subsystem: turret12
+Subsystem: turret13
+Subsystem: turret14
+Subsystem: turret15
+Subsystem: turret16
+Subsystem: turret17
+Subsystem: turret18
+Subsystem: turret19
+Subsystem: turret20
$Arrival Location: Hyperspace
$Arrival Cue: ( true ) 
$Departure Location: Hyperspace
$Departure Cue: ( false ) 
$Determination: 10
+Flags: ( "cargo-known" "no-shields" "beam-protect-ship" )
+Flags2: ( "immobile" )
+Respawn priority: 0
+Orders Accepted: 1		;! note that this is a bitfield!!!
+Group: 0
+Use Table Score:
+Score: 500

$Name: Defiant		;! Object #4
$Class: GTC Vigilant
$Team: Friendly
$Location: -1914.832764, -628.224487, -4094.245117
$Orientation:
	-0.986957, -0.034716, -0.157198,
	-0.018887, 0.994699, -0.101088,
	0.159873, -0.096801, -0.982379
$AI Behavior: None
$Cargo 1:  XSTR("Nothing", -1)
+Initial Velocity: 33
+Initial Hull: 100
+Initial Shields: 100
+Subsystem: Pilot
+Subsystem: turret01
+Subsystem: turret02
+Subsystem: turret03
+Subsystem: turret04
+Subsystem: turret05
+Subsystem: turret06
+Subsystem: turret07
+Subsystem: turret08
+Subsystem: turret09
+Subsystem: turret10
+Subsystem: turret11
+Subsystem: turret12
+Subsystem: turret13
+Subsystem: turret14
+Subsystem: turret15
+Subsystem: turret16
+Subsystem: turret17
+Subsystem: turret18
+Subsystem: turret19
+Subsystem: turret20
$Arrival Location: Hyperspace
$Arrival Cue: ( true ) 
$Departure Location: Hyperspace
$Departure Cue: ( false ) 
$Determination: 10
+Flags: ( "cargo-known" "no-shields" "beam-protect-ship" )
+Flags2: ( "immobile" )
+Respawn priority: 0
+Orders Accepted: 1		;! note that this is a bitfield!!!
+Group: 0
+Use Table Score:
+Score: 500

$Name: Dauntless		;! Object #5
$Class: GTC Dauntless
$Team: Friendly
$Location: -1336.807007, -552.397095, -2920.187744
$Orientation:
	-0.836624, -0.259657, 0.482328,
	-0.250336, 0.964423, 0.084968,
	-0.487230, -0.049658, -0.871861
$AI Behavior: None
$Cargo 1:  XSTR("Nothing", -1)
+Initial Velocity: 33
+Initial Hull: 100
+Initial Shields: 100
+Subsystem: Pilot
+Subsystem: turret01
+Subsystem: turret02
+Subsystem: turret03
+Subsystem: turret04
+Subsystem: turret05
+Subsystem: turret06
+Subsystem: turret07
+Subsystem: turret08
+Subsystem: turret09
+Subsystem: turret10
+Subsystem: turret11
$Arrival Location: Hyperspace
$Arrival Cue: ( true ) 
$Departure Location: Hyperspace
$Departure Cue: ( false ) 
$Determination: 10
+Flags: ( "cargo-known" "no-shields" "beam-protect-ship" )
+Flags2: ( "immobile" )
+Respawn priority: 0
+Orders Accepted: 0		;! note that this is a bitfield!!!
+Group: 0
+Use Table Score:
+Score: 180

$Name: Anagora		;! Object #6
$Class: SC Asura
$Alt: Captured Shivan Craft

$Team: Friendly
$Location: -939.497070, 3.296546, -3448.792969
$Orientation:
	-0.041506, 0.267310, 0.962716,
	0.919731, 0.386666, -0.067711,
	-0.390350, 0.882629, -0.261902
$AI Behavior: None
$Cargo 1:  XSTR("Nothing", -1)
+Initial Velocity: 33
+Initial Hull: 73
+Initial Shields: 100
+Subsystem: Pilot
+Subsystem: turret01
+Subsystem: turret02
+Subsystem: turret03
+Subsystem: turret04
+Subsystem: turret05
+Subsystem: turret06
+Subsystem: turret07
+Subsystem: turret08
+Subsystem: turret09
+Subsystem: turret10
+Subsystem: turret11
+Subsystem: turret12
+Subsystem: turret13
+Subsystem: turret14
+Subsystem: Engine
$Damage: 100
+Subsystem: Weapons
$Damage: 100
$Arrival Location: Hyperspace
$Arrival Cue: ( true ) 
$Departure Location: Hyperspace
$Departure Cue: ( false ) 
$Determination: 10
+Flags: ( "no-shields" "escort" )
+Flags2: ( "primaries-locked" "secondaries-locked" "lock-all-turrets" "immobile" )
+Respawn priority: 0
+Escort priority: 0
+Special Hitpoints: 80000
+Orders Accepted: 0		;! note that this is a bitfield!!!
+Group: 0
+Use Table Score:
+Score: 210

$Name: Genosis		;! Object #7
$Class: GTT Argo
$Team: Friendly
$Location: -1059.926758, 42.649963, -3452.188965
$Orientation:
	-0.099792, 0.397072, 0.912346,
	0.379560, -0.832397, 0.403793,
	0.919770, 0.386585, -0.067647
$AI Behavior: None
$Cargo 1:  XSTR("Nothing", -1)
+Initial Velocity: 33
+Initial Hull: 100
+Initial Shields: 100
+Subsystem: Pilot
+Subsystem: turret01
+Subsystem: turret02
$Arrival Location: Hyperspace
$Arrival Cue: ( false ) 
$Departure Location: Hyperspace
$Departure Cue: ( false ) 
$Determination: 10
+Flags: ( "cargo-known" "protect-ship" "no-shields" "guardian" )
+Flags2: ( )
+Respawn priority: 0
+Docked With: Anagora
$Docker Point: Docking Point
$Dockee Point: Frontside dock
+Orders Accepted: 257		;! note that this is a bitfield!!!
+Group: 0
+Use Table Score:
+Score: 40

$Name: alpha 2		;! Object #8
$Class: GTF Dark Angel
$Alt: 77th Dark Angels

$Team: Friendly
$Location: -1633.453857, 65.849953, -1708.950684
$Orientation:
	-0.416147, 0.000000, -0.909298,
	0.000000, 1.000000, 0.000000,
	0.909298, 0.000000, -0.416147
$AI Behavior: None
$Cargo 1:  XSTR("Nothing", -1)
+Initial Velocity: 33
+Initial Hull: 100
+Subsystem: Pilot
+Primary Banks: ( "Skyrail" "Devastator" )
+Secondary Banks: ( "Screamer" "Screamer" "Trebuchet" )
$Arrival Location: Hyperspace
$Arrival Cue: ( false ) 
$Departure Location: Hyperspace
$Departure Cue: ( false ) 
$Determination: 10
+Flags: ( "cargo-known" "invulnerable" )
+Flags2: ( )
+Respawn priority: 0
+Orders Accepted: 33023		;! note that this is a bitfield!!!
+Group: 0
+Use Table Score:
+Score: 10

$Name: alpha 3		;! Object #9
$Class: GTF Dark Angel
$Alt: 77th Dark Angels

$Team: Friendly
$Location: -1598.811401, -0.000989, -1846.866333
$Orientation:
	-0.416147, 0.000000, -0.909298,
	0.000000, 1.000000, 0.000000,
	0.909298, 0.000000, -0.416147
$AI Behavior: None
$Cargo 1:  XSTR("Nothing", -1)
+Initial Velocity: 33
+Initial Hull: 100
+Subsystem: Pilot
+Primary Banks: ( "Skyrail" "Devastator" )
+Secondary Banks: ( "Screamer" "Screamer" "Trebuchet" )
$Arrival Location: Hyperspace
$Arrival Cue: ( false ) 
$Departure Location: Hyperspace
$Departure Cue: ( false ) 
$Determination: 10
+Flags: ( "cargo-known" "invulnerable" )
+Flags2: ( )
+Respawn priority: 0
+Orders Accepted: 33023		;! note that this is a bitfield!!!
+Group: 0
+Use Table Score:
+Score: 10

$Name: alpha 4		;! Object #10
$Class: GTF Dark Angel
$Alt: 77th Dark Angels

$Team: Friendly
$Location: -1735.402100, -208.678360, -1764.807373
$Orientation:
	-0.416147, 0.000000, -0.909298,
	0.000000, 1.000000, 0.000000,
	0.909298, 0.000000, -0.416147
$AI Behavior: None
$Cargo 1:  XSTR("Nothing", -1)
+Initial Velocity: 33
+Initial Hull: 100
+Subsystem: Pilot
+Primary Banks: ( "Skyrail" "Devastator" )
+Secondary Banks: ( "Screamer" "Screamer" "Trebuchet" )
$Arrival Location: Hyperspace
$Arrival Cue: ( false ) 
$Departure Location: Hyperspace
$Departure Cue: ( false ) 
$Determination: 10
+Flags: ( "cargo-known" "invulnerable" )
+Flags2: ( )
+Respawn priority: 0
+Orders Accepted: 33023		;! note that this is a bitfield!!!
+Group: 0
+Use Table Score:
+Score: 10

$Name: beta 1		;! Object #11
$Class: GTF Dark Angel
$Alt: 77th Dark Angels

$Team: Friendly
$Location: -2107.333252, 91.508629, -1834.109741
$Orientation:
	-0.416147, 0.000000, -0.909298,
	0.000000, 1.000000, 0.000000,
	0.909298, 0.000000, -0.416147
$AI Behavior: None
$Cargo 1:  XSTR("Nothing", -1)
+Initial Velocity: 33
+Initial Hull: 100
+Subsystem: Pilot
+Primary Banks: ( "Skyrail" "Devastator" )
+Secondary Banks: ( "Screamer" "Screamer" "Trebuchet" )
$Arrival Location: Hyperspace
$Arrival Cue: ( false ) 
$Departure Location: Hyperspace
$Departure Cue: ( false ) 
$Determination: 10
+Flags: ( "cargo-known" "invulnerable" )
+Flags2: ( )
+Respawn priority: 0
+Orders Accepted: 33023		;! note that this is a bitfield!!!
+Group: 0
+Use Table Score:
+Score: 10

$Name: beta 2		;! Object #12
$Class: GTF Dark Angel
$Alt: 77th Dark Angels

$Team: Friendly
$Location: -2091.495605, -40.005810, -1732.936157
$Orientation:
	-0.416147, 0.000000, -0.909298,
	0.000000, 1.000000, 0.000000,
	0.909298, 0.000000, -0.416147
$AI Behavior: None
$Cargo 1:  XSTR("Nothing", -1)
+Initial Velocity: 33
+Initial Hull: 100
+Subsystem: Pilot
+Primary Banks: ( "Skyrail" "Devastator" )
+Secondary Banks: ( "Screamer" "Screamer" "Trebuchet" )
$Arrival Location: Hyperspace
$Arrival Cue: ( false ) 
$Departure Location: Hyperspace
$Departure Cue: ( false ) 
$Determination: 10
+Flags: ( "cargo-known" "invulnerable" )
+Flags2: ( )
+Respawn priority: 0
+Orders Accepted: 33023		;! note that this is a bitfield!!!
+Group: 0
+Use Table Score:
+Score: 10

$Name: beta 3		;! Object #13
$Class: GTF Dark Angel
$Alt: 77th Dark Angels

$Team: Friendly
$Location: -2211.114746, 24.793848, -1687.910767
$Orientation:
	-0.416147, 0.000000, -0.909298,
	0.000000, 1.000000, 0.000000,
	0.909298, 0.000000, -0.416147
$AI Behavior: None
$Cargo 1:  XSTR("Nothing", -1)
+Initial Velocity: 33
+Initial Hull: 100
+Subsystem: Pilot
+Primary Banks: ( "Skyrail" "Devastator" )
+Secondary Banks: ( "Screamer" "Screamer" "Trebuchet" )
$Arrival Location: Hyperspace
$Arrival Cue: ( false ) 
$Departure Location: Hyperspace
$Departure Cue: ( false ) 
$Determination: 10
+Flags: ( "cargo-known" "invulnerable" )
+Flags2: ( )
+Respawn priority: 0
+Orders Accepted: 33023		;! note that this is a bitfield!!!
+Group: 0
+Use Table Score:
+Score: 10

$Name: beta 4		;! Object #14
$Class: GTF Dark Angel
$Alt: 77th Dark Angels

$Team: Friendly
$Location: -2277.337891, -39.249817, -1847.633667
$Orientation:
	-0.416147, 0.000000, -0.909298,
	0.000000, 1.000000, 0.000000,
	0.909298, 0.000000, -0.416147
$AI Behavior: None
$Cargo 1:  XSTR("Nothing", -1)
+Initial Velocity: 33
+Initial Hull: 100
+Subsystem: Pilot
+Primary Banks: ( "Skyrail" "Devastator" )
+Secondary Banks: ( "Screamer" "Screamer" "Trebuchet" )
$Arrival Location: Hyperspace
$Arrival Cue: ( false ) 
$Departure Location: Hyperspace
$Departure Cue: ( false ) 
$Determination: 10
+Flags: ( "cargo-known" "invulnerable" )
+Flags2: ( )
+Respawn priority: 0
+Orders Accepted: 33023		;! note that this is a bitfield!!!
+Group: 0
+Use Table Score:
+Score: 10

$Name: gamma 1		;! Object #15
$Class: GTF Dark Angel
$Alt: 77th Dark Angels

$Team: Friendly
$Location: -1327.479492, -52.219105, -1489.739624
$Orientation:
	-0.416147, 0.000000, -0.909298,
	0.000000, 1.000000, 0.000000,
	0.909298, 0.000000, -0.416147
$AI Behavior: None
$Cargo 1:  XSTR("Nothing", -1)
+Initial Velocity: 33
+Initial Hull: 100
+Subsystem: Pilot
+Primary Banks: ( "Skyrail" "Devastator" )
+Secondary Banks: ( "Screamer" "Screamer" "Trebuchet" )
$Arrival Location: Hyperspace
$Arrival Cue: ( false ) 
$Departure Location: Hyperspace
$Departure Cue: ( false ) 
$Determination: 10
+Flags: ( "cargo-known" "invulnerable" )
+Flags2: ( )
+Respawn priority: 0
+Orders Accepted: 33023		;! note that this is a bitfield!!!
+Group: 0
+Use Table Score:
+Score: 10

$Name: gamma 2		;! Object #16
$Class: GTF Dark Angel
$Alt: 77th Dark Angels

$Team: Friendly
$Location: -1324.233398, 141.709824, -1409.450073
$Orientation:
	-0.416147, 0.000000, -0.909298,
	0.000000, 1.000000, 0.000000,
	0.909298, 0.000000, -0.416147
$AI Behavior: None
$Cargo 1:  XSTR("Nothing", -1)
+Initial Velocity: 33
+Initial Hull: 100
+Subsystem: Pilot
+Primary Banks: ( "Skyrail" "Devastator" )
+Secondary Banks: ( "Screamer" "Screamer" "Trebuchet" )
$Arrival Location: Hyperspace
$Arrival Cue: ( false ) 
$Departure Location: Hyperspace
$Departure Cue: ( false ) 
$Determination: 10
+Flags: ( "cargo-known" "invulnerable" )
+Flags2: ( )
+Respawn priority: 0
+Orders Accepted: 33023		;! note that this is a bitfield!!!
+Group: 0
+Use Table Score:
+Score: 10

$Name: gamma 3		;! Object #17
$Class: GTF Dark Angel
$Alt: 77th Dark Angels

$Team: Friendly
$Location: -1539.311035, -0.000762, -1399.555420
$Orientation:
	-0.416147, 0.000000, -0.909298,
	0.000000, 1.000000, 0.000000,
	0.909298, 0.000000, -0.416147
$AI Behavior: None
$Cargo 1:  XSTR("Nothing", -1)
+Initial Velocity: 33
+Initial Hull: 100
+Subsystem: Pilot
+Primary Banks: ( "Skyrail" "Devastator" )
+Secondary Banks: ( "Screamer" "Screamer" "Trebuchet" )
$Arrival Location: Hyperspace
$Arrival Cue: ( false ) 
$Departure Location: Hyperspace
$Departure Cue: ( false ) 
$Determination: 10
+Flags: ( "cargo-known" "invulnerable" )
+Flags2: ( )
+Respawn priority: 0
+Orders Accepted: 33023		;! note that this is a bitfield!!!
+Group: 0
+Use Table Score:
+Score: 10

$Name: gamma 4		;! Object #18
$Class: GTF Dark Angel
$Alt: 77th Dark Angels

$Team: Friendly
$Location: -1473.656982, -153.038696, -1529.681641
$Orientation:
	-0.416147, 0.000000, -0.909298,
	0.000000, 1.000000, 0.000000,
	0.909298, 0.000000, -0.416147
$AI Behavior: None
$Cargo 1:  XSTR("Nothing", -1)
+Initial Velocity: 33
+Initial Hull: 100
+Subsystem: Pilot
+Primary Banks: ( "Skyrail" "Devastator" )
+Secondary Banks: ( "Screamer" "Screamer" "Trebuchet" )
$Arrival Location: Hyperspace
$Arrival Cue: ( false ) 
$Departure Location: Hyperspace
$Departure Cue: ( false ) 
$Determination: 10
+Flags: ( "cargo-known" "invulnerable" )
+Flags2: ( )
+Respawn priority: 0
+Orders Accepted: 33023		;! note that this is a bitfield!!!
+Group: 0
+Use Table Score:
+Score: 10

$Name: Charlie 1		;! Object #19
$Class: GTF Dark Angel
$Alt: 76th Ice Queens

$Team: Friendly
$Location: -2331.416260, 89.593353, -2337.212402
$Orientation:
	-0.416147, 0.000000, -0.909298,
	0.000000, 1.000000, 0.000000,
	0.909298, 0.000000, -0.416147
$AI Behavior: None
$Cargo 1:  XSTR("Nothing", -1)
+Initial Velocity: 33
+Initial Hull: 100
+Subsystem: Pilot
+Primary Banks: ( "Starfury" "UD-8 Kayser" )
$Arrival Location: Hyperspace
$Arrival Cue: ( false ) 
$Departure Location: Hyperspace
$Departure Cue: ( false ) 
$Determination: 10
+Flags: ( "cargo-known" "invulnerable" )
+Flags2: ( )
+Respawn priority: 0
+Orders Accepted: 0		;! note that this is a bitfield!!!
+Group: 0
+Use Table Score:
+Score: 10
$Texture Replace:
+old: ahull1
+new: ahull1b

$Name: Charlie 2		;! Object #20
$Class: GTF Dark Angel
$Alt: 76th Ice Queens

$Team: Friendly
$Location: -2312.800293, -69.211044, -2531.697754
$Orientation:
	-0.416147, 0.000000, -0.909298,
	0.000000, 1.000000, 0.000000,
	0.909298, 0.000000, -0.416147
$AI Behavior: None
$Cargo 1:  XSTR("Nothing", -1)
+Initial Velocity: 33
+Initial Hull: 100
+Subsystem: Pilot
+Primary Banks: ( "Starfury" "UD-8 Kayser" )
$Arrival Location: Hyperspace
$Arrival Cue: ( false ) 
$Departure Location: Hyperspace
$Departure Cue: ( false ) 
$Determination: 10
+Flags: ( "cargo-known" "invulnerable" )
+Flags2: ( )
+Respawn priority: 0
+Orders Accepted: 0		;! note that this is a bitfield!!!
+Group: 0
+Use Table Score:
+Score: 10
$Texture Replace:
+old: ahull1
+new: ahull1b

$Name: Charlie 3		;! Object #21
$Class: GTF Dark Angel
$Alt: 76th Ice Queens

$Team: Friendly
$Location: -2547.497803, -0.001673, -2675.488037
$Orientation:
	-0.416147, 0.000000, -0.909298,
	0.000000, 1.000000, 0.000000,
	0.909298, 0.000000, -0.416147
$AI Behavior: None
$Cargo 1:  XSTR("Nothing", -1)
+Initial Velocity: 33
+Initial Hull: 100
+Subsystem: Pilot
+Primary Banks: ( "Starfury" "UD-8 Kayser" )
$Arrival Location: Hyperspace
$Arrival Cue: ( false ) 
$Departure Location: Hyperspace
$Departure Cue: ( false ) 
$Determination: 10
+Flags: ( "cargo-known" "invulnerable" )
+Flags2: ( )
+Respawn priority: 0
+Orders Accepted: 0		;! note that this is a bitfield!!!
+Group: 0
+Use Table Score:
+Score: 10
$Texture Replace:
+old: ahull1
+new: ahull1b

$Name: Charlie 4		;! Object #22
$Class: GTF Dark Angel
$Alt: 76th Ice Queens

$Team: Friendly
$Location: -2568.056396, -0.001745, -2451.303711
$Orientation:
	-0.416147, 0.000000, -0.909298,
	0.000000, 1.000000, 0.000000,
	0.909298, 0.000000, -0.416147
$AI Behavior: None
$Cargo 1:  XSTR("Nothing", -1)
+Initial Velocity: 33
+Initial Hull: 100
+Subsystem: Pilot
+Primary Banks: ( "Starfury" "UD-8 Kayser" )
$Arrival Location: Hyperspace
$Arrival Cue: ( false ) 
$Departure Location: Hyperspace
$Departure Cue: ( false ) 
$Determination: 10
+Flags: ( "cargo-known" "invulnerable" )
+Flags2: ( )
+Respawn priority: 0
+Orders Accepted: 0		;! note that this is a bitfield!!!
+Group: 0
+Use Table Score:
+Score: 10
$Texture Replace:
+old: ahull1
+new: ahull1b

$Name: Foxtrot 1		;! Object #23
$Class: GTF Dark Angel
$Alt: 76th Ice Queens

$Team: Friendly
$Location: -1691.993286, -73.004669, -2800.076172
$Orientation:
	-0.416147, 0.000000, -0.909298,
	0.000000, 1.000000, 0.000000,
	0.909298, 0.000000, -0.416147
$AI Behavior: None
$Cargo 1:  XSTR("Nothing", -1)
+Initial Velocity: 33
+Initial Hull: 100
+Subsystem: Pilot
+Primary Banks: ( "Starfury" "UD-8 Kayser" )
$Arrival Location: Hyperspace
$Arrival Cue: ( false ) 
$Departure Location: Hyperspace
$Departure Cue: ( false ) 
$Determination: 10
+Flags: ( "cargo-known" "invulnerable" )
+Flags2: ( )
+Respawn priority: 0
+Orders Accepted: 0		;! note that this is a bitfield!!!
+Group: 0
+Use Table Score:
+Score: 10
$Texture Replace:
+old: ahull1
+new: ahull1b

$Name: Foxtrot 2		;! Object #24
$Class: GTF Dark Angel
$Alt: 76th Ice Queens

$Team: Friendly
$Location: -1604.487915, -0.001676, -2603.283936
$Orientation:
	-0.416147, 0.000000, -0.909298,
	0.000000, 1.000000, 0.000000,
	0.909298, 0.000000, -0.416147
$AI Behavior: None
$Cargo 1:  XSTR("Nothing", -1)
+Initial Velocity: 33
+Initial Hull: 100
+Subsystem: Pilot
+Primary Banks: ( "Starfury" "UD-8 Kayser" )
$Arrival Location: Hyperspace
$Arrival Cue: ( false ) 
$Departure Location: Hyperspace
$Departure Cue: ( false ) 
$Determination: 10
+Flags: ( "cargo-known" "invulnerable" )
+Flags2: ( )
+Respawn priority: 0
+Orders Accepted: 0		;! note that this is a bitfield!!!
+Group: 0
+Use Table Score:
+Score: 10
$Texture Replace:
+old: ahull1
+new: ahull1b

$Name: Foxtrot 3		;! Object #25
$Class: GTF Dark Angel
$Alt: 76th Ice Queens

$Team: Friendly
$Location: -1900.414551, -88.273872, -2426.567627
$Orientation:
	-0.416147, 0.000000, -0.909298,
	0.000000, 1.000000, 0.000000,
	0.909298, 0.000000, -0.416147
$AI Behavior: None
$Cargo 1:  XSTR("Nothing", -1)
+Initial Velocity: 33
+Initial Hull: 100
+Subsystem: Pilot
+Primary Banks: ( "Starfury" "UD-8 Kayser" )
$Arrival Location: Hyperspace
$Arrival Cue: ( false ) 
$Departure Location: Hyperspace
$Departure Cue: ( false ) 
$Determination: 10
+Flags: ( "cargo-known" "invulnerable" )
+Flags2: ( )
+Respawn priority: 0
+Orders Accepted: 0		;! note that this is a bitfield!!!
+Group: 0
+Use Table Score:
+Score: 10
$Texture Replace:
+old: ahull1
+new: ahull1b

$Name: Foxtrot 4		;! Object #26
$Class: GTF Dark Angel
$Alt: 76th Ice Queens

$Team: Friendly
$Location: -1920.616333, 78.378067, -2610.631104
$Orientation:
	-0.416147, 0.000000, -0.909298,
