#Mission Info

$Version: 0.10
$Name:  XSTR("Slaying Dragons", -1)
$Author: Herkie
$Created: 09/20/11 at 05:33:28
$Modified: 03/16/20 at 03:40:45
$Notes:
This is a FRED2_OPEN created mission.
$End Notes:

$Mission Desc:
 XSTR("December 7, 2371", -1)
$end_multi_text
+Game Type Flags: 1
+Flags: 133248
+Fog Near Mult: 1.000000

+Fog Far Mult: 1.000000

+Disallow Support: 0
+Hull Repair Ceiling: 0.000000
+Subsystem Repair Ceiling: 100.000000

+Viewer pos: -9873.677734, 10073.989258, -17372.298828
+Viewer orient:
	0.722443, 0.000002, -0.691431,
	0.320210, 0.886299, 0.334574,
	0.612815, -0.463114, 0.640300


$Load Screen 640:	LoadAct10Sa.dds
$Load Screen 1024:	LoadAct10La.dds

$Skybox Model: StarField.pof

$AI Profile: AF

#Sexp_variables

$Variables:
(
		0		"Bor1Target"		"nothing"		"string"
		1		"Bor2Target"		"nothing"		"string"
		2		"CountDown"		"0"		"number"
		3		"Dummy"		"nil"		"string"
)
#Fiction Viewer

$File: log23.txt
$Font: font03.vf

#Command Briefing

$Stage Text:
 XSTR("$B{To Captain John Richter
Strike Group Alpha
GTVA Naval Forces $}


Our present force here in $Y Shiva is becoming smaller than ever. We have lost many good pilots to the enemy. We have depleted our resources and lost many ships in this war and some of us have even lost their will to fight. But that goes for the enemy as well. We may have diminished their numbers significantly but their ferocity is still unwavering. They finally, moved to consolidate their last remaining fleet and rallied to a sector just in proximity of their home planet in a desperate attempt to protect it. But this fleet is something to reckon with. Probably composed of a hundred ships. If we send our fleet with the current strength we have, to a head to head battle, we will surely sustain too much casualties as to render us too weak to invade the $R Shivan $R planet especially with the $V Royal $V Sathanas still in its vicinity. So one fleet stands in our way. We, hereby, authorized the deployment of $G Strike $G Group $G Alpha. One last push. One last endeavor to claim our price.

$B{The GTVA High Command
GTSD Jupiter, 12th SOC Fleet $}", -1)
$end_multi_text
$Ani Filename: cb_Act10b.ani
+Wave Filename: none

#Briefing
$start_briefing
$num_stages: 5
$start_stage
$multi_text
 XSTR("Most of the $R Shivan $R forces are now in the sector next to $Y Shiva in their effort to protect their planet. They are fully aware that it will be our next target. Our enemies are maximizing everything to device their strategy with the intention of creating a stalemate in this war. A situation that we cannot accept.", -1)
$end_multi_text
$voice: none.wav
$camera_pos: 43871.320313, 68615.242188, 510.043060
$camera_orient:
	-0.010585, 0.000001, 0.999944,
	-0.795316, 0.606137, -0.008419,
	-0.606103, -0.795360, -0.006415
$camera_time: 4000
$num_lines: 0
$num_icons: 1
$Flags: 0
$Formula: ( true ) 
$start_icon
$type: 7
$team: Hostile
$class: GTF Ulysses
$pos: -6510.360352, 1358.073120, 675.966125
$label: Shiva
+id: 1
$hlight: 0
$mirror: 0
$multi_text
$end_multi_text
$end_icon
$end_stage
$start_stage
$multi_text
 XSTR("Undoubtedly, the $R Shivans have intel regarding the size of our forces. They plan to trap us in engaging their fleet to lessen our strength making us an easy target for their $R Royal $R Sathanas. But there is one thing that had slipped their minds. They thought they have completely destroyed your dreaded $b Strike $b Group $b Alpha. Admiral Cartwright was right of reserving two of the $G Boreas cruisers including your $G Avenger corvette when he had deployed your fleet in that mission when the Warlock and Excelsior were destroyed.", -1)
$end_multi_text
$voice: none.wav
$camera_pos: 43871.320313, 68615.242188, 510.043060
$camera_orient:
	0.999978, 0.000000, -0.006715,
	0.005341, 0.606111, 0.795363,
	0.004070, -0.795380, 0.606097
$camera_time: 4000
$num_lines: 0
$num_icons: 4
$Flags: 2
$Formula: ( true ) 
$start_icon
$type: 7
$team: Hostile
$class: GTF Ulysses
$pos: -6510.360352, 1358.073120, 675.966125
$label: Shiva
+id: 1
$hlight: 0
$mirror: 0
$multi_text
$end_multi_text
$end_icon
$start_icon
$type: 4
$team: Friendly
$class: GTSa Boreas
$pos: 62410.023438, 1358.085205, 50935.222656
$label: Boreas Cruiser
+id: 2
$hlight: 0
$mirror: 1
$multi_text
$end_multi_text
$end_icon
$start_icon
$type: 4
$team: Friendly
$class: GTSa Boreas
$pos: 22358.761719, 1317.842896, 51234.417969
$label: Boreas Cruiser
+id: 3
$hlight: 0
$mirror: 1
$multi_text
$end_multi_text
$end_icon
$start_icon
$type: 6
$team: Friendly
$class: GTXV Avenger
$pos: 43297.703125, 8367.142578, 45326.781250
$label: Avenger Corvette
+id: 13
$hlight: 0
$mirror: 1
$multi_text
$end_multi_text
$end_icon
$end_stage
$start_stage
$multi_text
 XSTR("We have sent a dozen of our $G battlegroups in an offensive posture around the perimeter of their $Y home $Y planet's sector in order to scatter this massing fleet and we have already engage many $R Shivan ships they sent to intercept us thinking we have fallen into their trap. But they still have a sizable fleet in reserve to guard their home planet. This is where you will come in.", -1)
$end_multi_text
$voice: none.wav
$camera_pos: 48403.847656, 68615.242188, 1024.688965
$camera_orient:
	0.010667, -0.000000, -0.999943,
	0.415192, 0.909723, 0.004429,
	0.909671, -0.415216, 0.009705
$camera_time: 4000
$num_lines: 0
$num_icons: 10
$Flags: 2
$Formula: ( true ) 
$start_icon
$type: 7
$team: Hostile
$class: GTF Ulysses
$pos: -6510.360352, 1358.073120, 675.966125
$label: Shiva
+id: 1
$hlight: 0
$mirror: 0
$multi_text
$end_multi_text
$end_icon
$start_icon
$type: 4
$team: Friendly
$class: GTSa Boreas
$pos: 62410.023438, 1358.085205, 50935.222656
$label: Boreas Cruiser
+id: 2
$hlight: 0
$mirror: 1
$multi_text
$end_multi_text
$end_icon
$start_icon
$type: 4
$team: Friendly
$class: GTSa Boreas
$pos: 22358.761719, 1317.842896, 51234.417969
$label: Boreas Cruiser
+id: 3
$hlight: 0
$mirror: 1
$multi_text
$end_multi_text
$end_icon
$start_icon
$type: 6
$team: Hostile
$class: SD Demon
$pos: 155966.359375, -0.006441, 18803.615234
$label: Shivan Fleet
+id: 10
$hlight: 0
$mirror: 1
$multi_text
$end_multi_text
$end_icon
$start_icon
$type: 6
$team: Hostile
$class: SD Ravana
$pos: 202362.125000, -0.015616, 42871.000000
$label: Shivan Fleet
+id: 11
$hlight: 0
$mirror: 1
$multi_text
$end_multi_text
$end_icon
$start_icon
$type: 6
$team: Hostile
$class: SD Demon
$pos: 261862.640625, -0.007910, 31871.957031
$label: Shivan Fleet.
+id: 12
$hlight: 0
$mirror: 1
$multi_text
$end_multi_text
$end_icon
$start_icon
$type: 6
$team: Friendly
$class: GTXV Avenger
$pos: 43297.703125, 8367.142578, 45326.781250
$label: Avenger Corvette
+id: 13
$hlight: 0
$mirror: 1
$multi_text
$end_multi_text
$end_icon
$start_icon
$type: 6
$team: Friendly
$class: GTD Excalibur
$pos: 164198.687500, 0.003733, -22861.251953
$label: GTVA Fleet
+id: 21
$hlight: 0
$mirror: 0
$multi_text
$end_multi_text
$end_icon
$start_icon
$type: 6
$team: Friendly
$class: GTD Stromberg
$pos: 251122.000000, 0.009251, -38542.371094
$label: GTVA Fleet
+id: 22
$hlight: 0
$mirror: 1
$multi_text
$end_multi_text
$end_icon
$start_icon
$type: 6
$team: Friendly
$class: GTD Sovereign
$pos: 194041.796875, 2770.311523, -6991.450684
$label: GTVA Fleet
+id: 23
$hlight: 0
$mirror: 1
$multi_text
$end_multi_text
$end_icon
$end_stage
$start_stage
$multi_text
 XSTR("Your mission is to $P destroy $P this $P fleet. Devastate it. Clear a way for our ultimate strike on the $Y Shivan $Y planet. However, the enemy force in reserve that you will be facing is still formidable. In spite the maneuverings of our battlegroups to draw their forces out, you will be confronted with more than 30 $R destroyers, $R corvettes and $R cruisers, scores of $R bombers and $R fighters and probably several $R Juggernauts.", -1)
$end_multi_text
$voice: none.wav
$camera_pos: 48403.847656, 68615.242188, 1024.688965
$camera_orient:
	-0.999966, -0.000001, -0.008238,
	0.003420, 0.909711, -0.415227,
	0.007495, -0.415241, -0.909681
$camera_time: 4000
$num_lines: 0
$num_icons: 16
$Flags: 2
$Formula: ( true ) 
$start_icon
$type: 4
$team: Friendly
$class: GTSa Boreas
$pos: 62410.023438, 1358.085205, 50935.222656
$label: Boreas Cruiser
+id: 2
$hlight: 0
$mirror: 1
$multi_text
$end_multi_text
$end_icon
$start_icon
$type: 4
$team: Friendly
$class: GTSa Boreas
$pos: 22358.761719, 1317.842896, 51234.417969
$label: Boreas Cruiser
+id: 3
$hlight: 0
$mirror: 0
$multi_text
$end_multi_text
$end_icon
$start_icon
$type: 6
$team: Hostile
$class: SD Demon
$pos: 155966.359375, -0.006441, 18803.615234
$label: Shivan Fleet
+id: 10
$hlight: 0
$mirror: 1
$multi_text
$end_multi_text
$end_icon
$start_icon
$type: 6
$team: Hostile
$class: SD Ravana
$pos: 202362.125000, -0.015616, 42871.000000
$label: Shivan Fleet
+id: 11
$hlight: 0
$mirror: 1
$multi_text
$end_multi_text
$end_icon
$start_icon
$type: 6
$team: Hostile
$class: SD Demon
$pos: 261862.640625, -0.007910, 31871.957031
$label: Shivan Fleet.
+id: 12
$hlight: 0
$mirror: 1
$multi_text
$end_multi_text
$end_icon
$start_icon
$type: 6
$team: Friendly
$class: GTXV Avenger
$pos: 43297.703125, 8367.142578, 45326.781250
$label: Avenger Corvette
+id: 13
$hlight: 0
$mirror: 1
$multi_text
$end_multi_text
$end_icon
$start_icon
$type: 6
$team: Hostile
$class: SD Garuda
$pos: 41184.511719, -1833.188354, -161910.500000
$label: Shivan Destroyers
+id: 14
$hlight: 0
$mirror: 0
$multi_text
$end_multi_text
$end_icon
$start_icon
$type: 6
$team: Hostile
$class: SD Ravana
$pos: 27703.244141, -3666.368652, -116851.914063
$label: Shivan Destroyers
+id: 15
$hlight: 0
$mirror: 0
$multi_text
$end_multi_text
$end_icon
$start_icon
$type: 6
$team: Hostile
$class: SD Ravana
$pos: 2695.596191, -3666.382813, -211284.828125
$label: Shivan Destroyers
+id: 16
$hlight: 0
$mirror: 0
$multi_text
$end_multi_text
$end_icon
$start_icon
$type: 6
$team: Hostile
$class: SD Demon
$pos: -1113.529297, -1833.182739, -148441.968750
$label: Shivan Destroyers
+id: 17
$hlight: 0
$mirror: 0
$multi_text
$end_multi_text
$end_icon
$start_icon
$type: 6
$team: Friendly
$class: GTXV Avenger
$pos: 82021.125000, -3666.362305, -161337.593750
$label: Avenger Corvette
+id: 18
$hlight: 0
$mirror: 1
$multi_text
$end_multi_text
$end_icon
$start_icon
$type: 6
$team: Friendly
$class: GTSa Boreas
$pos: 87327.875000, -3666.371826, -124093.421875
$label: Boreas Cruiser
+id: 19
$hlight: 0
$mirror: 1
$multi_text
$end_multi_text
$end_icon
$start_icon
$type: 6
$team: Friendly
$class: GTSa Boreas
$pos: 103642.710938, -3666.367432, -221190.062500
$label: Boreas Cruiser
+id: 20
$hlight: 0
$mirror: 1
$multi_text
$end_multi_text
$end_icon
$start_icon
$type: 6
$team: Friendly
$class: GTD Excalibur
$pos: 164198.687500, 0.003733, -22861.251953
$label: GTVA Fleet
+id: 21
$hlight: 0
$mirror: 0
$multi_text
$end_multi_text
$end_icon
$start_icon
$type: 6
$team: Friendly
$class: GTD Stromberg
$pos: 251122.000000, 0.009251, -38542.371094
$label: GTVA Fleet
+id: 22
$hlight: 0
$mirror: 1
$multi_text
$end_multi_text
$end_icon
$start_icon
$type: 6
$team: Friendly
$class: GTD Sovereign
$pos: 194041.796875, 2770.311523, -6991.450684
$label: GTVA Fleet
+id: 23
$hlight: 0
$mirror: 1
$multi_text
$end_multi_text
$end_icon
$end_stage
$start_stage
$multi_text
 XSTR("You must succeed in this mission or this war will be lost. You will have $G fighter $G escorts with wing reserves. That should give you protection against those bombers. Your ships will be ready in two hours. Goodluck.
", -1)
$end_multi_text
$voice: none.wav
$camera_pos: 99742.140625, 26998.960938, -89731.367188
$camera_orient:
	-0.999966, -0.000001, -0.008238,
	0.003420, 0.909712, -0.415227,
	0.007495, -0.415241, -0.909681
$camera_time: 4000
$num_lines: 0
$num_icons: 20
$Flags: 2
$Formula: ( true ) 
$start_icon
$type: 7
$team: Hostile
$class: GTF Ulysses
$pos: -6510.360352, 1358.073120, 675.966125
$label: Shiva
+id: 1
$hlight: 0
$mirror: 0
$multi_text
$end_multi_text
$end_icon
$start_icon
$type: 4
$team: Friendly
$class: GTSa Boreas
$pos: 62410.023438, 1358.085205, 50935.222656
$label: Boreas Cruiser
+id: 2
$hlight: 0
$mirror: 0
$multi_text
$end_multi_text
$end_icon
$start_icon
$type: 4
$team: Friendly
$class: GTSa Boreas
$pos: 22358.761719, 1317.842896, 51234.417969
$label: Boreas Cruiser
+id: 3
$hlight: 0
$mirror: 0
$multi_text
$end_multi_text
$end_icon
$start_icon
$type: 1
$team: Hostile
$class: SF Mara
$pos: 870.568604, 1358.085693, -2661.652344
$label: fighters
+id: 4
$hlight: 0
$mirror: 0
$multi_text
$end_multi_text
$end_icon
$start_icon
$type: 17
$team: Hostile
$class: SB Nahema
$pos: 3.290555, 1358.085693, -5979.798340
$label: bombers
+id: 5
$hlight: 0
$mirror: 0
$multi_text
$end_multi_text
$end_icon
$start_icon
$type: 1
$team: Friendly
$class: GTF Dark Angel
$pos: 6710.919434, 2182.464600, -7776.098633
$label: Dark Angels
+id: 8
$hlight: 1
$mirror: 0
$multi_text
$end_multi_text
$end_icon
$start_icon
$type: 1
$team: Friendly
$class: GTF Dark Angel
$pos: 5705.869629, 1030.611572, -9411.778320
$label: Dark Angels
+id: 9
$hlight: 1
$mirror: 0
$multi_text
$end_multi_text
$end_icon
$start_icon
$type: 6
$team: Hostile
$class: SD Demon
$pos: 155966.359375, -0.006441, 18803.615234
$label: Shivan Fleet
+id: 10
$hlight: 0
$mirror: 0
$multi_text
$end_multi_text
$end_icon
$start_icon
$type: 6
$team: Hostile
$class: SD Ravana
$pos: 202362.125000, -0.015616, 42871.000000
$label: Shivan Fleet
+id: 11
$hlight: 0
$mirror: 0
$multi_text
$end_multi_text
$end_icon
$start_icon
$type: 6
$team: Hostile
$class: SD Demon
$pos: 261862.640625, -0.007910, 31871.957031
$label: Shivan Fleet.
+id: 12
$hlight: 0
$mirror: 0
$multi_text
$end_multi_text
$end_icon
$start_icon
$type: 6
$team: Friendly
$class: GTXV Avenger
$pos: 43297.703125, 8367.142578, 45326.781250
$label: Avenger Corvette
+id: 13
$hlight: 0
$mirror: 0
$multi_text
$end_multi_text
$end_icon
$start_icon
$type: 6
$team: Hostile
$class: SD Garuda
$pos: 41184.511719, -1833.188354, -161910.500000
$label: Shivan Destroyers
+id: 14
$hlight: 0
$mirror: 0
$multi_text
$end_multi_text
$end_icon
$start_icon
$type: 6
$team: Hostile
$class: SD Ravana
$pos: 27703.244141, -3666.368652, -116851.914063
$label: Shivan Destroyers
+id: 15
$hlight: 0
$mirror: 0
$multi_text
$end_multi_text
$end_icon
$start_icon
$type: 6
$team: Hostile
$class: SD Ravana
$pos: 2695.596191, -3666.382813, -211284.828125
$label: Shivan Destroyers
+id: 16
$hlight: 0
$mirror: 0
$multi_text
$end_multi_text
$end_icon
$start_icon
$type: 6
$team: Hostile
$class: SD Demon
$pos: -1113.529297, -1833.182739, -148441.968750
$label: Shivan Destroyers
+id: 17
$hlight: 0
$mirror: 0
$multi_text
$end_multi_text
$end_icon
$start_icon
$type: 6
$team: Friendly
$class: GTXV Avenger
$pos: 88820.664063, -3666.364258, -149002.156250
$label: Avenger Corvette
+id: 18
$hlight: 0
$mirror: 1
$multi_text
$end_multi_text
$end_icon
$start_icon
$type: 6
$team: Friendly
$class: GTSa Boreas
$pos: 114060.328125, -3666.368408, -146018.062500
$label: Boreas Cruiser
+id: 19
$hlight: 0
$mirror: 1
$multi_text
$end_multi_text
$end_icon
$start_icon
$type: 6
$team: Friendly
$class: GTSa Boreas
$pos: 105801.742188, -3666.362549, -179111.140625
$label: Boreas Cruiser
+id: 20
$hlight: 0
$mirror: 1
$multi_text
$end_multi_text
$end_icon
$start_icon
$type: 6
$team: Friendly
$class: GTD Excalibur
$pos: 164198.687500, 0.003733, -22861.251953
$label: GTVA Fleet
+id: 21
$hlight: 0
$mirror: 0
$multi_text
$end_multi_text
$end_icon
$start_icon
$type: 6
$team: Friendly
$class: GTD Stromberg
$pos: 251122.000000, 0.009251, -38542.371094
$label: GTVA Fleet
+id: 22
$hlight: 0
$mirror: 0
$multi_text
$end_multi_text
$end_icon
$end_stage
$end_briefing

#Debriefing_info

$Num stages: 2

$Formula: ( true ) 
$Multi text
    XSTR("To Captain John Richter
Commander of the Squadrons
GTVA Naval Forces

The destruction of this fleet heralds the impending defeat of the Shivan Consortium. The last bastion of the enemy eliminated. To that extent, the job was done. But that wasn't enough. We know we are still in a collision course with our nemesis and that our security will never be a reality as long as the Shivan race lives. There will never be peace between them and us. Our failed negotiations with them have proven that. We must, therefore, annihilate them. The high council has already come up with the ultimate plan. In the next few days our forces will now be marching to their doorsteps.

The GTVA High Council
", -1)
$end_multi_text
$Voice: none.wav
$Recommendation text:
    XSTR("", -1)
$end_multi_text

$Formula: ( is-destroyed-delay 0 "alpha 1" ) 
$Multi text
    XSTR("That was the last sortie of Commodore John Richter. A war hero.", -1)
$end_multi_text
$Voice: none.wav
$Recommendation text:
    XSTR("", -1)
$end_multi_text

#Players		;! 1 total

$Starting Shipname: alpha 1
$Ship Choices: (
)

+Weaponry Pool: (
	"Tornado"	640
	"UD-8 Kayser"	16
	"Skyrail"	16
	"Subach HL-7"	1
	"Prometheus R"	1
	"Harpoon"	16
	"Ion Cannon#Player"	2
)

#Objects		;! 99 total

$Name: alpha 1		;! Object #0
$Class: GTXV Avenger
$Team: Friendly
$Location: 1502.771484, 1858.551025, -7500.759277
$Orientation:
	0.699160, 0.177983, -0.692460,
	0.061352, 0.950013, 0.306128,
	0.712330, -0.256516, 0.653290
$AI Behavior: None
$Cargo 1:  XSTR("Nothing", -1)
+Initial Hull: 100
+Initial Shields: 100
+Subsystem: Pilot
+Subsystem: turret01
+Subsystem: turret02
+Subsystem: turret03
+Subsystem: turret04
+Subsystem: turret05
+Subsystem: turret06
+Subsystem: turret07
+Subsystem: turret08
+Subsystem: turret09
+Subsystem: turret10
+Subsystem: turret11
+Subsystem: turret12
+Subsystem: turret13
+Subsystem: turret14
+Subsystem: turret15
+Subsystem: turret16
+Subsystem: turret17
+Subsystem: turret18
+Subsystem: turret19
+Subsystem: turret20
+Subsystem: turret21
+Subsystem: turret22
+Subsystem: turret23
+Subsystem: turret24
+Subsystem: turret25
+Subsystem: turret26
+Subsystem: turret27
+Subsystem: turret28
+Subsystem: turret29
+Subsystem: turret30
+Subsystem: turret31
+Subsystem: turret32
+Subsystem: turret33
+Subsystem: turret34
+Subsystem: turret35
+Subsystem: turret36
+Subsystem: turret37
+Subsystem: turret38
+Subsystem: turret39
+Subsystem: turret40
+Subsystem: turret41
+Subsystem: turret42
+Subsystem: turret43
$Arrival Location: Hyperspace
$Arrival Cue: ( false ) 
$Departure Location: Hyperspace
$Departure Cue: ( false ) 
$Determination: 10
+Flags: ( "cargo-known" "no-shields" "player-start" )
+Flags2: ( )
+Respawn priority: 0
+Special Hitpoints: 600000
+Special Shield Points: 2000
+Group: 0
+Score: 8

$Name: Gringe		;! Object #1
$Class: SSD Bhaal
$Team: Hostile
$Location: 2354.486816, -0.000000, 18106.525391
$Orientation:
	-0.814803, 0.000000, 0.579738,
	0.000000, 1.000000, 0.000000,
	-0.579738, 0.000000, -0.814803
$AI Behavior: None
+AI Class: BP2-Captain
$AI Goals: ( goals ( ai-chase "alpha 1" 89 ) ( ai-chase "Boreas 1" 88 ) ( ai-chase "Boreas 2" 87 ) )
$Cargo 1:  XSTR("Nothing", -1)
+Initial Hull: 100
+Initial Shields: 100
+Subsystem: Pilot
+Subsystem: turret01
+Subsystem: turret02
+Subsystem: turret03
+Subsystem: turret04
+Subsystem: turret05
+Subsystem: turret06
+Subsystem: turret07
+Subsystem: turret08
+Subsystem: turret09
+Subsystem: turret10
+Subsystem: turret11
+Subsystem: turret12
+Subsystem: turret13
+Subsystem: turret14
+Subsystem: turret15
+Subsystem: turret16
+Subsystem: turret17
+Subsystem: turret18
+Subsystem: turret19
+Subsystem: turret20
+Subsystem: turret21
+Subsystem: turret22
+Subsystem: turret23
+Subsystem: turret24
+Subsystem: turret25
+Subsystem: turret26
+Subsystem: turret27
+Subsystem: turret28
+Subsystem: turret29
+Subsystem: turret30
+Subsystem: turret31
+Subsystem: turret32
+Subsystem: turret33
+Subsystem: turret34
+Subsystem: turret35
+Subsystem: turret36
+Subsystem: turret37
+Subsystem: turret38
+Subsystem: turret39
+Subsystem: turret40
+Subsystem: turret41
+Subsystem: turret42
+Subsystem: turret43
+Subsystem: turret44
+Subsystem: turret45
+Subsystem: turret46
+Subsystem: turret47
+Subsystem: turret48
+Subsystem: turret49
+Subsystem: turret50
$Arrival Location: Hyperspace
$Arrival Cue: ( true ) 
$Departure Location: Hyperspace
$Departure Cue: ( false ) 
$Determination: 10
+Flags: ( "no-shields" )
+Flags2: ( )
+Respawn priority: 0
+Special Hitpoints: 500000
+Group: 0
+Score: 670

$Name: Unok		;! Object #2
$Class: SD Ravana
$Team: Hostile
$Location: 8627.908203, -0.000000, 11717.502930
$Orientation:
	-0.812952, 0.000000, 0.582331,
	0.000000, 1.000000, 0.000000,
	-0.582331, 0.000000, -0.812952
$AI Behavior: None
+AI Class: BP2-Captain
$AI Goals: ( goals ( ai-chase "alpha 1" 89 ) ( ai-chase "Boreas 1" 88 ) ( ai-chase "Boreas 2" 87 ) )
$Cargo 1:  XSTR("Nothing", -1)
+Initial Velocity: 33
+Initial Hull: 100
+Initial Shields: 100
+Subsystem: Pilot
+Subsystem: turret01
+Subsystem: turret02
+Subsystem: turret03
+Subsystem: turret04
+Subsystem: turret05
+Subsystem: turret06
+Subsystem: turret07
+Subsystem: turret08
+Subsystem: turret09
+Subsystem: turret10
+Subsystem: turret11
+Subsystem: turret12
+Subsystem: turret13
+Subsystem: turret14
+Subsystem: turret15
+Subsystem: turret16
+Subsystem: turret17
+Subsystem: turret18
+Subsystem: turret19
+Subsystem: turret20
+Subsystem: turret21
+Subsystem: turret22
+Subsystem: turret23
+Subsystem: turret24
+Subsystem: turret25
+Subsystem: turret26
+Subsystem: turret27
+Subsystem: turret28
+Subsystem: turret29
+Subsystem: turret30
$Arrival Location: Hyperspace
$Arrival Cue: ( true ) 
$Departure Location: Hyperspace
$Departure Cue: ( false ) 
$Determination: 10
+Flags: ( "no-shields" )
+Flags2: ( )
+Respawn priority: 0
+Orders Accepted: 0		;! note that this is a bitfield!!!
+Group: 0
+Use Table Score:
+Score: 670

$Name: Izza		;! Object #3
$Class: SD Lucifer
$Team: Hostile
$Location: 16017.318359, 0.000000, 8830.465820
$Orientation:
	-0.945525, 0.000000, 0.325550,
	0.000000, 1.000000, 0.000000,
	-0.325550, 0.000000, -0.945525
$AI Behavior: None
+AI Class: BP2-Captain
$AI Goals: ( goals ( ai-chase "alpha 1" 89 ) ( ai-chase "Boreas 1" 88 ) ( ai-chase "Boreas 2" 87 ) )
$Cargo 1:  XSTR("Nothing", -1)
+Initial Hull: 100
+Initial Shields: 100
+Subsystem: Pilot
+Subsystem: turret01
+Subsystem: turret02
+Subsystem: turret03
+Subsystem: turret04
+Subsystem: turret05
+Subsystem: turret06
+Subsystem: turret07
+Subsystem: turret08
+Subsystem: turret09
+Subsystem: turret10
+Subsystem: turret11
+Subsystem: turret12
+Subsystem: turret13
+Subsystem: turret14
+Subsystem: turret15
+Subsystem: turret16
+Subsystem: turret17
+Subsystem: turret18
+Subsystem: turret19
$Arrival Location: Hyperspace
$Arrival Cue: ( true ) 
$Departure Location: Hyperspace
$Departure Cue: ( false ) 
$Determination: 10
+Flags: ( "no-shields" )
+Flags2: ( )
+Respawn priority: 0
+Orders Accepted: 0		;! note that this is a bitfield!!!
+Group: 0
+Score: 670

$Name: Okkor		;! Object #4
$Class: SD Ravana
$Team: Hostile
$Location: 11366.400391, -0.000000, 307.099304
$Orientation:
	0.946756, 0.317481, 0.053477,
	-0.286055, 0.753285, 0.592228,
	0.147738, -0.575993, 0.803994
$AI Behavior: None
+AI Class: BP2-Captain
$AI Goals: ( goals ( ai-chase "alpha 1" 89 ) ( ai-chase "Boreas 1" 88 ) ( ai-chase "Boreas 2" 87 ) )
$Cargo 1:  XSTR("Nothing", -1)
+Initial Velocity: 33
+Initial Hull: 100
+Initial Shields: 100
+Subsystem: Pilot
+Subsystem: turret01
+Subsystem: turret02
+Subsystem: turret03
+Subsystem: turret04
+Subsystem: turret05
+Subsystem: turret06
+Subsystem: turret07
+Subsystem: turret08
+Subsystem: turret09
+Subsystem: turret10
+Subsystem: turret11
+Subsystem: turret12
+Subsystem: turret13
+Subsystem: turret14
+Subsystem: turret15
+Subsystem: turret16
+Subsystem: turret17
+Subsystem: turret18
+Subsystem: turret19
+Subsystem: turret20
+Subsystem: turret21
+Subsystem: turret22
+Subsystem: turret23
+Subsystem: turret24
+Subsystem: turret25
+Subsystem: turret26
+Subsystem: turret27
+Subsystem: turret28
+Subsystem: turret29
+Subsystem: turret30
$Arrival Location: Hyperspace
$Arrival Cue: ( true ) 
$Departure Location: Hyperspace
$Departure Cue: ( false ) 
$Determination: 10
+Flags: ( "no-shields" )
+Flags2: ( )
+Respawn priority: 0
+Orders Accepted: 0		;! note that this is a bitfield!!!
+Group: 0
+Use Table Score:
+Score: 670

$Name: Passak		;! Object #5
$Class: SCv Moloch
$Team: Hostile
$Location: -2926.038330, -0.000000, 9811.878906
$Orientation:
	-0.017424, -0.997897, -0.062451,
	0.668212, 0.034841, -0.743156,
	0.743768, -0.054679, 0.666199
$AI Behavior: None
+AI Class: BP2-Captain
$AI Goals: ( goals ( ai-chase "alpha 1" 89 ) ( ai-chase "Boreas 1" 88 ) ( ai-chase "Boreas 2" 87 ) )
$Cargo 1:  XSTR("Nothing", -1)
+Initial Velocity: 33
+Initial Hull: 100
+Initial Shields: 100
+Subsystem: Pilot
+Subsystem: turret01
+Subsystem: turret02
+Subsystem: turret03
+Subsystem: turret04
+Subsystem: turret05
+Subsystem: turret06
+Subsystem: turret07
+Subsystem: turret08
+Subsystem: turret09
+Subsystem: turret10
+Subsystem: turret11
+Subsystem: turret12
+Subsystem: turret13
+Subsystem: turret14
+Subsystem: turret15
+Subsystem: turret16
$Arrival Location: Hyperspace
$Arrival Cue: ( true ) 
$Departure Location: Hyperspace
$Departure Cue: ( false ) 
$Determination: 10
+Flags: ( "no-shields" )
+Flags2: ( )
+Respawn priority: 0
+Orders Accepted: 0		;! note that this is a bitfield!!!
+Group: 0
+Use Table Score:
+Score: 440

$Name: Amarun		;! Object #6
$Class: SCv Moloch
$Team: Hostile
$Location: -5179.900879, 856.521851, 8029.509766
$Orientation:
	0.939316, -0.339312, -0.050531,
	0.340668, 0.939950, 0.020949,
	0.040389, -0.036892, 0.998503
$AI Behavior: None
+AI Class: BP2-Captain
$AI Goals: ( goals ( ai-chase "alpha 1" 89 ) ( ai-chase "Boreas 1" 88 ) ( ai-chase "Boreas 2" 87 ) )
$Cargo 1:  XSTR("Nothing", -1)
+Initial Velocity: 33
+Initial Hull: 100
+Initial Shields: 100
+Subsystem: Pilot
+Subsystem: turret01
+Subsystem: turret02
+Subsystem: turret03
+Subsystem: turret04
+Subsystem: turret05
+Subsystem: turret06
+Subsystem: turret07
+Subsystem: turret08
+Subsystem: turret09
+Subsystem: turret10
+Subsystem: turret11
+Subsystem: turret12
+Subsystem: turret13
+Subsystem: turret14
+Subsystem: turret15
+Subsystem: turret16
$Arrival Location: Hyperspace
$Arrival Cue: ( true ) 
$Departure Location: Hyperspace
$Departure Cue: ( false ) 
$Determination: 10
+Flags: ( "no-shields" )
+Flags2: ( )
+Respawn priority: 0
+Orders Accepted: 0		;! note that this is a bitfield!!!
+Group: 0
+Use Table Score:
+Score: 440

$Name: Shima		;! Object #7
$Class: SCv Moloch
$Team: Hostile
$Location: 4857.981445, -0.000000, 10821.475586
$Orientation:
	1.000000, 0.000000, 0.000000,
	0.000000, 1.000000, 0.000000,
	0.000000, 0.000000, 1.000000
$AI Behavior: None
+AI Class: BP2-Captain
$AI Goals: ( goals ( ai-chase "alpha 1" 89 ) ( ai-chase "Boreas 1" 88 ) ( ai-chase "Boreas 2" 87 ) )
$Cargo 1:  XSTR("Nothing", -1)
+Initial Velocity: 33
+Initial Hull: 100
+Initial Shields: 100
+Subsystem: Pilot
+Subsystem: turret01
+Subsystem: turret02
+Subsystem: turret03
+Subsystem: turret04
+Subsystem: turret05
+Subsystem: turret06
+Subsystem: turret07
+Subsystem: turret08
+Subsystem: turret09
+Subsystem: turret10
+Subsystem: turret11
+Subsystem: turret12
+Subsystem: turret13
+Subsystem: turret14
+Subsystem: turret15
+Subsystem: turret16
$Arrival Location: Hyperspace
$Arrival Cue: ( true ) 
$Departure Location: Hyperspace
$Departure Cue: ( false ) 
$Determination: 10
+Flags: ( "no-shields" )
+Flags2: ( )
+Respawn priority: 0
+Orders Accepted: 0		;! note that this is a bitfield!!!
+Group: 0
+Use Table Score:
+Score: 440

$Name: Boreas 1		;! Object #8
$Class: GTSa Boreas
$Team: Friendly
$Location: 1349.424927, 1611.448120, -6177.653809
$Orientation:
	0.699159, 0.177983, -0.692459,
	0.061352, 0.950012, 0.306127,
	0.712329, -0.256515, 0.653289
$AI Behavior: None
$AI Goals: ( goals ( ai-stay-near-ship "alpha 1" 89 ) )
$Cargo 1:  XSTR("Nothing", -1)
+Initial Hull: 100
+Initial Shields: 100
+Subsystem: Pilot
+Subsystem: turret01
+Subsystem: turret02
+Subsystem: turret03
+Subsystem: turret04
+Subsystem: turret05
+Subsystem: turret06
+Subsystem: turret07
+Subsystem: turret08
+Subsystem: turret09
+Subsystem: turret10
+Subsystem: turret11
+Subsystem: turret12
+Subsystem: turret13
+Subsystem: turret14
$Arrival Location: Hyperspace
$Arrival Cue: ( true ) 
$Departure Location: Hyperspace
$Departure Cue: ( false ) 
$Determination: 10
+Flags: ( "cargo-known" "no-shields" "escort" )
+Flags2: ( )
+Respawn priority: 0
+Escort priority: 0
+Group: 0
+Use Table Score:
+Score: 500

$Name: Dolom		;! Object #9
$Class: SD Ravana
$Team: Hostile
$Location: 1247.161621, -5259.354492, 11095.062500
$Orientation:
	-0.248646, -0.674480, 0.695164,
	-0.522647, 0.697680, 0.489983,
	-0.815486, -0.241493, -0.525991
$AI Behavior: None
$AI Goals: ( goals ( ai-chase "alpha 1" 89 ) ( ai-chase "Boreas 1" 88 ) ( ai-chase "Boreas 2" 87 ) )
$Cargo 1:  XSTR("Nothing", -1)
+Initial Velocity: 33
+Initial Hull: 100
+Initial Shields: 100
+Subsystem: Pilot
+Subsystem: turret01
+Subsystem: turret02
+Subsystem: turret03
+Subsystem: turret04
+Subsystem: turret05
+Subsystem: turret06
+Subsystem: turret07
+Subsystem: turret08
+Subsystem: turret09
+Subsystem: turret10
+Subsystem: turret11
+Subsystem: turret12
+Subsystem: turret13
+Subsystem: turret14
+Subsystem: turret15
+Subsystem: turret16
+Subsystem: turret17
+Subsystem: turret18
+Subsystem: turret19
+Subsystem: turret20
+Subsystem: turret21
+Subsystem: turret22
+Subsystem: turret23
+Subsystem: turret24
+Subsystem: turret25
+Subsystem: turret26
+Subsystem: turret27
+Subsystem: turret28
+Subsystem: turret29
+Subsystem: turret30
$Arrival Location: Hyperspace
$Arrival Cue: ( true ) 
$Departure Location: Hyperspace
$Departure Cue: ( false ) 
$Determination: 10
+Flags: ( "no-shields" )
+Flags2: ( )
+Respawn priority: 0
+Orders Accepted: 0		;! note that this is a bitfield!!!
+Group: 0
+Use Table Score:
+Score: 670

$Name: Ferra		;! Object #10
$Class: SCv Moloch
$Team: Hostile
$Location: -278.399414, -1036.947632, 14575.584961
$Orientation:
	-0.220644, 0.422328, -0.879180,
	0.461994, -0.748609, -0.475552,
	-0.859000, -0.511102, -0.029937
$AI Behavior: None
+AI Class: BP2-Captain
$AI Goals: ( goals ( ai-chase "alpha 1" 89 ) ( ai-chase "Boreas 1" 88 ) ( ai-chase "Boreas 2" 87 ) )
$Cargo 1:  XSTR("Nothing", -1)
+Initial Velocity: 33
+Initial Hull: 100
+Initial Shields: 100
+Subsystem: Pilot
+Subsystem: turret01
+Subsystem: turret02
+Subsystem: turret03
+Subsystem: turret04
+Subsystem: turret05
+Subsystem: turret06
+Subsystem: turret07
+Subsystem: turret08
+Subsystem: turret09
+Subsystem: turret10
+Subsystem: turret11
+Subsystem: turret12
+Subsystem: turret13
+Subsystem: turret14
+Subsystem: turret15
+Subsystem: turret16
$Arrival Location: Hyperspace
$Arrival Cue: ( true ) 
$Departure Location: Hyperspace
$Departure Cue: ( false ) 
$Determination: 10
+Flags: ( "no-shields" )
+Flags2: ( )
+Respawn priority: 0
+Orders Accepted: 0		;! note that this is a bitfield!!!
+Group: 0
+Use Table Score:
+Score: 440

$Name: Geomon		;! Object #11
$Class: SCv Moloch
$Team: Hostile
$Location: -4844.708496, 0.000000, 16769.472656
$Orientation:
	0.918045, 0.386712, 0.087452,
	-0.391860, 0.851445, 0.348550,
	0.060328, -0.354254, 0.933201
$AI Behavior: None
+AI Class: BP2-Captain
$AI Goals: ( goals ( ai-chase "alpha 1" 89 ) ( ai-chase "Boreas 1" 88 ) ( ai-chase "Boreas 2" 87 ) )
$Cargo 1:  XSTR("Nothing", -1)
+Initial Velocity: 33
+Initial Hull: 100
+Initial Shields: 100
+Subsystem: Pilot
+Subsystem: turret01
+Subsystem: turret02
+Subsystem: turret03
+Subsystem: turret04
+Subsystem: turret05
+Subsystem: turret06
+Subsystem: turret07
+Subsystem: turret08
+Subsystem: turret09
+Subsystem: turret10
+Subsystem: turret11
+Subsystem: turret12
+Subsystem: turret13
+Subsystem: turret14
+Subsystem: turret15
+Subsystem: turret16
$Arrival Location: Hyperspace
$Arrival Cue: ( true ) 
$Departure Location: Hyperspace
$Departure Cue: ( false ) 
$Determination: 10
+Flags: ( "no-shields" )
+Flags2: ( )
+Respawn priority: 0
+Orders Accepted: 0		;! note that this is a bitfield!!!
+Group: 0
+Use Table Score:
+Score: 440

$Name: Boreas 2		;! Object #12
$Class: GTSa Boreas
$Team: Friendly
$Location: 2028.083984, 1611.448242, -8235.641602
$Orientation:
	0.699159, 0.177983, -0.692459,
	0.061352, 0.950012, 0.306127,
	0.712329, -0.256515, 0.653289
$AI Behavior: None
$AI Goals: ( goals ( ai-stay-near-ship "alpha 1" 89 ) )
$Cargo 1:  XSTR("Nothing", -1)
+Initial Hull: 100
+Initial Shields: 100
+Subsystem: Pilot
+Subsystem: turret01
+Subsystem: turret02
+Subsystem: turret03
+Subsystem: turret04
+Subsystem: turret05
+Subsystem: turret06
+Subsystem: turret07
+Subsystem: turret08
+Subsystem: turret09
+Subsystem: turret10
+Subsystem: turret11
+Subsystem: turret12
+Subsystem: turret13
+Primary Banks: ( "" )
+Subsystem: turret14
+Primary Banks: ( "" )
$Arrival Location: Hyperspace
$Arrival Cue: ( true ) 
$Departure Location: Hyperspace
$Departure Cue: ( false ) 
$Determination: 10
+Flags: ( "cargo-known" "no-shields" "escort" )
+Flags2: ( )
+Respawn priority: 0
+Escort priority: 1
+Group: 0
+Use Table Score:
+Score: 500

$Name: Archon 1		;! Object #13
$Class: SF Mara
$Team: Hostile
$Location: 4434.067383, 1871.862549, -8129.730469
$Orientation:
	0.699159, 0.177983, -0.692459,
	0.061352, 0.950012, 0.306127,
	0.712329, -0.256515, 0.653289
$AI Behavior: None
$Cargo 1:  XSTR("Nothing", -1)
+Initial Velocity: 33
+Initial Hull: 100
+Subsystem: Pilot
$Arrival Location: Hyperspace
$Arrival Cue: ( false ) 
$Departure Location: Hyperspace
$Departure Cue: ( false ) 
$Determination: 10
+Flags: ( )
+Flags2: ( )
+Respawn priority: 0
+Orders Accepted: 0		;! note that this is a bitfield!!!
+Group: 0
+Use Table Score:
+Score: 12

$Name: Archon 2		;! Object #14
$Class: SF Mara
$Team: Hostile
$Location: 4351.938477, 1911.987061, -8237.792969
$Orientation:
	0.699159, 0.177983, -0.692459,
	0.061352, 0.950012, 0.306127,
	0.712329, -0.256515, 0.653289
$AI Behavior: None
$Cargo 1:  XSTR("Nothing", -1)
+Initial Velocity: 33
+Initial Hull: 100
+Subsystem: Pilot
$Arrival Location: Hyperspace
$Arrival Cue: ( false ) 
$Departure Location: Hyperspace
$Departure Cue: ( false ) 
$Determination: 10
+Flags: ( )
+Flags2: ( )
+Respawn priority: 0
+Orders Accepted: 0		;! note that this is a bitfield!!!
+Group: 0
+Use Table Score:
+Score: 12

$Name: Archon 3		;! Object #15
$Class: SF Mara
$Team: Hostile
$Location: 4154.098633, 1985.974609, -8427.765625
$Orientation:
	0.699159, 0.177983, -0.692459,
	0.061352, 0.950012, 0.306127,
	0.712329, -0.256515, 0.653289
$AI Behavior: None
$Cargo 1:  XSTR("Nothing", -1)
+Initial Velocity: 33
+Initial Hull: 100
+Subsystem: Pilot
$Arrival Location: Hyperspace
$Arrival Cue: ( false ) 
$Departure Location: Hyperspace
$Departure Cue: ( false ) 
$Determination: 10
+Flags: ( )
+Flags2: ( )
+Respawn priority: 0
+Orders Accepted: 0		;! note that this is a bitfield!!!
+Group: 0
+Use Table Score:
+Score: 12

$Name: Archon 4		;! Object #16
$Class: SF Mara
$Team: Hostile
$Location: 4138.697266, 2078.274902, -8711.140625
$Orientation:
	0.699159, 0.177983, -0.692459,
	0.061352, 0.950012, 0.306127,
	0.712329, -0.256515, 0.653289
$AI Behavior: None
$Cargo 1:  XSTR("Nothing", -1)
+Initial Velocity: 33
+Initial Hull: 100
+Subsystem: Pilot
$Arrival Location: Hyperspace
$Arrival Cue: ( false ) 
$Departure Location: Hyperspace
$Departure Cue: ( false ) 
$Determination: 10
+Flags: ( )
+Flags2: ( )
+Respawn priority: 0
+Orders Accepted: 0		;! note that this is a bitfield!!!
+Group: 0
+Use Table Score:
+Score: 12

$Name: Archon 5		;! Object #17
$Class: SF Mara
$Team: Hostile
$Location: 4572.633789, 2028.324951, -8643.111328
$Orientation:
	0.699159, 0.177983, -0.692459,
	0.061352, 0.950012, 0.306127,
	0.712329, -0.256515, 0.653289
$AI Behavior: None
$Cargo 1:  XSTR("Nothing", -1)
+Initial Velocity: 33
+Initial Hull: 100
+Subsystem: Pilot
$Arrival Location: Hyperspace
$Arrival Cue: ( false ) 
$Departure Location: Hyperspace
$Departure Cue: ( false ) 
$Determination: 10
+Flags: ( )
+Flags2: ( )
+Respawn priority: 0
+Orders Accepted: 0		;! note that this is a bitfield!!!
+Group: 0
+Use Table Score:
+Score: 12

$Name: Archon 6		;! Object #18
$Class: SF Mara
$Team: Hostile
$Location: 4769.472656, 1971.265869, -8505.476563
$Orientation:
	0.699159, 0.177983, -0.692459,
	0.061352, 0.950012, 0.306127,
	0.712329, -0.256515, 0.653289
$AI Behavior: None
$Cargo 1:  XSTR("Nothing", -1)
+Initial Velocity: 33
+Initial Hull: 100
+Subsystem: Pilot
$Arrival Location: Hyperspace
$Arrival Cue: ( false ) 
$Departure Location: Hyperspace
$Departure Cue: ( false ) 
$Determination: 10
+Flags: ( )
+Flags2: ( )
+Respawn priority: 0
+Orders Accepted: 0		;! note that this is a bitfield!!!
+Group: 0
+Use Table Score:
+Score: 12

$Name: gamma 1		;! Object #19
$Class: GTF Dark Angel
$Team: Friendly
$Location: 2210.654053, 2061.223145, -8271.699219
$Orientation:
	0.699159, 0.177983, -0.692459,
	0.061352, 0.950012, 0.306127,
	0.712329, -0.256515, 0.653289
$AI Behavior: None
$Cargo 1:  XSTR("Nothing", -1)
+Initial Hull: 100
+Subsystem: Pilot
+Secondary Banks: ( "Tornado" "" "" )
$Arrival Location: Hyperspace
$Arrival Cue: ( false ) 
$Departure Location: Hyperspace
$Departure Cue: ( false ) 
$Determination: 10
+Flags: ( "cargo-known" )
+Flags2: ( )
+Respawn priority: 0
+Orders Accepted: 33023		;! note that this is a bitfield!!!
+Group: 0
+Use Table Score:
+Score: 10
+Persona Index: 0

$Name: gamma 2		;! Object #20
$Class: GTF Dark Angel
$Team: Friendly
$Location: 1965.276733, 2145.562988, -8484.265625
$Orientation:
	0.699159, 0.177983, -0.692459,
	0.061352, 0.950012, 0.306127,
	0.712329, -0.256515, 0.653289
$AI Behavior: None
$Cargo 1:  XSTR("Nothing", -1)
+Initial Hull: 100
+Subsystem: Pilot
+Secondary Banks: ( "Tornado" "" "" )
$Arrival Location: Hyperspace
$Arrival Cue: ( false ) 
$Departure Location: Hyperspace
$Departure Cue: ( false ) 
$Determination: 10
+Flags: ( "cargo-known" )
+Flags2: ( )
+Respawn priority: 0
+Orders Accepted: 33023		;! note that this is a bitfield!!!
+Group: 0
+Use Table Score:
+Score: 10
+Persona Index: 1

$Name: gamma 3		;! Object #21
$Class: GTF Dark Angel
$Team: Friendly
$Location: 2147.306396, 2219.366211, -8749.816406
$Orientation:
	0.699159, 0.177983, -0.692459,
	0.061352, 0.950012, 0.306127,
	0.712329, -0.256515, 0.653289
$AI Behavior: None
$Cargo 1:  XSTR("Nothing", -1)
+Initial Hull: 100
+Subsystem: Pilot
+Secondary Banks: ( "Tornado" "" "" )
$Arrival Location: Hyperspace
$Arrival Cue: ( false ) 
$Departure Location: Hyperspace
$Departure Cue: ( false ) 
$Determination: 10
+Flags: ( "cargo-known" )
+Flags2: ( )
+Respawn priority: 0
+Orders Accepted: 33023		;! note that this is a bitfield!!!
+Group: 0
+Use Table Score:
+Score: 10
+Persona Index: 2

$Name: gamma 4		;! Object #22
$Class: GTF Dark Angel
$Team: Friendly
$Location: 2382.767822, 2172.843262, -8652.632813
$Orientation:
	0.699159, 0.177983, -0.692459,
	0.061352, 0.950012, 0.306127,
	0.712329, -0.256515, 0.653289
$AI Behavior: None
$Cargo 1:  XSTR("Nothing", -1)
+Initial Hull: 100
+Subsystem: Pilot
+Secondary Banks: ( "Tornado" "" "" )
$Arrival Location: Hyperspace
$Arrival Cue: ( false ) 
$Departure Location: Hyperspace
$Departure Cue: ( false ) 
$Determination: 10
+Flags: ( "cargo-known" )
+Flags2: ( )
+Respawn priority: 0
+Orders Accepted: 33023		;! note that this is a bitfield!!!
+Group: 0
+Use Table Score:
+Score: 10
+Persona Index: 3

$Name: Bezaro 1		;! Object #23
$Class: SF Mara
$Team: Hostile
$Location: 3560.545654, 1391.799194, -6464.662109
$Orientation:
	0.699159, 0.177983, -0.692459,
	0.061352, 0.950012, 0.306127,
	0.712329, -0.256515, 0.653289
$AI Behavior: None
$Cargo 1:  XSTR("Nothing", -1)
+Initial Velocity: 33
+Initial Hull: 100
+Subsystem: Pilot
$Arrival Location: Hyperspace
$Arrival Cue: ( false ) 
$Departure Location: Hyperspace
$Departure Cue: ( false ) 
$Determination: 10
+Flags: ( )
+Flags2: ( )
+Respawn priority: 0
+Orders Accepted: 0		;! note that this is a bitfield!!!
+Group: 0
+Use Table Score:
+Score: 12

$Name: Bezaro 2		;! Object #24
$Class: SF Mara
$Team: Hostile
$Location: 3710.224854, 1424.257080, -6595.405273
$Orientation:
	0.699159, 0.177983, -0.692459,
	0.061352, 0.950012, 0.306127,
	0.712329, -0.256515, 0.653289
