#Mission Info

$Version: 0.10
$Name:  XSTR("The Place of Chariots", 563)
$Author: Brad Johnson
$Created: 04/21/99 at 15:56:49
$Modified: 03/28/20 at 11:54:40
$Notes:
This is a FRED created mission
$End Notes:

$Mission Desc:
 XSTR("The 53rd are ordered to destroy an NTF depot hidden in the Deneb asteroid belt.", 564)
$end_multi_text
+Game Type Flags: 1
+Flags: 0
+Fog Near Mult: 1.000000

+Fog Far Mult: 1.000000

+Disallow Support: 0
+Hull Repair Ceiling: 0.000000
+Subsystem Repair Ceiling: 100.000000

+Player Entry Delay:
1.000000

+Viewer pos: -592.038269, 842.402039, -2804.207031
+Viewer orient:
	0.560429, -0.000001, 0.828203,
	-0.219436, 0.964261, 0.148489,
	-0.798603, -0.264955, 0.540399
+SquadReassignName: 53rd Hammerheads
+SquadReassignLogo: hammer1.pcx


$Skybox Model: SpaceBox.pof

$AI Profile: FS2 RETAIL

#Command Briefing

#Briefing
$start_briefing
$num_stages: 3
$start_stage
$multi_text
 XSTR("Command has ordered the $w 53rd $w Hammerheads to secure an $h NTF depot in the $b Deneb asteroid belt. Six sentry guns are positioned around the depot, and rebel freighters are now moving the cargo out of the area. The $h NTF has gone through a lot of trouble to hide these materials.", 565)
$end_multi_text
$voice: SM102_MB_01.wav
$camera_pos: -2496.588135, 2794.064453, -2112.298828
$camera_orient:
	1.000000, 0.000000, 0.000012,
	-0.000012, 0.144192, 0.989550,
	-0.000002, -0.989550, 0.144192
$camera_time: 1000
$num_lines: 0
$num_icons: 5
$Flags: 0
$Formula: ( true ) 
$start_icon
$type: 3
$team: Neutral
$class: TAC 1
$pos: -2446.469971, 91.520447, -1748.889282
$label: Cargo
+id: 1
$hlight: 0
$mirror: 0
$multi_text
$end_multi_text
$end_icon
$start_icon
$type: 32
$team: Neutral
$class: GTSG Alastor
$pos: -2698.279297, -103.062302, -2122.899658
$label: Sentry Gun
+id: 2
$hlight: 0
$mirror: 0
$multi_text
$end_multi_text
$end_icon
$start_icon
$type: 32
$team: Neutral
$class: GTSG Alastor
$pos: -2695.819336, -117.493202, -1313.131836
$label: Sentry Gun
+id: 3
$hlight: 0
$mirror: 0
$multi_text
$end_multi_text
$end_icon
$start_icon
$type: 32
$team: Neutral
$class: GTSG Alastor
$pos: -2241.285645, 293.910736, -1432.643799
$label: Sentry Gun
+id: 4
$hlight: 0
$mirror: 0
$multi_text
$end_multi_text
$end_icon
$start_icon
$type: 32
$team: Neutral
$class: GTSG Alastor
$pos: -2195.576904, -97.647957, -2118.100830
$label: Sentry Gun
+id: 5
$hlight: 0
$mirror: 0
$multi_text
$end_multi_text
$end_icon
$end_stage
$start_stage
$multi_text
 XSTR("$f Alpha $f 1, your mission is to seek and destroy all targets of opportunity, including freighters, cargo, and sentry guns. $f Beta wing will scan the cargo. Recon sighted a wing of $h Lokis guarding the depot, so prioritize these bandits.", 566)
$end_multi_text
$voice: SM102_MB_02.wav
$camera_pos: -2802.504883, 3163.967285, -4188.106934
$camera_orient:
	0.999999, 0.000000, -0.001712,
	0.001335, 0.626273, 0.779603,
	0.001072, -0.779604, 0.626272
$camera_time: 500
$num_lines: 0
$num_icons: 7
$Flags: 0
$Formula: ( true ) 
$start_icon
$type: 3
$team: Neutral
$class: TAC 1
$pos: -2458.817383, 91.520416, -1865.778076
$label: Cargo
+id: 1
$hlight: 0
$mirror: 0
$multi_text
$end_multi_text
$end_icon
$start_icon
$type: 32
$team: Neutral
$class: GTSG Alastor
$pos: -2785.057129, -103.062248, -2174.260010
$label: Sentry Gun
+id: 2
$hlight: 0
$mirror: 0
$multi_text
$end_multi_text
$end_icon
$start_icon
$type: 32
$team: Neutral
$class: GTSG Alastor
$pos: -2797.346680, -117.492249, -1174.691162
$label: Sentry Gun
+id: 3
$hlight: 0
$mirror: 0
$multi_text
$end_multi_text
$end_icon
$start_icon
$type: 32
$team: Neutral
$class: GTSG Alastor
$pos: -2140.443604, 293.910675, -1553.614990
$label: Sentry Gun
+id: 4
$hlight: 0
$mirror: 0
$multi_text
$end_multi_text
$end_icon
$start_icon
$type: 32
$team: Neutral
$class: GTSG Alastor
$pos: -2100.183838, -97.648026, -2178.770020
$label: Sentry Gun
+id: 5
$hlight: 0
$mirror: 0
$multi_text
$end_multi_text
$end_icon
$start_icon
$type: 14
$team: Neutral
$class: GTFR Poseidon
$pos: -3798.427490, 295.728668, -2153.458984
$label: Capricorn
+id: 6
$hlight: 1
$mirror: 0
$multi_text
$end_multi_text
$end_icon
$start_icon
$type: 1
$team: Neutral
$class: GTF Loki
$pos: -1344.785645, -0.000392, -1041.898560
$label: Rebel Wing
+id: 7
$hlight: 1
$mirror: 0
$multi_text
$end_multi_text
$end_icon
$end_stage
$start_stage
$multi_text
 XSTR("Do not underestimate the importance of this mission, pilot. A depot raid won't win you any medals, but it can be just as vital as taking down a cruiser or corvette.  We must sever rebel supply lines if we want to achieve a decisive victory.", 567)
$end_multi_text
$voice: SM102_MB_03.wav
$camera_pos: -2802.504883, 3163.967285, -4188.106934
$camera_orient:
	0.999999, 0.000000, -0.001712,
	0.001335, 0.626273, 0.779603,
	0.001072, -0.779604, 0.626272
$camera_time: 500
$num_lines: 0
$num_icons: 7
$Flags: 0
$Formula: ( true ) 
$start_icon
$type: 3
$team: Neutral
$class: TAC 1
$pos: -2458.817383, 91.520416, -1865.778076
$label: Cargo
+id: 1
$hlight: 0
$mirror: 0
$multi_text
$end_multi_text
$end_icon
$start_icon
$type: 32
$team: Neutral
$class: GTSG Alastor
$pos: -2785.057129, -103.062248, -2174.260010
$label: Sentry Gun
+id: 2
$hlight: 0
$mirror: 0
$multi_text
$end_multi_text
$end_icon
$start_icon
$type: 32
$team: Neutral
$class: GTSG Alastor
$pos: -2797.346680, -117.492249, -1174.691162
$label: Sentry Gun
+id: 3
$hlight: 0
$mirror: 0
$multi_text
$end_multi_text
$end_icon
$start_icon
$type: 32
$team: Neutral
$class: GTSG Alastor
$pos: -2140.443604, 293.910675, -1553.614990
$label: Sentry Gun
+id: 4
$hlight: 0
$mirror: 0
$multi_text
$end_multi_text
$end_icon
$start_icon
$type: 32
$team: Neutral
$class: GTSG Alastor
$pos: -2100.183838, -97.648026, -2178.770020
$label: Sentry Gun
+id: 5
$hlight: 0
$mirror: 0
$multi_text
$end_multi_text
$end_icon
$start_icon
$type: 14
$team: Neutral
$class: GTFR Poseidon
$pos: -3798.427490, 295.728668, -2153.458984
$label: Capricorn
+id: 6
$hlight: 0
$mirror: 0
$multi_text
$end_multi_text
$end_icon
$start_icon
$type: 1
$team: Neutral
$class: GTF Loki
$pos: -1344.785645, -0.000392, -1041.898560
$label: Rebel Wing
+id: 7
$hlight: 0
$mirror: 0
$multi_text
$end_multi_text
$end_icon
$end_stage
$end_briefing

#Debriefing_info

$Num stages: 4

$Formula: ( not 
   ( has-departed-delay 0 "Unknown NTF" ) 
)
$Multi text
    XSTR("You did not have authorization to return to base, pilot. Your actions jeopardized the lives of those involved in this mission and the GTVA's objectives in this theatre. Desertion is grounds for a court martial, and you are confined to quarters pending your preliminary hearing. Until a military court decides otherwise, you are hereby stripped of your wings and all privileges bestowed upon you as an officer of the Galactic Terran-Vasudan Alliance.", 180)
$end_multi_text
$Voice: 1_JOE.wav
$Recommendation text:
    XSTR("", 10)
$end_multi_text

$Formula: ( has-departed-delay 0 "Unknown NTF" ) 
$Multi text
    XSTR("Command has issued no official explanation for Admiral Bosch's presence in the Deneb system. The hidden base and the shielded cargo units only compound the mystery of the admiral's agenda. Under the circumstances, there was nothing you could have done to stop the escape of Bosch's command frigate, designated the NTF Iceni.", 568)
$end_multi_text
$Voice: SM102_DB_01.wav
$Recommendation text:
    XSTR("", 10)
$end_multi_text

$Formula: ( is-goal-true-delay 
   "Destroy All Cargo" 
   0 
)
$Multi text
    XSTR("Intelligence has also learned the Neo-Terran Front is working on a secret project known only as ETAK, possibly a weapon of mass destruction. By destroying all cargo units in the depot, we disrupted Bosch's research.", 569)
$end_multi_text
$Voice: SM102_DB_02.wav
$Recommendation text:
    XSTR("", 10)
$end_multi_text

$Formula: ( has-departed-delay 0 "Capricorn 3" ) 
$Multi text
    XSTR("Three rebel freighters escaped the depot with shielded cargo. If they try to flee the system, our blockades will intercept them.", 570)
$end_multi_text
$Voice: SM102_DB_03.wav
$Recommendation text:
    XSTR("", 10)
$end_multi_text

#Alternate Types:
$Alt: Unknown
$Alt: NTF Loki
$Alt: NTFr Poseidon
$Alt: NTFr Triton
$Alt: NTSG Alastor

#end


#Players		;! 1 total

$Starting Shipname: Alpha 1
$Ship Choices: (
)

+Weaponry Pool: (
	"Subach HL-7"	12
	"Akheton SDG"	16
	"Rockeye"	140
	"Tempest"	1760
)

#Objects		;! 39 total

$Name: Alpha 1		;! Object #0
$Class: GTF Myrmidon
$Team: Friendly
$Location: -634.237610, 828.401428, -2775.651611
$Orientation:
	0.514198, 0.000000, 0.857671,
	-0.297531, 0.937900, 0.178378,
	-0.804410, -0.346905, 0.482267
$AI Behavior: None
$Cargo 1:  XSTR("Nothing", 13)
+Initial Velocity: 33
+Initial Hull: 100
+Subsystem: Pilot
+Primary Banks: ( "Subach HL-7" "Subach HL-7" )
+Secondary Banks: ( "Rockeye" "Rockeye" "Tempest" )
$Arrival Location: Hyperspace
$Arrival Cue: ( false ) 
$Departure Location: Hyperspace
$Departure Cue: ( false ) 
$Determination: 10
+Flags: ( "cargo-known" "player-start" )
+Flags2: ( )
+Respawn priority: 0
+Orders Accepted: 0		;! note that this is a bitfield!!!
+Group: 0
+Score: 12

$Name: TC 2 1		;! Object #1
$Class: TC 2
$Team: Neutral
$Location: -2620.150879, -0.000840, -1653.872314
$Orientation:
	1.000000, 0.000000, 0.000000,
	0.000000, 1.000000, 0.000000,
	0.000000, 0.000000, 1.000000
$AI Behavior: None
$Cargo 1:  XSTR("Unable To Scan", 571)
+Initial Hull: 100
+Initial Shields: 100
+Subsystem: Pilot
$Arrival Location: Hyperspace
$Arrival Cue: ( true ) 
$Departure Location: Hyperspace
$Departure Cue: ( false ) 
$Determination: 10
+Flags: ( "cargo-known" "protect-ship" "no-shields" )
+Flags2: ( )
+Respawn priority: 0
+Group: 0
+Score: 5

$Name: TC 2 2		;! Object #2
$Class: TC 2
$Team: Neutral
$Location: -2598.400879, -0.000837, -1399.954590
$Orientation:
	1.000000, 0.000000, 0.000000,
	0.000000, 1.000000, 0.000000,
	0.000000, 0.000000, 1.000000
$AI Behavior: None
$Cargo 1:  XSTR("Unable To Scan", 571)
+Initial Hull: 100
+Initial Shields: 100
+Subsystem: Pilot
$Arrival Location: Hyperspace
$Arrival Cue: ( true ) 
$Departure Location: Hyperspace
$Departure Cue: ( false ) 
$Determination: 10
+Flags: ( "cargo-known" "protect-ship" "no-shields" )
+Flags2: ( )
+Respawn priority: 0
+Group: 0
+Score: 5

$Name: TC 2 3		;! Object #3
$Class: TC 2
$Team: Neutral
$Location: -2399.022461, -0.000817, -2020.358154
$Orientation:
	1.000000, 0.000000, 0.000000,
	0.000000, 1.000000, 0.000000,
	0.000000, 0.000000, 1.000000
$AI Behavior: None
$Cargo 1:  XSTR("Unable To Scan", 571)
+Initial Hull: 100
+Initial Shields: 100
+Subsystem: Pilot
$Arrival Location: Hyperspace
$Arrival Cue: ( true ) 
$Departure Location: Hyperspace
$Departure Cue: ( false ) 
$Determination: 10
+Flags: ( "cargo-known" "protect-ship" "no-shields" )
+Flags2: ( )
+Respawn priority: 0
+Group: 0
+Score: 5

$Name: TC 2 4		;! Object #4
$Class: TC 2
$Team: Neutral
$Location: -2298.455566, -0.000783, -1512.003174
$Orientation:
	1.000000, 0.000000, 0.000000,
	0.000000, 1.000000, 0.000000,
	0.000000, 0.000000, 1.000000
$AI Behavior: None
$Cargo 1:  XSTR("Unable To Scan", 571)
+Initial Hull: 100
+Initial Shields: 100
+Subsystem: Pilot
$Arrival Location: Hyperspace
$Arrival Cue: ( true ) 
$Departure Location: Hyperspace
$Departure Cue: ( false ) 
$Determination: 10
+Flags: ( "cargo-known" "protect-ship" "no-shields" )
+Flags2: ( )
+Respawn priority: 0
+Group: 0
+Score: 5

$Name: TC 2 5		;! Object #5
$Class: TC 2
$Team: Neutral
$Location: -2401.229004, 166.585388, -1714.146729
$Orientation:
	1.000000, 0.000000, 0.000000,
	0.000000, 1.000000, 0.000000,
	0.000000, 0.000000, 1.000000
$AI Behavior: None
$Cargo 1:  XSTR("Unable To Scan", 571)
+Initial Hull: 100
+Initial Shields: 100
+Subsystem: Pilot
$Arrival Location: Hyperspace
$Arrival Cue: ( true ) 
$Departure Location: Hyperspace
$Departure Cue: ( false ) 
$Determination: 10
+Flags: ( "cargo-known" "protect-ship" "no-shields" )
+Flags2: ( )
+Respawn priority: 0
+Group: 0
+Score: 5

$Name: TAC 1 6		;! Object #6
$Class: TAC 1
$Team: Neutral
$Location: -2295.457520, -0.000811, -2018.799561
$Orientation:
	1.000000, 0.000000, 0.000000,
	0.000000, 1.000000, 0.000000,
	0.000000, 0.000000, 1.000000
$AI Behavior: None
$Cargo 1:  XSTR("Unable To Scan", 571)
+Initial Hull: 100
+Initial Shields: 100
+Subsystem: Pilot
$Arrival Location: Hyperspace
$Arrival Cue: ( true ) 
$Departure Location: Hyperspace
$Departure Cue: ( false ) 
$Determination: 10
+Flags: ( "cargo-known" "protect-ship" "no-shields" )
+Flags2: ( )
+Respawn priority: 0
+Group: 0
+Use Table Score:
+Score: 5

$Name: TAC 1 9		;! Object #7
$Class: TAC 1
$Team: Neutral
$Location: -2501.497070, -0.000806, -1717.152588
$Orientation:
	1.000000, 0.000000, 0.000000,
	0.000000, 1.000000, 0.000000,
	0.000000, 0.000000, 1.000000
$AI Behavior: None
$Cargo 1:  XSTR("Unable To Scan", 571)
+Initial Hull: 100
+Initial Shields: 100
+Subsystem: Pilot
$Arrival Location: Hyperspace
$Arrival Cue: ( true ) 
$Departure Location: Hyperspace
$Departure Cue: ( false ) 
$Determination: 10
+Flags: ( "cargo-known" "protect-ship" "no-shields" )
+Flags2: ( )
+Respawn priority: 0
+Group: 0
+Use Table Score:
+Score: 5

$Name: TAC 1 10		;! Object #8
$Class: TAC 1
$Team: Neutral
$Location: -2498.199219, 142.153198, -1413.031250
$Orientation:
	1.000000, 0.000000, 0.000000,
	0.000000, 1.000000, 0.000000,
	0.000000, 0.000000, 1.000000
$AI Behavior: None
$Cargo 1:  XSTR("Unable To Scan", 571)
+Initial Hull: 100
+Initial Shields: 100
+Subsystem: Pilot
$Arrival Location: Hyperspace
$Arrival Cue: ( true ) 
$Departure Location: Hyperspace
$Departure Cue: ( false ) 
$Determination: 10
+Flags: ( "cargo-known" "protect-ship" "no-shields" )
+Flags2: ( )
+Respawn priority: 0
+Group: 0
+Use Table Score:
+Score: 5

$Name: Alpha 2		;! Object #9
$Class: GTF Myrmidon
$Team: Friendly
$Location: -559.806580, 828.401428, -2897.782227
$Orientation:
	0.543629, 0.000000, 0.839326,
	-0.273890, 0.945259, 0.177398,
	-0.793380, -0.326321, 0.513870
$AI Behavior: None
$Cargo 1:  XSTR("Nothing", 13)
+Initial Velocity: 33
+Initial Hull: 100
+Subsystem: Pilot
+Primary Banks: ( "Subach HL-7" "Subach HL-7" )
+Secondary Banks: ( "Rockeye" "Rockeye" "Tempest" )
$Arrival Location: Hyperspace
$Arrival Cue: ( false ) 
$Departure Location: Hyperspace
$Departure Cue: ( false ) 
$Determination: 10
+Flags: ( "cargo-known" )
+Flags2: ( )
+Respawn priority: 0
+Orders Accepted: 0		;! note that this is a bitfield!!!
+Group: 0
+Score: 12
+Persona Index: 1

$Name: Alpha 3		;! Object #10
$Class: GTF Myrmidon
$Team: Friendly
$Location: -510.046814, 828.401550, -2703.550049
$Orientation:
	0.455158, 0.000000, 0.890411,
	-0.298065, 0.942307, 0.152364,
	-0.839040, -0.334750, 0.428899
$AI Behavior: None
$Cargo 1:  XSTR("Nothing", 13)
+Initial Velocity: 33
+Initial Hull: 100
+Subsystem: Pilot
+Primary Banks: ( "Subach HL-7" "Subach HL-7" )
+Secondary Banks: ( "Rockeye" "Rockeye" "Tempest" )
$Arrival Location: Hyperspace
$Arrival Cue: ( false ) 
$Departure Location: Hyperspace
$Departure Cue: ( false ) 
$Determination: 10
+Flags: ( "cargo-known" )
+Flags2: ( )
+Respawn priority: 0
+Orders Accepted: 0		;! note that this is a bitfield!!!
+Group: 0
+Score: 12
+Persona Index: 1

$Name: Sentry 03		;! Object #11
$Class: GTSG Alastor
$Alt: NTSG Alastor

$Team: Neutral
$Location: -2195.576904, -97.647957, -2118.100830
$Orientation:
	1.000000, 0.000000, 0.000000,
	0.000000, 1.000000, 0.000000,
	0.000000, 0.000000, 1.000000
$AI Behavior: None
+AI Class: Lieutenant
$Cargo 1:  XSTR("Nothing", 13)
+Initial Hull: 100
+Initial Shields: 100
+Subsystem: Pilot
+Subsystem: turret01a
+Subsystem: turret02a
$Arrival Location: Hyperspace
$Arrival Cue: ( true ) 
$Departure Location: Hyperspace
$Departure Cue: ( false ) 
$Determination: 10
+Flags: ( "cargo-known" "no-shields" )
+Flags2: ( )
+Respawn priority: 0
+Group: 0
+Score: 6

$Name: Sentry 01		;! Object #12
$Class: GTSG Alastor
$Alt: NTSG Alastor

$Team: Neutral
$Location: -2695.819336, -117.493202, -1313.131836
$Orientation:
	1.000000, 0.000000, 0.000000,
	0.000000, 1.000000, 0.000000,
	0.000000, 0.000000, 1.000000
$AI Behavior: None
+AI Class: Lieutenant
$Cargo 1:  XSTR("Nothing", 13)
+Initial Hull: 100
+Initial Shields: 100
+Subsystem: Pilot
+Subsystem: turret01a
+Subsystem: turret02a
$Arrival Location: Hyperspace
$Arrival Cue: ( true ) 
$Departure Location: Hyperspace
$Departure Cue: ( false ) 
$Determination: 10
+Flags: ( "cargo-known" "no-shields" )
+Flags2: ( )
+Respawn priority: 0
+Group: 0
+Score: 6

$Name: TAC 1 18		;! Object #13
$Class: TAC 1
$Team: Neutral
$Location: -2597.048828, -0.000651, -1920.144287
$Orientation:
	1.000000, 0.000000, 0.000000,
	0.000000, 1.000000, 0.000000,
	0.000000, 0.000000, 1.000000
$AI Behavior: None
$Cargo 1:  XSTR("Unable To Scan", 571)
+Initial Hull: 100
+Initial Shields: 100
+Subsystem: Pilot
$Arrival Location: Hyperspace
$Arrival Cue: ( true ) 
$Departure Location: Hyperspace
$Departure Cue: ( false ) 
$Determination: 10
+Flags: ( "cargo-known" "protect-ship" "no-shields" )
+Flags2: ( )
+Respawn priority: 0
+Group: 0
+Use Table Score:
+Score: 5

$Name: Sentry 04		;! Object #14
$Class: GTSG Alastor
$Alt: NTSG Alastor

$Team: Neutral
$Location: -2593.935547, 308.210693, -2021.959717
$Orientation:
	1.000000, 0.000000, 0.000000,
	0.000000, 1.000000, 0.000000,
	0.000000, 0.000000, 1.000000
$AI Behavior: None
+AI Class: Lieutenant
$Cargo 1:  XSTR("Nothing", 13)
+Initial Hull: 100
+Initial Shields: 100
+Subsystem: Pilot
+Subsystem: turret01a
+Subsystem: turret02a
$Arrival Location: Hyperspace
$Arrival Cue: ( true ) 
$Departure Location: Hyperspace
$Departure Cue: ( false ) 
$Determination: 10
+Flags: ( "cargo-known" "no-shields" )
+Flags2: ( )
+Respawn priority: 0
+Group: 0
+Score: 6

$Name: Sentry 02		;! Object #15
$Class: GTSG Alastor
$Alt: NTSG Alastor

$Team: Neutral
$Location: -2294.909180, 293.910339, -1421.125732
$Orientation:
	1.000000, 0.000000, 0.000000,
	0.000000, 1.000000, 0.000000,
	0.000000, 0.000000, 1.000000
$AI Behavior: None
+AI Class: Lieutenant
$Cargo 1:  XSTR("Nothing", 13)
+Initial Hull: 100
+Initial Shields: 100
+Subsystem: Pilot
+Subsystem: turret01a
+Subsystem: turret02a
$Arrival Location: Hyperspace
$Arrival Cue: ( true ) 
$Departure Location: Hyperspace
$Departure Cue: ( false ) 
$Determination: 10
+Flags: ( "cargo-known" "no-shields" )
+Flags2: ( )
+Respawn priority: 0
+Group: 0
+Score: 6

$Name: Unknown NTF		;! Object #16
$Class: NTF Boadicea
$Alt: Unknown

$Team: Neutral
$Location: 3826.043945, -0.000068, 2148.225830
$Orientation:
	0.789992, 0.000000, -0.613117,
	0.000000, 1.000000, 0.000000,
	0.613117, 0.000000, 0.789992
$AI Behavior: None
+AI Class: Lieutenant
$AI Goals: ( goals ( ai-play-dead 89 ) )
$Cargo 1:  XSTR("Nothing", 13)
+Initial Hull: 100
+Initial Shields: 100
+Subsystem: Pilot
+Subsystem: turret01
+Subsystem: turret02
+Subsystem: turret03
+Subsystem: turret04
+Subsystem: turret05
+Subsystem: turret06
+Primary Banks: ( "Terran Huge Turret" )
+Subsystem: turret07
+Subsystem: turret08
+Subsystem: turret09
+Subsystem: turret10
+Primary Banks: ( "Terran Huge Turret" )
+Subsystem: turret11
+Primary Banks: ( "Terran Turret" )
+Subsystem: turret12
+Subsystem: turret13
+Subsystem: turret14
+Subsystem: turret15
+Subsystem: turret16
+Sbank Ammo: ( 0 )
+Subsystem: turret17
+Subsystem: turret18
+Secondary Banks: ( "FighterKiller" )
+Sbank Ammo: ( 0 )
+Subsystem: turret19
+Subsystem: turret20
+Secondary Banks: ( "FighterKiller" )
+Sbank Ammo: ( 0 )
+Subsystem: turret21a
+Subsystem: turret22a
+Subsystem: turret23a
+Subsystem: turret24a
+Subsystem: turret25a
+Secondary Banks: ( "FighterKiller" )
+Sbank Ammo: ( 0 )
+Subsystem: turret26a
+Secondary Banks: ( "FighterKiller" )
+Sbank Ammo: ( 0 )
+Subsystem: turret27a
+Subsystem: turret28
+Subsystem: turret29
+Secondary Banks: ( "FighterKiller" )
+Sbank Ammo: ( 0 )
+Subsystem: turret30
+Subsystem: turret31
+Subsystem: turret32
+Secondary Banks: ( "FighterKiller" )
+Sbank Ammo: ( 0 )
+Subsystem: turret33
+Subsystem: turret34
+Subsystem: turret35
+Subsystem: turret36
+Subsystem: turret37
+Subsystem: turret38
+Subsystem: turret39
+Subsystem: turret40
$Arrival Location: Hyperspace
$Arrival Cue: ( and 
   ( is-event-true-delay "Em Sig" 2 ) 
   ( or 
      ( not 
         ( facing-waypoint 
            "Waypoint path 5" 
            40 
         )
      )
      ( is-event-true-delay "Em Sig" 30 ) 
   )
)
$Departure Location: Hyperspace
$Departure Cue: ( is-event-true-delay "Subspace" 2 ) 
$Determination: 10
+Flags: ( "cargo-known" "protect-ship" "no-shields" "no-arrival-warp" "hidden-from-sensors" "red-alert-carry" )
+Flags2: ( )
+Respawn priority: 0
+Orders Accepted: 1		;! note that this is a bitfield!!!
+Group: 0
+Score: 400

$Name: Capricorn 1		;! Object #17
$Class: GTFR Triton
$Alt: NTFr Triton

$Team: Neutral
$Location: -3346.466309, 110.668503, -1499.145752
$Orientation:
	-0.995492, 0.000002, -0.094852,
	-0.013700, -0.989518, 0.143758,
	-0.093857, 0.144409, 0.985057
$AI Behavior: None
$AI Goals: ( goals ( ai-waypoints-once "Waypoint path 1" 89 ) )
$Cargo 1:  XSTR("Nothing", 13)
+Initial Hull: 100
+Initial Shields: 100
+Subsystem: Pilot
+Subsystem: turret01
+Subsystem: turret02
$Arrival Location: Hyperspace
$Arrival Cue: ( true ) 
$Departure Location: Hyperspace
+Departure delay: 15
$Departure Cue: ( true ) 
$Determination: 10
+Flags: ( "cargo-known" "no-shields" "red-alert-carry" )
+Flags2: ( )
+Respawn priority: 0
+Orders Accepted: 257		;! note that this is a bitfield!!!
+Group: 0
+Use Table Score:
+Score: 20

$Name: TAC 1 47		;! Object #18
$Class: TAC 1
$Team: Neutral
$Location: -3352.394775, 97.033714, -1417.069214
$Orientation:
	0.995495, 0.000210, 0.094817,
	-0.093875, 0.142769, 0.985294,
	-0.013331, -0.989756, 0.142146
$AI Behavior: None
$Cargo 1:  XSTR("Fighter Parts", 573)
+Initial Hull: 100
+Initial Shields: 100
+Subsystem: Pilot
$Arrival Location: Hyperspace
$Arrival Cue: ( false ) 
$Departure Location: Hyperspace
$Departure Cue: ( false ) 
$Determination: 10
+Flags: ( "cargo-known" "protect-ship" "no-shields" )
+Flags2: ( )
+Respawn priority: 0
+Docked With: Capricorn 1
$Docker Point: Cargo Dock01
$Dockee Point: cargo dockpoint
+Group: 0
+Use Table Score:
+Score: 5

$Name: Capricorn 2		;! Object #19
$Class: GTFR Poseidon
$Alt: NTFr Poseidon

$Team: Neutral
$Location: -3173.178955, 15.132055, -2046.921265
$Orientation:
	-0.064716, -0.352272, 0.933658,
	-0.222067, 0.917243, 0.330686,
	-0.972883, -0.185935, -0.137588
$AI Behavior: None
$Cargo 1:  XSTR("Nothing", 13)
+Initial Velocity: 33
+Initial Hull: 100
+Initial Shields: 100
+Subsystem: Pilot
+Subsystem: turret01
+Subsystem: turret02
+Subsystem: turret03
+Subsystem: turret04
$Arrival Location: Hyperspace
$Arrival Cue: ( true ) 
$Departure Location: Hyperspace
+Departure delay: 12
$Departure Cue: ( true ) 
$Determination: 10
+Flags: ( "cargo-known" "no-shields" "red-alert-carry" )
+Flags2: ( )
+Respawn priority: 0
+Orders Accepted: 257		;! note that this is a bitfield!!!
+Group: 0
+Score: 20

$Name: TC 2 27		;! Object #20
$Class: TC 2
$Team: Neutral
$Location: -3164.530518, 0.105580, -2051.995850
$Orientation:
	-0.064718, -0.352273, 0.933658,
	-0.222069, 0.917243, 0.330686,
	-0.972882, -0.185936, -0.137591
$AI Behavior: None
$Cargo 1:  XSTR("Munitions", 572)
+Initial Hull: 100
+Initial Shields: 100
+Subsystem: Pilot
$Arrival Location: Hyperspace
$Arrival Cue: ( false ) 
$Departure Location: Hyperspace
$Departure Cue: ( false ) 
$Determination: 10
+Flags: ( "cargo-known" "protect-ship" "no-shields" )
+Flags2: ( )
+Respawn priority: 0
+Docked With: Capricorn 2
$Docker Point: cargo dock
$Dockee Point: cargo dock
+Group: 0
+Score: 5

$Name: Cancer 1		;! Object #21
$Class: GTF Loki
$Alt: NTF Loki

$Team: Neutral
$Location: -2099.699951, 0.000000, -1302.300049
$Orientation:
	-0.993165, 0.000000, 0.116722,
	-0.013779, 0.993008, -0.117240,
	-0.115906, -0.118046, -0.986221
$AI Behavior: None
+AI Class: Lieutenant
$AI Goals: ( goals ( ai-chase "Alpha 1" 89 ) )
$Cargo 1:  XSTR("Nothing", 13)
+Initial Hull: 100
+Subsystem: Pilot
+Secondary Banks: ( "Rockeye" )
$Arrival Location: Hyperspace
$Arrival Cue: ( false ) 
$Departure Location: Hyperspace
$Departure Cue: ( false ) 
$Determination: 10
+Flags: ( "cargo-known" )
+Flags2: ( )
+Respawn priority: 0
+Group: 0
+Score: 10

$Name: Cancer 2		;! Object #22
$Class: GTF Loki
$Alt: NTF Loki

$Team: Neutral
$Location: -2200.200928, -0.000040, -1200.130493
$Orientation:
	-0.999987, 0.000000, -0.005037,
	0.000533, 0.994390, -0.105774,
	0.005009, -0.105776, -0.994377
$AI Behavior: None
+AI Class: Lieutenant
$AI Goals: ( goals ( ai-guard "Capricorn 3" 50 ) ( ai-guard "Sentry 01" 50 ) ( ai-guard "Sentry 02" 50 ) ( ai-guard "Sentry 03" 50 ) ( ai-guard "Sentry 04" 50 ) )
$Cargo 1:  XSTR("Nothing", 13)
+Initial Hull: 100
+Subsystem: Pilot
+Secondary Banks: ( "Rockeye" )
$Arrival Location: Hyperspace
$Arrival Cue: ( false ) 
$Departure Location: Hyperspace
$Departure Cue: ( false ) 
$Determination: 10
+Flags: ( "cargo-known" )
+Flags2: ( )
+Respawn priority: 0
+Group: 0
+Score: 10

$Name: Capricorn 3		;! Object #23
$Class: GTFR Poseidon
$Alt: NTFr Poseidon

$Team: Neutral
$Location: -1787.599976, 619.130249, -1949.599976
$Orientation:
	0.358240, 0.000000, 0.933630,
	-0.207227, 0.975056, 0.079514,
	-0.910341, -0.221959, 0.349304
$AI Behavior: None
+AI Class: Lieutenant
$AI Goals: ( goals ( ai-dock "TC 2 5" "cargo dock" "cargo dock" 89 ) )
$Cargo 1:  XSTR("Nothing", 13)
+Initial Velocity: 33
+Initial Hull: 100
+Initial Shields: 100
+Subsystem: Pilot
+Subsystem: turret01
+Subsystem: turret02
+Subsystem: turret03
+Subsystem: turret04
$Arrival Location: Hyperspace
$Arrival Cue: ( true ) 
$Departure Location: Hyperspace
$Departure Cue: ( are-waypoints-done-delay 
   "Capricorn 3" 
   "Waypoint path 2" 
   0 
)
$Determination: 10
+Flags: ( "cargo-known" "no-shields" "red-alert-carry" )
+Flags2: ( )
+Respawn priority: 0
+Orders Accepted: 257		;! note that this is a bitfield!!!
+Group: 0
+Score: 20

$Name: Beta 1		;! Object #24
$Class: GTF Myrmidon
$Team: Friendly
$Location: -1098.800049, 891.099976, -3202.199951
$Orientation:
	0.752481, 0.000000, 0.658614,
	-0.226571, 0.938965, 0.258862,
	-0.618416, -0.344012, 0.706553
$AI Behavior: None
+AI Class: Coward
$Cargo 1:  XSTR("Nothing", 13)
+Initial Velocity: 33
+Initial Hull: 100
+Subsystem: Pilot
+Primary Banks: ( "Subach HL-7" "Subach HL-7" )
+Secondary Banks: ( "Rockeye" "Rockeye" "Tempest" )
$Arrival Location: Hyperspace
$Arrival Cue: ( false ) 
$Departure Location: Hyperspace
$Departure Cue: ( false ) 
$Determination: 10
+Flags: ( "cargo-known" )
+Flags2: ( )
+Respawn priority: 0
+Orders Accepted: 0		;! note that this is a bitfield!!!
+Group: 0
+Score: 12

$Name: Beta 2		;! Object #25
$Class: GTF Myrmidon
$Team: Friendly
$Location: -1100.863647, 891.099915, -3303.844727
$Orientation:
	0.774028, 0.000000, 0.633151,
	-0.210634, 0.943042, 0.257500,
	-0.597088, -0.332675, 0.729941
$AI Behavior: None
+AI Class: Coward
$Cargo 1:  XSTR("Nothing", 13)
+Initial Velocity: 33
+Initial Hull: 100
+Subsystem: Pilot
+Primary Banks: ( "Subach HL-7" "Subach HL-7" )
+Secondary Banks: ( "Rockeye" "Rockeye" "Tempest" )
$Arrival Location: Hyperspace
$Arrival Cue: ( false ) 
$Departure Location: Hyperspace
$Departure Cue: ( false ) 
$Determination: 10
+Flags: ( "cargo-known" )
+Flags2: ( )
+Respawn priority: 0
+Orders Accepted: 0		;! note that this is a bitfield!!!
+Group: 0
+Score: 12
+Persona Index: 2

$Name: Beta 3		;! Object #26
$Class: GTF Myrmidon
$Team: Friendly
$Location: -985.929138, 891.099976, -3170.219727
$Orientation:
	0.717075, 0.000000, 0.696996,
	-0.234227, 0.941843, 0.240975,
	-0.656461, -0.336053, 0.675373
$AI Behavior: None
+AI Class: Coward
$Cargo 1:  XSTR("Nothing", 13)
+Initial Velocity: 33
+Initial Hull: 100
+Subsystem: Pilot
+Primary Banks: ( "Subach HL-7" "Subach HL-7" )
+Secondary Banks: ( "Rockeye" "Rockeye" "Tempest" )
$Arrival Location: Hyperspace
$Arrival Cue: ( false ) 
$Departure Location: Hyperspace
$Departure Cue: ( false ) 
$Determination: 10
+Flags: ( "cargo-known" )
+Flags2: ( )
+Respawn priority: 0
+Orders Accepted: 0		;! note that this is a bitfield!!!
+Group: 0
+Score: 12

$Name: Aries 1		;! Object #27
$Class: GTF Loki
$Alt: NTF Loki

$Team: Neutral
$Location: -1699.500000, 0.000000, -1286.199951
$Orientation:
	-0.520663, 0.000000, 0.853762,
	0.169590, 0.980073, 0.103424,
	-0.836749, 0.198638, -0.510288
$AI Behavior: None
+AI Class: Lieutenant
$Cargo 1:  XSTR("Nothing", 13)
+Initial Velocity: 33
+Initial Hull: 100
+Subsystem: Pilot
$Arrival Location: Hyperspace
$Arrival Cue: ( false ) 
$Departure Location: Hyperspace
$Departure Cue: ( false ) 
$Determination: 10
+Flags: ( "cargo-known" )
+Flags2: ( )
+Respawn priority: 0
+Group: 0
+Score: 10

$Name: Aries 2		;! Object #28
$Class: GTF Loki
$Alt: NTF Loki

$Team: Neutral
$Location: -1685.127930, 0.000063, -1403.373169
$Orientation:
	-0.398107, 0.000000, 0.917339,
	0.191449, 0.977980, 0.083085,
	-0.897139, 0.208700, -0.389340
$AI Behavior: None
+AI Class: Lieutenant
$Cargo 1:  XSTR("Nothing", 13)
+Initial Velocity: 33
+Initial Hull: 100
+Subsystem: Pilot
$Arrival Location: Hyperspace
$Arrival Cue: ( false ) 
$Departure Location: Hyperspace
$Departure Cue: ( false ) 
$Determination: 10
+Flags: ( "cargo-known" )
+Flags2: ( )
+Respawn priority: 0
+Group: 0
+Score: 10

$Name: Aquarius 1		;! Object #29
$Class: GTF Loki
$Alt: NTF Loki

$Team: Neutral
$Location: -2088.858643, 0.000187, -557.272827
$Orientation:
	-0.520663, 0.000000, 0.853762,
	0.169590, 0.980073, 0.103424,
	-0.836749, 0.198638, -0.510288
$AI Behavior: None
+AI Class: Lieutenant
$Cargo 1:  XSTR("Nothing", 13)
+Initial Velocity: 33
+Initial Hull: 100
+Subsystem: Pilot
$Arrival Location: Hyperspace
$Arrival Cue: ( false ) 
$Departure Location: Hyperspace
$Departure Cue: ( false ) 
$Determination: 10
+Flags: ( "cargo-known" )
+Flags2: ( )
+Respawn priority: 0
+Group: 0
+Score: 10

$Name: Aquarius 2		;! Object #30
$Class: GTF Loki
$Alt: NTF Loki

$Team: Neutral
$Location: -2074.486572, 0.000250, -674.445984
$Orientation:
	-0.398107, 0.000000, 0.917339,
	0.191449, 0.977980, 0.083085,
	-0.897139, 0.208700, -0.389340
$AI Behavior: None
+AI Class: Lieutenant
$Cargo 1:  XSTR("Nothing", 13)
+Initial Velocity: 33
+Initial Hull: 100
+Subsystem: Pilot
$Arrival Location: Hyperspace
$Arrival Cue: ( false ) 
$Departure Location: Hyperspace
$Departure Cue: ( false ) 
$Determination: 10
+Flags: ( "cargo-known" )
+Flags2: ( )
+Respawn priority: 0
+Group: 0
+Score: 10

$Name: Delta 1		;! Object #31
$Class: GTB Medusa
$Team: Friendly
$Location: 989.200012, 0.000000, 2186.199951
$Orientation:
	-0.013385, 0.000000, -0.999910,
	0.000000, 1.000000, 0.000000,
	0.999910, 0.000000, -0.013385
$AI Behavior: None
$Cargo 1:  XSTR("Nothing", 13)
+Initial Hull: 100
+Subsystem: Pilot
+Secondary Banks: ( "Stiletto II" "Stiletto II" "Stiletto II" )
+Subsystem: turret01a
$Arrival Location: Hyperspace
$Arrival Cue: ( false ) 
$Departure Location: Hyperspace
$Departure Cue: ( false ) 
$Determination: 10
+Flags: ( "cargo-known" )
+Flags2: ( )
+Respawn priority: 0
+Orders Accepted: 0		;! note that this is a bitfield!!!
+Group: 0
+Score: 12

$Name: Delta 2		;! Object #32
$Class: GTB Medusa
$Team: Friendly
$Location: 1042.634766, -174.602631, 1935.598022
$Orientation:
	0.076169, 0.000000, -0.997095,
	-0.062244, 0.998050, -0.004755,
	0.995150, 0.062426, 0.076021
$AI Behavior: None
$Cargo 1:  XSTR("Nothing", 13)
+Initial Hull: 100
+Subsystem: Pilot
+Secondary Banks: ( "Stiletto II" "Stiletto II" "Stiletto II" )
+Subsystem: turret01a
$Arrival Location: Hyperspace
$Arrival Cue: ( false ) 
$Departure Location: Hyperspace
$Departure Cue: ( false ) 
$Determination: 10
+Flags: ( "cargo-known" )
+Flags2: ( )
+Respawn priority: 0
+Orders Accepted: 0		;! note that this is a bitfield!!!
+Group: 0
+Score: 12

$Name: Pisces 1		;! Object #33
$Class: GTF Loki
$Alt: NTF Loki

$Team: Neutral
$Location: 2980.965576, -0.000102, 2594.276855
$Orientation:
	-0.538201, 0.000000, -0.842817,
	0.000000, 1.000000, 0.000000,
	0.842817, 0.000000, -0.538201
$AI Behavior: None
$AI Goals: ( goals ( ai-chase "Alpha 1" 89 ) )
$Cargo 1:  XSTR("Nothing", 13)
+Initial Velocity: 33
+Initial Hull: 100
+Subsystem: Pilot
+Secondary Banks: ( "Rockeye" )
$Arrival Location: Hyperspace
$Arrival Cue: ( false ) 
$Departure Location: Hyperspace
$Departure Cue: ( false ) 
$Determination: 10
+Flags: ( "cargo-known" )
+Flags2: ( )
+Respawn priority: 0
+Group: 0
+Score: 10

$Name: Pisces 2		;! Object #34
$Class: GTF Loki
$Alt: NTF Loki

$Team: Neutral
$Location: 2909.407227, -0.000123, 2513.809082
$Orientation:
	-0.441562, 0.000000, -0.897231,
	0.000000, 1.000000, 0.000000,
	0.897231, 0.000000, -0.441562
$AI Behavior: None
+AI Class: Lieutenant
$AI Goals: ( goals ( ai-guard "Unknown NTF" 50 ) )
$Cargo 1:  XSTR("Nothing", 13)
+Initial Velocity: 33
+Initial Hull: 100
+Subsystem: Pilot
+Secondary Banks: ( "Rockeye" )
$Arrival Location: Hyperspace
$Arrival Cue: ( false ) 
$Departure Location: Hyperspace
$Departure Cue: ( false ) 
$Determination: 10
+Flags: ( "cargo-known" )
+Flags2: ( )
+Respawn priority: 0
+Group: 0
+Score: 10

$Name: Pisces 3		;! Object #35
$Class: GTF Loki
$Alt: NTF Loki

$Team: Neutral
$Location: 3087.387939, -0.000090, 2448.096191
$Orientation:
	-0.464240, 0.000000, -0.885709,
	0.000000, 1.000000, 0.000000,
	0.885709, 0.000000, -0.464240
$AI Behavior: None
+AI Class: Lieutenant
$AI Goals: ( goals ( ai-guard "Unknown NTF" 50 ) )
$Cargo 1:  XSTR("Nothing", 13)
+Initial Velocity: 33
+Initial Hull: 100
+Subsystem: Pilot
+Secondary Banks: ( "Rockeye" )
$Arrival Location: Hyperspace
$Arrival Cue: ( false ) 
$Departure Location: Hyperspace
$Departure Cue: ( false ) 
$Determination: 10
+Flags: ( "cargo-known" )
+Flags2: ( )
+Respawn priority: 0
+Group: 0
+Score: 10

$Name: Virgo 1		;! Object #36
$Class: GTF Loki
$Alt: NTF Loki

$Team: Neutral
$Location: 3166.877686, -0.000012, 2836.080566
$Orientation:
	-0.777264, 0.000000, -0.629174,
	0.000000, 1.000000, 0.000000,
	0.629174, 0.000000, -0.777264
$AI Behavior: None
+AI Class: Lieutenant
$Cargo 1:  XSTR("Nothing", 13)
+Initial Velocity: 33
+Initial Hull: 100
+Subsystem: Pilot
+Secondary Banks: ( "Rockeye" )
$Arrival Location: Hyperspace
$Arrival Cue: ( false ) 
$Departure Location: Hyperspace
$Departure Cue: ( false ) 
$Determination: 10
+Flags: ( "cargo-known" )
+Flags2: ( )
+Respawn priority: 0
+Group: 0
+Score: 10

$Name: Virgo 2		;! Object #37
$Class: GTF Loki
$Alt: NTF Loki

$Team: Neutral
$Location: 3095.319336, -0.000033, 2755.612793
$Orientation:
	-0.701902, 0.000000, -0.712274,
	0.000000, 1.000000, 0.000000,
	0.712274, 0.000000, -0.701902
$AI Behavior: None
+AI Class: Lieutenant
$Cargo 1:  XSTR("Nothing", 13)
+Initial Velocity: 33
+Initial Hull: 100
+Subsystem: Pilot
+Secondary Banks: ( "Rockeye" )
$Arrival Location: Hyperspace
$Arrival Cue: ( false ) 
$Departure Location: Hyperspace
$Departure Cue: ( false ) 
$Determination: 10
+Flags: ( "cargo-known" )
+Flags2: ( )
+Respawn priority: 0
+Group: 0
+Score: 10

$Name: Virgo 3		;! Object #38
$Class: GTF Loki
$Alt: NTF Loki

$Team: Neutral
$Location: 3273.300049, 0.000000, 2689.899902
$Orientation:
	-0.769741, 0.000000, -0.638357,
	0.000000, 1.000000, 0.000000,
	0.638357, 0.000000, -0.769741
$AI Behavior: None
+AI Class: Lieutenant
$Cargo 1:  XSTR("Nothing", 13)
+Initial Velocity: 33
+Initial Hull: 100
+Subsystem: Pilot
+Secondary Banks: ( "Rockeye" )
$Arrival Location: Hyperspace
$Arrival Cue: ( false ) 
$Departure Location: Hyperspace
$Departure Cue: ( false ) 
$Determination: 10
+Flags: ( "cargo-known" )
+Flags2: ( )
+Respawn priority: 0
+Group: 0
+Score: 10

#Wings		;! 8 total

$Name: Alpha
$Waves: 1
$Wave Threshold: 0
$Special Ship: 0		;! Alpha 1

$Arrival Location: Hyperspace
$Arrival Cue: ( true ) 
$Departure Location: Hyperspace
$Departure Cue: ( false ) 
$Ships: (		;! 3 total
	"Alpha 1"
	"Alpha 2"
	"Alpha 3"
)
+Hotkey: 0
+Flags: ( )

$Name: Cancer
$Waves: 1
$Wave Threshold: 0
$Special Ship: 0		;! Cancer 1

$Arrival Location: Hyperspace
$Arrival Cue: ( true ) 
$Departure Location: Hyperspace
$Departure Cue: ( false ) 
$Ships: (		;! 2 total
	"Cancer 1"
	"Cancer 2"
)
+Flags: ( )

$Name: Beta
$Waves: 1
$Wave Threshold: 0
$Special Ship: 0		;! Beta 1

$Arrival Location: Hyperspace
$Arrival Cue: ( true ) 
$Departure Location: Hyperspace
$Departure Cue: ( false ) 
$Ships: (		;! 3 total
	"Beta 1"
	"Beta 2"
	"Beta 3"
)
+Hotkey: 1
+Flags: ( )
+Wave Delay Min: 10
+Wave Delay Max: 30

$Name: Aries
$Waves: 1
$Wave Threshold: 0
$Special Ship: 0		;! Aries 1

$Arrival Location: Near Ship
+Arrival Distance: 1200
$Arrival Anchor: TC 2 5
$Arrival Cue: ( is-destroyed-delay 
   ( rand 8 16 ) 
   "Aquarius" 
)
$Departure Location: Hyperspace
$Departure Cue: ( false ) 
$Ships: (		;! 2 total
	"Aries 1"
	"Aries 2"
)
$AI Goals: ( goals ( ai-guard "Capricorn 3" 50 ) ( ai-guard "Sentry 01" 50 ) ( ai-guard "Sentry 02" 50 ) ( ai-guard "Sentry 03" 50 ) ( ai-guard "Sentry 04" 50 ) )
+Flags: ( )

$Name: Aquarius
$Waves: 1
$Wave Threshold: 0
$Special Ship: 0		;! Aquarius 1

$Arrival Location: Near Ship
+Arrival Distance: 1200
$Arrival Anchor: TC 2 5
$Arrival Cue: ( and 
   ( is-event-true-delay "Risk" 15 ) 
   ( is-destroyed-delay 2 "Cancer" ) 
)
$Departure Location: Hyperspace
$Departure Cue: ( false ) 
$Ships: (		;! 2 total
	"Aquarius 1"
	"Aquarius 2"
)
$AI Goals: ( goals ( ai-guard "Capricorn 3" 50 ) ( ai-guard "Sentry 04" 50 ) ( ai-guard "Sentry 03" 50 ) ( ai-guard "Sentry 02" 50 ) ( ai-guard "Sentry 01" 50 ) )
+Flags: ( )

$Name: Delta
$Waves: 1
$Wave Threshold: 0
$Special Ship: 0		;! Delta 1

$Arrival Location: Hyperspace
$Arrival Cue: ( is-event-true-delay "Destroy" 10 ) 
$Departure Location: Hyperspace
$Departure Cue: ( false ) 
$Ships: (		;! 2 total
	"Delta 1"
	"Delta 2"
)
$AI Goals: ( goals ( ai-destroy-subsystem "Unknown NTF" "comtowera" 89 ) ( ai-destroy-subsystem "Unknown NTF" "asteroid02a" 50 ) ( ai-destroy-subsystem "Unknown NTF" "fighterbaya" 50 ) ( ai-destroy-subsystem "Unknown NTF" "engine02a" 50 ) ( ai-destroy-subsystem "Unknown NTF" "asteroid01a" 50 ) )
+Flags: ( )

$Name: Pisces
$Waves: 1
$Wave Threshold: 0
$Special Ship: 0		;! Pisces 1

$Arrival Location: Near Ship
+Arrival Distance: 1816
$Arrival Anchor: Unknown NTF
$Arrival Cue: ( is-event-true-delay "Destroy" 13 ) 
$Departure Location: Hyperspace
$Departure Cue: ( false ) 
$Ships: (		;! 3 total
	"Pisces 1"
	"Pisces 2"
	"Pisces 3"
)
+Flags: ( "no-arrival-message" )

$Name: Virgo
$Waves: 1
$Wave Threshold: 0
$Special Ship: 0		;! Virgo 1

$Arrival Location: Near Ship
+Arrival Distance: 1816
$Arrival Anchor: Unknown NTF
$Arrival Cue: ( is-destroyed-delay 
   ( rand 8 14 ) 
   "Pisces" 
)
$Departure Location: Hyperspace
$Departure Cue: ( false ) 
$Ships: (		;! 3 total
	"Virgo 1"
	"Virgo 2"
	"Virgo 3"
)
$AI Goals: ( goals ( ai-guard "Unknown NTF" 89 ) )
+Flags: ( )

#Events		;! 70 total

$Formula: ( when 
   ( is-destroyed-delay 
      0 
      "Sentry 03" 
      "Sentry 01" 
      "Sentry 04" 
      "Sentry 02" 
   )
   ( do-nothing ) 
)
+Name: Destroy Sentries
+Repeat Count: 1
+Interval: 1
+Objective:  XSTR("Destroy Sentries", 574)
+Event Log Flags: ( "true" )

$Formula: ( when 
   ( is-destroyed-delay 0 "Cancer" ) 
   ( do-nothing ) 
)
+Name: Destroy Cancer
+Repeat Count: 1
+Interval: 1
+Objective:  XSTR("Destroy Cancer", 20)
+Event Log Flags: ( "true" )

$Formula: ( when 
   ( is-destroyed-delay 0 "Aquarius" ) 
   ( do-nothing ) 
)
+Name: Destroyed Aquarius
+Repeat Count: 1
+Interval: 1
+Objective:  XSTR("Destroy Aquarius", 103)

$Formula: ( when 
   ( is-destroyed-delay 0 "Aries" ) 
   ( do-nothing ) 
)
+Name: Destroyed Bandit
+Repeat Count: 1
+Interval: 1
+Objective:  XSTR("Destroy Aries", 14)

$Formula: ( when 
   ( is-event-true-delay "Destroy" 0 ) 
   ( do-nothing ) 
)
+Name: Dummy Destroy
+Repeat Count: 1
+Interval: 1

$Formula: ( when 
   ( is-destroyed-delay 0 "Unknown NTF" ) 
   ( do-nothing ) 
)
+Name: Destroy Installation
+Repeat Count: 1
+Interval: 1
+Chained: 4
+Objective:  XSTR("Destroy Installation", 575)

$Formula: ( when 
   ( is-destroyed-delay 0 "Pisces" ) 
