#Mission Info

$Version: 0.10
$Name:  XSTR("A Lion at the Door", 665)
$Author: Brad Johnson
$Created: 04/30/99 at 17:09:33
$Modified: 03/28/20 at 11:58:45
$Notes:
This is a FRED created mission
$End Notes:

$Mission Desc:
 XSTR("After the Shivans attack an allied warship in Capella, the 107th Ravens are deployed to secure a mysterious subspace portal in the Gamma Draconis system.", 666)
$end_multi_text
+Game Type Flags: 1
+Flags: 0
+Fog Near Mult: 1.000000

+Fog Far Mult: 1.000000

+Disallow Support: 0
+Hull Repair Ceiling: 0.000000
+Subsystem Repair Ceiling: 100.000000

+Player Entry Delay:
1.000000

+Viewer pos: 1254.405396, 1410.712646, -6986.888184
+Viewer orient:
	0.741170, 0.000000, 0.671317,
	-0.146547, 0.975882, 0.161795,
	-0.655126, -0.218297, 0.723295
+SquadReassignName: 107th Ravens
+SquadReassignLogo: ravens.pcx


$Skybox Model: Draconis.pof

$AI Profile: FS2 RETAIL

#Command Briefing

$Stage Text:
 XSTR("Shivan Attack

To the officers and crew of the $f GTD $f Aquitaine, this is $w Admiral $w Petrarch$|. At 0115 hours, we received a transmission from $f 3rd $f Fleet $f Headquarters. A Shivan cruiser and three fighter wings ambushed and destroyed the $f GTC $f Vigilant as it patrolled the $b Gamma $b Draconis jump node in the $b Capella system. 

Command deployed the $f GTD $f Carthage and $f GVCv $f Dahshor$|. Though these vessels neutralized the immediate threat, all allied units are now in a state of enhanced vigilance.", 667)
$end_multi_text
$Ani Filename: cb_sm1-04_a.ani
+Wave Filename: SM104_CB_01.wav

$Stage Text:
 XSTR("Gamma Draconis

Command has ordered the $f Aquitaine to spearhead the operation in $b Gamma $b Draconis as we investigate the origin and extent of this incursion.

$b Gamma $b Draconis is a remote, uninhabited system discovered shortly before the outbreak of the $y Great $y War$|. The system has no planets and no viable resources. The $f GTSC $f Erikson visited the system 15 years ago and reported nothing out of the ordinary.", 668)
$end_multi_text
$Ani Filename: cb_sm1-04_b.ani
+Wave Filename: SM104_CB_02.wav

$Stage Text:
 XSTR("A Subspace Portal?

Recon flights in $b Gamma $b Draconis detected activity near an uncharted jump node. Closer examination has revealed this node is not a natural phenomenon but a massive subspace portal of unknown origin.  

We do not know why the $f Erikson failed to detect the portal when it last visited the system. This device may have been inactive and therefore invisible to long-range sensors, or it may be of recent construction.", 669)
$end_multi_text
$Ani Filename: cb_sm1-04_c.ani
+Wave Filename: SM104_CB_03.wav

$Stage Text:
 XSTR("The Shivans

The Shivan vessels that destroyed the $f Vigilant were not of any class encountered in the Great War. The light cruiser, designated $Y Rakshasa, and the fighters, designated $y Mara, have been added to your on-board database.

This is our first contact with this species in over three decades. Our objectives are clear. We must secure $b Gamma $b Draconis or face annihilation a second time.", 670)
$end_multi_text
$Ani Filename: cb_sm1-04_d.ani
+Wave Filename: SM104_CB_04.wav

#Briefing
$start_briefing
$num_stages: 3
$start_stage
$multi_text
 XSTR("This is $w Lieutenant $w Samsa, squadron leader of the $w 107th $w Ravens$|. Here's the situation. The $f GTD $f Aquitaine entered $b Gamma $b Draconis at 1640. The flagship will defend the $b Capella node as we advance to secure the system. Recon discovered a Shivan supply depot near the subspace portal, and this will be our target.", 671)
$end_multi_text
$voice: SM104_MB_01.wav
$camera_pos: -86.083946, 6764.244141, -6756.065430
$camera_orient:
	1.000000, 0.000000, 0.000194,
	-0.000159, 0.574835, 0.818269,
	-0.000112, -0.818269, 0.574835
$camera_time: 800
$num_lines: 0
$num_icons: 1
$Flags: 0
$Formula: ( true ) 
$start_icon
$type: 26
$team: Friendly
$class: Knossos
$pos: 17.085402, 0.002919, -1916.059937
$label: Subspace Portal
+id: 1
$hlight: 0
$mirror: 0
$multi_text
$end_multi_text
$end_icon
$end_stage
$start_stage
$multi_text
 XSTR("Command believes the Shivans are preparing for a more aggressive attack on $b Capella$|. The $h SC $h Behemoth, a $y Rakshasa$|-class cruiser, guards the depot with a wing of $y Mara fighters. Enemy freighters are entering the system, dropping their cargo, and departing through the portal. Your mission, pilot, is to execute a clean sweep of the area.", 672)
$end_multi_text
$voice: SM104_MB_02.wav
$camera_pos: -1518.932495, 4444.805176, -2760.300781
$camera_orient:
	0.999990, 0.000000, 0.004542,
	-0.003717, 0.574835, 0.818261,
	-0.002611, -0.818269, 0.574829
$camera_time: 1200
$num_lines: 0
$num_icons: 3
$Flags: 0
$Formula: ( true ) 
$start_icon
$type: 26
$team: Friendly
$class: Knossos
$pos: -973.116699, 0.003097, 1007.387329
$label: Subspace Portal
+id: 2
$hlight: 0
$mirror: 0
$multi_text
$end_multi_text
$end_icon
$start_icon
$type: 18
$team: Hostile
$class: SC Rakshasa
$pos: -2017.270630, 0.004233, -283.093781
$label: Behemoth
+id: 3
$hlight: 0
$mirror: 1
$multi_text
$end_multi_text
$end_icon
$start_icon
$type: 1
$team: Hostile
$class: SF Mara
$pos: -2093.113770, -0.000542, 396.899445
$label: Virgo
+id: 4
$hlight: 0
$mirror: 0
$multi_text
$end_multi_text
$end_icon
$end_stage
$start_stage
$multi_text
 XSTR("Your primary target will be the $y Mara $h fighters. Once the escorts are down, destroy the $h Behemoth and any freighters in the vicinity. You'll need to hold down the fort until we deploy the $f Carthage and $f Dahshor$|. After you secure the area, we'll send wings $f Delta and $f Epsilon to relieve you.", 673)
$end_multi_text
$voice: SM104_MB_03.wav
$camera_pos: -1944.808105, 3833.736328, -1988.454834
$camera_orient:
	0.999998, 0.000000, -0.002221,
	0.001818, 0.574835, 0.818267,
	0.001277, -0.818269, 0.574834
$camera_time: 500
$num_lines: 0
$num_icons: 4
$Flags: 0
$Formula: ( true ) 
$start_icon
$type: 26
$team: Friendly
$class: Knossos
$pos: 1113.614990, 0.001185, -1760.339111
$label: Subspace Portal
+id: 1
$hlight: 0
$mirror: 0
$multi_text
$end_multi_text
$end_icon
$start_icon
$type: 26
$team: Friendly
$class: Knossos
$pos: -973.116699, 0.003097, 1007.387329
$label: Subspace Portal
+id: 2
$hlight: 0
$mirror: 0
$multi_text
$end_multi_text
$end_icon
$start_icon
$type: 1
$team: Friendly
$class: GTF Myrmidon
$pos: -2077.750977, 774.900635, -142.273376
$label: Delta
+id: 5
$hlight: 0
$mirror: 0
$multi_text
$end_multi_text
$end_icon
$start_icon
$type: 1
$team: Friendly
$class: GVF Serapis
$pos: -2905.743896, 774.901489, 196.635956
$label: Epsilon
+id: 6
$hlight: 0
$mirror: 0
$multi_text
$end_multi_text
$end_icon
$end_stage
$end_briefing

#Debriefing_info

$Num stages: 6

$Formula: ( and 
   ( not 
      ( is-destroyed-delay 0 "Carthage" ) 
   )
   ( not 
      ( is-destroyed-delay 0 "Dahshor" ) 
   )
   ( is-goal-true-delay "Secure Area" 0 ) 
   ( is-event-true-delay "Thanks" 0 ) 
)
$Multi text
    XSTR("You survived your first sortie against the Shivans. Though we had only a small opposing force to contend with, survival is half the battle. The C.O.s of both the Carthage and Dahshor commend our squadron for the outstanding cover we provided. The Shivan Cain cruiser and its complement of fighters might have destroyed these vessels had we not intervened. Well done, pilot.

A joint Terran-Vasudan task force, under the direction of Dr. Mina Hargrove, is now studying the subspace portal. We expect a preliminary report in a few hours.", 674)
$end_multi_text
$Voice: SM104_DB_01.wav
$Recommendation text:
    XSTR("", 10)
$end_multi_text

$Formula: ( and 
   ( not 
      ( is-destroyed-delay 0 "Dahshor" ) 
   )
   ( is-goal-true-delay "Secure Area" 0 ) 
   ( is-destroyed-delay 0 "Carthage" ) 
   ( is-event-true-delay 
      "Orion Destroyed" 
      0 
   )
)
$Multi text
    XSTR("You survived your first sortie against the Shivans. Though we had only a small opposing force to contend with, survival is half the battle. Tragically, the 10,000 men and women on board the Carthage were not so lucky. As a unit, we must accept the blame for this catastrophe. Had we fought harder, we could have saved that destroyer. A service for the dead will be held at 0100 hours on Deck 36.

A joint Terran-Vasudan task force, under the direction of Dr. Mina Hargrove, is now studying the subspace portal. We expect a preliminary report in a few hours.", 675)
$end_multi_text
$Voice: SM104_DB_02.wav
$Recommendation text:
    XSTR("Stay focused on the Shivan bombers.", 676)
$end_multi_text

$Formula: ( and 
   ( not 
      ( is-destroyed-delay 0 "Carthage" ) 
   )
   ( is-goal-true-delay "Secure Area" 0 ) 
   ( is-destroyed-delay 0 "Dahshor" ) 
   ( is-event-true-delay "Thanks" 0 ) 
)
$Multi text
    XSTR("You survived your first sortie against the Shivans. Though we had only a small opposing force to contend with, survival is half the battle. Tragically, the 6,000 Vasudan officers and crew on board the Dahshor were not so lucky. As a unit, we must accept the blame for this catastrophe. Had we fought harder, we could have saved that cruiser. A Vasudan service for the dead will be held at 0100 hours on Deck 36.

A joint Terran-Vasudan task force, under the direction of Dr. Mina Hargrove, is now studying the subspace portal. We expect a preliminary report in a few hours.", 677)
$end_multi_text
$Voice: SM104_DB_03.wav
$Recommendation text:
    XSTR("Stay focused on the Shivan bombers.", 676)
$end_multi_text

$Formula: ( and 
   ( not 
      ( is-event-true-delay "Thanks" 0 ) 
   )
   ( not 
      ( is-event-true-delay 
         "Orion Destroyed" 
         0 
      )
   )
)
$Multi text
    XSTR("You did not have authorization to return to base, pilot. Your actions jeopardized the lives of those involved in this mission and the GTVA's objectives in this theatre. Desertion is grounds for a court martial, and you are confined to quarters pending your preliminary hearing. Until a military court decides otherwise, you are hereby stripped of your wings and all privileges bestowed upon you as an officer of the Galactic Terran-Vasudan Alliance.", 180)
$end_multi_text
$Voice: 2_JOE.wav
$Recommendation text:
    XSTR("", 10)
$end_multi_text

$Formula: ( and 
   ( is-destroyed-delay 
      0 
      "Carthage" 
      "Dahshor" 
   )
   ( is-event-true-delay 
      "Orion Destroyed" 
      0 
   )
)
$Multi text
    XSTR("Over 16,000 Terrans and Vasudans perished in this engagement. That our squadron failed to stop this massacre is a disgrace. As officers and pilots of the 107th Ravens, our honor will be stained with the blood of our comrades. Had we fought harder, we could have saved the Carthage and the Dahshor.", 678)
$end_multi_text
$Voice: SM104_DB_04.wav
$Recommendation text:
    XSTR("Stay focused on the Shivan bombers.", 676)
$end_multi_text

$Formula: ( is-event-true-delay 
   "Allied Defense Citation" 
   0 
)
$Multi text
    XSTR("For preserving the systems of the Galactic Terran-Vasudan Alliance from Shivan invasion, you are hereby awarded the Allied Defense Citation.", 679)
$end_multi_text
$Voice: 2_ADC.wav
$Recommendation text:
    XSTR("", 10)
$end_multi_text

#Alternate Types:
$Alt: Subspace Portal
$Alt: Unknown

#end


#Players		;! 1 total

$Starting Shipname: Alpha 1
$Ship Choices: (
)

+Weaponry Pool: (
	"Subach HL-7"	8
	"Akheton SDG"	16
	"Prometheus R"	112
	"Rockeye"	300
	"Tempest"	800
	"Hornet"	1100
	"Harpoon"	292
)

#Objects		;! 51 total

$Name: Alpha 1		;! Object #0
$Class: GTF Hercules Mark II
$Team: Friendly
$Location: -64.199997, 774.900024, -2817.500000
$Orientation:
	0.792091, 0.000000, 0.610403,
	-0.143675, 0.971904, 0.186441,
	-0.593253, -0.235378, 0.769836
$AI Behavior: None
$Cargo 1:  XSTR("Nothing", 13)
+Initial Velocity: 100
+Initial Hull: 100
+Subsystem: Pilot
+Primary Banks: ( "Prometheus R" "Prometheus R" )
$Arrival Location: Hyperspace
$Arrival Cue: ( false ) 
$Departure Location: Hyperspace
$Departure Cue: ( false ) 
$Determination: 10
+Flags: ( "cargo-known" "player-start" )
+Flags2: ( )
+Respawn priority: 0
+Orders Accepted: 33023		;! note that this is a bitfield!!!
+Group: 0
+Use Table Score:
+Score: 12

$Name: Alpha 2		;! Object #1
$Class: GTF Hercules Mark II
$Team: Friendly
$Location: -165.537384, 774.900024, -2910.491699
$Orientation:
	0.817393, 0.000000, 0.576081,
	-0.135010, 0.972150, 0.191563,
	-0.560037, -0.234359, 0.794629
$AI Behavior: None
+AI Class: Colonel
$Cargo 1:  XSTR("Nothing", 13)
+Initial Velocity: 100
+Initial Hull: 100
+Subsystem: Pilot
+Primary Banks: ( "Prometheus R" "Prometheus R" )
$Arrival Location: Hyperspace
$Arrival Cue: ( false ) 
$Departure Location: Hyperspace
$Departure Cue: ( false ) 
$Determination: 10
+Flags: ( "cargo-known" )
+Flags2: ( )
+Respawn priority: 0
+Orders Accepted: 33023		;! note that this is a bitfield!!!
+Group: 0
+Use Table Score:
+Score: 12
+Persona Index: 2

$Name: Alpha 3		;! Object #2
$Class: GTF Hercules Mark II
$Team: Friendly
$Location: 40.053295, 774.900024, -2913.283936
$Orientation:
	0.787663, 0.000000, 0.616107,
	-0.139272, 0.974115, 0.178052,
	-0.600159, -0.226051, 0.767274
$AI Behavior: None
+AI Class: Colonel
$Cargo 1:  XSTR("Nothing", 13)
+Initial Velocity: 100
+Initial Hull: 100
+Subsystem: Pilot
+Primary Banks: ( "Prometheus R" "Prometheus R" )
$Arrival Location: Hyperspace
$Arrival Cue: ( false ) 
$Departure Location: Hyperspace
$Departure Cue: ( false ) 
$Determination: 10
+Flags: ( "cargo-known" )
+Flags2: ( )
+Respawn priority: 0
+Orders Accepted: 33023		;! note that this is a bitfield!!!
+Group: 0
+Use Table Score:
+Score: 12
+Persona Index: 1

$Name: Behemoth		;! Object #3
$Class: SC Rakshasa
$Team: Hostile
$Location: -2514.511475, 0.004129, -302.537720
$Orientation:
	0.417595, 0.000000, -0.908634,
	0.000000, 1.000000, 0.000000,
	0.908634, 0.000000, 0.417595
$AI Behavior: None
+AI Class: Lieutenant
$Cargo 1:  XSTR("Nothing", 13)
+Initial Hull: 100
+Initial Shields: 100
+Subsystem: Pilot
+Subsystem: turret01
+Subsystem: turret02
+Subsystem: turret03
+Subsystem: turret04
+Subsystem: turret05
+Subsystem: turret06
+Subsystem: turret07
+Subsystem: turret08
+Subsystem: turret09
+Primary Banks: ( "Shivan Turret Laser" )
+Subsystem: turret10
+Primary Banks: ( "SAAA" )
+Subsystem: turret11
+Subsystem: turret12
+Subsystem: turret13
+Subsystem: turret14
$Arrival Location: Hyperspace
$Arrival Cue: ( true ) 
$Departure Location: Hyperspace
$Departure Cue: ( false ) 
$Determination: 10
+Flags: ( "no-shields" "escort" )
+Flags2: ( )
+Respawn priority: 0
+Escort priority: 99
+Orders Accepted: 0		;! note that this is a bitfield!!!
+Group: 0
+Score: 150

$Name: SC 5 5		;! Object #4
$Class: SC 5
$Team: Hostile
$Location: -4700.072754, 245.180084, -494.667572
$Orientation:
	0.867819, 0.000000, 0.496880,
	0.000000, 1.000000, 0.000000,
	-0.496880, 0.000000, 0.867819
$AI Behavior: None
$Cargo 1:  XSTR("Warheads", 680)
+Initial Hull: 100
+Initial Shields: 100
+Subsystem: Pilot
$Arrival Location: Hyperspace
$Arrival Cue: ( true ) 
$Departure Location: Hyperspace
$Departure Cue: ( false ) 
$Determination: 10
+Flags: ( "protect-ship" "no-shields" )
+Flags2: ( )
+Respawn priority: 0
+Group: 0
+Score: 5

$Name: SC 5 6		;! Object #5
$Class: SC 5
$Team: Hostile
$Location: -4704.436523, 27.393778, -695.015198
$Orientation:
	0.983933, -0.019935, 0.177421,
	0.005371, 0.996602, 0.082188,
	-0.178457, -0.079915, 0.980697
$AI Behavior: None
$Cargo 1:  XSTR("Warheads", 680)
+Initial Hull: 100
+Initial Shields: 100
+Subsystem: Pilot
$Arrival Location: Hyperspace
$Arrival Cue: ( true ) 
$Departure Location: Hyperspace
$Departure Cue: ( false ) 
$Determination: 10
+Flags: ( "protect-ship" "no-shields" )
+Flags2: ( )
+Respawn priority: 0
+Group: 0
+Score: 5

$Name: SC 5 7		;! Object #6
$Class: SC 5
$Team: Hostile
$Location: -5003.811035, -115.426338, -307.124481
$Orientation:
	0.993357, 0.060332, -0.097989,
	-0.019342, 0.926963, 0.374655,
	0.113436, -0.370271, 0.921972
$AI Behavior: None
$Cargo 1:  XSTR("Shielding Components", 681)
+Initial Hull: 100
+Initial Shields: 100
+Subsystem: Pilot
$Arrival Location: Hyperspace
$Arrival Cue: ( true ) 
$Departure Location: Hyperspace
$Departure Cue: ( false ) 
$Determination: 10
+Flags: ( "protect-ship" "no-shields" )
+Flags2: ( )
+Respawn priority: 0
+Group: 0
+Score: 5

$Name: SAC 2 8		;! Object #7
$Class: SAC 2
$Team: Hostile
$Location: -4957.106934, 0.000261, -620.928040
$Orientation:
	0.826371, 0.554127, -0.100277,
	-0.537558, 0.829291, 0.152674,
	0.167760, -0.072260, 0.983176
$AI Behavior: None
$Cargo 1:  XSTR("Guidance Systems", 682)
+Initial Hull: 100
+Initial Shields: 100
+Subsystem: Pilot
$Arrival Location: Hyperspace
$Arrival Cue: ( true ) 
$Departure Location: Hyperspace
$Departure Cue: ( false ) 
$Determination: 10
+Flags: ( "protect-ship" "no-shields" )
+Flags2: ( )
+Respawn priority: 0
+Group: 0
+Score: 5

$Name: SAC 2 9		;! Object #8
$Class: SAC 2
$Team: Hostile
$Location: -4982.806152, 0.000395, -131.639679
$Orientation:
	1.000000, 0.000000, 0.000000,
	0.000000, 1.000000, 0.000000,
	0.000000, 0.000000, 1.000000
$AI Behavior: None
$Cargo 1:  XSTR("Sensor Arrays", 683)
+Initial Hull: 100
+Initial Shields: 100
+Subsystem: Pilot
$Arrival Location: Hyperspace
$Arrival Cue: ( true ) 
$Departure Location: Hyperspace
$Departure Cue: ( false ) 
$Determination: 10
+Flags: ( "protect-ship" "no-shields" )
+Flags2: ( )
+Respawn priority: 0
+Group: 0
+Score: 5

$Name: Semyaza		;! Object #9
$Class: ST Azrael
$Team: Hostile
$Location: -4782.398438, 32.867146, -555.116638
$Orientation:
	-0.152412, 0.000000, 0.988317,
	-0.074829, 0.997130, -0.011540,
	-0.985480, -0.075714, -0.151974
$AI Behavior: None
$Cargo 1:  XSTR("Shivan Personnel", 684)
+Initial Velocity: 33
+Initial Hull: 100
+Initial Shields: 100
+Subsystem: Pilot
+Subsystem: turret01a
+AI Class: Lieutenant
+Subsystem: turret02a
+Subsystem: turret03a
$Arrival Location: Hyperspace
$Arrival Cue: ( true ) 
$Departure Location: Hyperspace
$Departure Cue: ( false ) 
$Determination: 10
+Flags: ( "no-shields" "escort" )
+Flags2: ( )
+Respawn priority: 0
+Escort priority: 20
+Orders Accepted: 0		;! note that this is a bitfield!!!
+Group: 0
+Score: 10

$Name: Maul		;! Object #10
$Class: SFr Mephisto
$Team: Hostile
$Location: -1862.994995, 7.964116, 1173.637085
$Orientation:
	-0.817353, -0.203022, 0.539184,
	-0.184210, 0.978822, 0.089314,
	-0.545897, -0.026320, -0.837440
$AI Behavior: None
$AI Goals: ( goals ( ai-waypoints-once "Waypoint path 1" 89 ) )
$Cargo 1:  XSTR("Sentry Guns", 685)
+Initial Velocity: 33
+Initial Hull: 100
+Initial Shields: 100
+Subsystem: Pilot
+Subsystem: turret01
+Subsystem: turret02
+Subsystem: turret03
+Subsystem: turret04
$Arrival Location: Hyperspace
+Arrival Delay: 20
$Arrival Cue: ( true ) 
$Departure Location: Hyperspace
$Departure Cue: ( or 
   ( has-undocked-delay 
      "Maul" 
      "SC 5 11" 
      1 
      0 
   )
   ( is-destroyed-delay 0 "SC 5 11" ) 
)
$Determination: 10
+Flags: ( "no-shields" "escort" "special-warp" )
+Flags2: ( )
+Respawn priority: 0
+Escort priority: 20
+Orders Accepted: 0		;! note that this is a bitfield!!!
+Group: 0
+Use Table Score:
+Score: 30

$Name: SC 5 11		;! Object #11
$Class: SC 5
$Team: Hostile
$Location: -1859.308838, 18.202833, 1167.955566
$Orientation:
	0.545847, 0.026358, 0.837471,
	0.447699, 0.835690, -0.318105,
	-0.708251, 0.548571, 0.444357
$AI Behavior: None
$Cargo 1:  XSTR("Propulsion Units", 686)
+Initial Hull: 100
+Initial Shields: 100
+Subsystem: Pilot
$Arrival Location: Hyperspace
$Arrival Cue: ( false ) 
$Departure Location: Hyperspace
$Departure Cue: ( false ) 
$Determination: 10
+Flags: ( "no-shields" )
+Flags2: ( )
+Respawn priority: 0
+Docked With: Maul
$Docker Point: cargo dock01
$Dockee Point: cargo dock
+Group: 0
+Score: 5

$Name: Neqael		;! Object #12
$Class: SFr Asmodeus
$Team: Hostile
$Location: -1513.286987, -5.118590, 1016.291321
$Orientation:
	-0.833391, -0.424634, 0.353759,
	-0.453992, 0.891007, -0.000002,
	-0.315201, -0.160606, -0.935337
$AI Behavior: None
$AI Goals: ( goals ( ai-waypoints-once "Waypoint path 2" 89 ) )
$Cargo 1:  XSTR("Sentry Guns", 685)
+Initial Velocity: 33
+Initial Hull: 100
+Initial Shields: 100
+Subsystem: Pilot
+Subsystem: a-turret01
+Subsystem: a-turret02
+Primary Banks: ( "Shivan Light Laser" )
+Subsystem: a-turret03
+Subsystem: a-turret04
$Arrival Location: Hyperspace
$Arrival Cue: ( or 
   ( has-departed-delay 8 "Maul" ) 
   ( is-destroyed-delay 
      ( rand 5 10 ) 
      "Maul" 
   )
)
$Departure Location: Hyperspace
$Departure Cue: ( or 
   ( has-undocked-delay 
      "Neqael" 
      "SAC 2 14" 
      1 
      0 
   )
   ( is-destroyed-delay 0 "SAC 2 14" ) 
)
$Determination: 10
+Flags: ( "no-shields" "escort" "special-warp" )
+Flags2: ( )
+Respawn priority: 0
+Escort priority: 20
+Orders Accepted: 0		;! note that this is a bitfield!!!
+Group: 0
+Use Table Score:
+Score: 30

$Name: SAC 2 14		;! Object #13
$Class: SAC 2
$Team: Hostile
$Location: -1537.673462, -3.557441, 1014.665833
$Orientation:
	-0.536444, -0.782860, 0.315213,
	-0.782862, 0.601112, 0.160603,
	-0.315208, -0.160614, -0.935333
$AI Behavior: None
$Cargo 1:  XSTR("Sensor Arrays", 683)
+Initial Hull: 100
+Initial Shields: 100
+Subsystem: Pilot
$Arrival Location: Hyperspace
$Arrival Cue: ( false ) 
$Departure Location: Hyperspace
$Departure Cue: ( false ) 
$Determination: 10
+Flags: ( "no-shields" )
+Flags2: ( )
+Respawn priority: 0
+Docked With: Neqael
$Docker Point: cargo dock01
$Dockee Point: cargo dock01
+Group: 0
+Score: 5

$Name: Baraqel		;! Object #14
$Class: SFr Dis
$Team: Hostile
$Location: -1537.141479, 2.876926, 1281.666504
$Orientation:
	-0.814641, 0.121984, 0.566994,
	0.179181, 0.982740, 0.046015,
	-0.551594, 0.139080, -0.822435
$AI Behavior: None
$AI Goals: ( goals ( ai-waypoints-once "Waypoint path 3" 89 ) )
$Cargo 1:  XSTR("Sentry Guns", 685)
+Initial Hull: 100
+Initial Shields: 100
+Subsystem: Pilot
+Subsystem: turret01
+Subsystem: turret02
+Subsystem: turret03
+Subsystem: turret04
$Arrival Location: Hyperspace
$Arrival Cue: ( or 
   ( has-departed-delay 8 "Neqael" ) 
   ( is-destroyed-delay 
      ( rand 5 10 ) 
      "Neqael" 
   )
)
$Departure Location: Hyperspace
$Departure Cue: ( false ) 
$Determination: 10
+Flags: ( "no-shields" "escort" "special-warp" )
+Flags2: ( )
+Respawn priority: 0
+Escort priority: 20
+Orders Accepted: 0		;! note that this is a bitfield!!!
+Group: 0
+Score: 30

$Name: SC 5 16		;! Object #15
$Class: SAC 3
$Team: Hostile
$Location: -1629.201416, 29.175373, 1141.213623
$Orientation:
	0.814657, -0.121982, -0.566972,
	-0.185623, -0.981045, -0.055646,
	-0.549437, 0.150575, -0.821855
$AI Behavior: None
$Cargo 1:  XSTR("Missiles", 687)
+Initial Hull: 100
+Initial Shields: 100
+Subsystem: Pilot
$Arrival Location: Hyperspace
$Arrival Cue: ( false ) 
$Departure Location: Hyperspace
$Departure Cue: ( false ) 
$Determination: 10
+Flags: ( "no-shields" )
+Flags2: ( )
+Respawn priority: 0
+Docked With: Baraqel
$Docker Point: cargo dock01
$Dockee Point: cargo dockpoint
+Group: 0
+Score: 5

$Name: Virgo 1		;! Object #16
$Class: SF Mara
$Team: Hostile
$Location: -2594.758301, -0.001301, 29.064243
$Orientation:
	1.000000, 0.000000, 0.000000,
	0.000000, 1.000000, 0.000000,
	0.000000, 0.000000, 1.000000
$AI Behavior: None
$Cargo 1:  XSTR("Nothing", 13)
+Initial Hull: 100
+Subsystem: Pilot
+Secondary Banks: ( "Harpoon#Shivan" "Hornet#Weak#Shivan" )
$Arrival Location: Hyperspace
$Arrival Cue: ( false ) 
$Departure Location: Hyperspace
$Departure Cue: ( false ) 
$Determination: 10
+Flags: ( )
+Flags2: ( )
+Respawn priority: 0
+Orders Accepted: 0		;! note that this is a bitfield!!!
+Group: 0
+Use Table Score:
+Score: 12

$Name: Virgo 2		;! Object #17
$Class: SF Mara
$Team: Hostile
$Location: -2722.440918, -0.001238, 13.958778
$Orientation:
	1.000000, 0.000000, 0.000000,
	0.000000, 1.000000, 0.000000,
	0.000000, 0.000000, 1.000000
$AI Behavior: None
+AI Class: Lieutenant
$Cargo 1:  XSTR("Nothing", 13)
+Initial Hull: 100
+Subsystem: Pilot
+Secondary Banks: ( "Harpoon#Shivan" "Hornet#Weak#Shivan" )
$Arrival Location: Hyperspace
$Arrival Cue: ( false ) 
$Departure Location: Hyperspace
$Departure Cue: ( false ) 
$Determination: 10
+Flags: ( )
+Flags2: ( )
+Respawn priority: 0
+Orders Accepted: 0		;! note that this is a bitfield!!!
+Group: 0
+Use Table Score:
+Score: 12

$Name: Virgo 3		;! Object #18
$Class: SF Mara
$Team: Hostile
$Location: -2514.885986, -0.001222, -44.017174
$Orientation:
	1.000000, 0.000000, 0.000000,
	0.000000, 1.000000, 0.000000,
	0.000000, 0.000000, 1.000000
$AI Behavior: None
+AI Class: Lieutenant
$Cargo 1:  XSTR("Nothing", 13)
+Initial Hull: 100
+Subsystem: Pilot
+Secondary Banks: ( "Harpoon#Shivan" "Hornet#Weak#Shivan" )
$Arrival Location: Hyperspace
$Arrival Cue: ( false ) 
$Departure Location: Hyperspace
$Departure Cue: ( false ) 
$Determination: 10
+Flags: ( )
+Flags2: ( )
+Respawn priority: 0
+Orders Accepted: 0		;! note that this is a bitfield!!!
+Group: 0
+Use Table Score:
+Score: 12

$Name: Cancer 1		;! Object #19
$Class: SF Mara
$Team: Hostile
$Location: -1617.565918, -108.368813, 1324.957397
$Orientation:
	-0.920440, 0.000000, 0.390885,
	0.000000, 1.000000, 0.000000,
	-0.390885, 0.000000, -0.920440
$AI Behavior: None
+AI Class: Lieutenant
$Cargo 1:  XSTR("Nothing", 13)
+Initial Hull: 100
+Subsystem: Pilot
+Secondary Banks: ( "Harpoon#Shivan" "Hornet#Weak#Shivan" )
$Arrival Location: Hyperspace
$Arrival Cue: ( false ) 
$Departure Location: Hyperspace
$Departure Cue: ( false ) 
$Determination: 10
+Flags: ( "special-warp" )
+Flags2: ( )
+Respawn priority: 0
+Orders Accepted: 0		;! note that this is a bitfield!!!
+Group: 0
+Use Table Score:
+Score: 12

$Name: Cancer 2		;! Object #20
$Class: SF Mara
$Team: Hostile
$Location: -1522.866943, -165.351730, 1393.184204
$Orientation:
	-0.920440, 0.000000, 0.390885,
	0.000000, 1.000000, 0.000000,
	-0.390885, 0.000000, -0.920440
$AI Behavior: None
+AI Class: Lieutenant
$Cargo 1:  XSTR("Nothing", 13)
+Initial Hull: 100
+Subsystem: Pilot
+Secondary Banks: ( "Harpoon#Shivan" "Hornet#Weak#Shivan" )
$Arrival Location: Hyperspace
$Arrival Cue: ( false ) 
$Departure Location: Hyperspace
$Departure Cue: ( false ) 
$Determination: 10
+Flags: ( "special-warp" )
+Flags2: ( )
+Respawn priority: 0
+Orders Accepted: 0		;! note that this is a bitfield!!!
+Group: 0
+Use Table Score:
+Score: 12

$Name: Cancer 3		;! Object #21
$Class: SF Mara
$Team: Hostile
$Location: -1635.782715, -50.161594, 1524.540283
$Orientation:
	-0.920440, 0.000000, 0.390885,
	0.000000, 1.000000, 0.000000,
	-0.390885, 0.000000, -0.920440
$AI Behavior: None
+AI Class: Lieutenant
$Cargo 1:  XSTR("Nothing", 13)
+Initial Hull: 100
+Subsystem: Pilot
+Secondary Banks: ( "Harpoon#Shivan" "Hornet#Weak#Shivan" )
$Arrival Location: Hyperspace
$Arrival Cue: ( false ) 
$Departure Location: Hyperspace
$Departure Cue: ( false ) 
$Determination: 10
+Flags: ( "special-warp" )
+Flags2: ( )
+Respawn priority: 0
+Orders Accepted: 0		;! note that this is a bitfield!!!
+Group: 0
+Use Table Score:
+Score: 12

$Name: Carthage		;! Object #22
$Class: GTD Orion
$Team: Friendly
$Location: -838.751221, 863.894531, -6321.393066
$Orientation:
	0.886995, 0.000000, 0.461779,
	0.000000, 1.000000, 0.000000,
	-0.461779, 0.000000, 0.886995
$AI Behavior: None
$Cargo 1:  XSTR("Nothing", 13)
+Initial Velocity: 33
+Initial Hull: 100
+Initial Shields: 100
+Subsystem: Pilot
+Subsystem: turret01a
+Primary Banks: ( "Standard Flak" )
+Subsystem: turret02a
+Primary Banks: ( "Standard Flak" "Terran Huge Turret" "Terran Huge Turret" )
+Subsystem: turret03a
+Primary Banks: ( "Standard Flak" "Terran Huge Turret" "Terran Huge Turret" )
+Subsystem: turret04a
+Primary Banks: ( "Standard Flak" "Terran Huge Turret" "Terran Huge Turret" )
+Subsystem: turret05a
+Primary Banks: ( "Standard Flak" "Terran Huge Turret" "Terran Huge Turret" )
+Subsystem: turret06
+Subsystem: turret07
+Subsystem: turret08
+Subsystem: turret09
+Subsystem: turret10
+Subsystem: turret11
+Primary Banks: ( "Green Beam" )
+Subsystem: turret12
+Primary Banks: ( "" )
+Subsystem: turret13
+Subsystem: turret14
+Subsystem: turret15
+Subsystem: turret16
$Arrival Location: Hyperspace
$Arrival Cue: ( is-event-true-delay "Subspace" 8 ) 
$Departure Location: Hyperspace
$Departure Cue: ( false ) 
$Determination: 10
+Flags: ( "cargo-known" "no-shields" "escort" )
+Flags2: ( )
+Respawn priority: 0
+Escort priority: 98
+Orders Accepted: 0		;! note that this is a bitfield!!!
+Group: 0
+Use Table Score:
+Score: 1000
$Texture Replace:
+old: capital01-05
+new: GTD_Carthage

$Name: Dahshor		;! Object #23
$Class: GVCv Sobek
$Team: Friendly
$Location: -2283.676758, -241.764359, -2626.714355
$Orientation:
	0.777573, 0.000000, 0.628794,
	0.000000, 1.000000, 0.000000,
	-0.628794, 0.000000, 0.777573
$AI Behavior: None
$AI Goals: ( goals ( ai-waypoints-once "Waypoint path 4" 89 ) )
$Cargo 1:  XSTR("Nothing", 13)
+Initial Velocity: 33
+Initial Hull: 100
+Initial Shields: 100
+Subsystem: Pilot
+Subsystem: turret01
+Subsystem: turret02
+Subsystem: turret03
+Subsystem: turret04
+Subsystem: turret05
+Subsystem: turret06
+Subsystem: turret07
+Subsystem: turret08
+Subsystem: turret09
+Subsystem: turret10
+Subsystem: turret11
+Subsystem: turret12
+Subsystem: turret13
+Subsystem: turret14
+Subsystem: turret15
+Subsystem: turret16
+Subsystem: turret17
+Subsystem: turret18
+Subsystem: turret19
+Subsystem: turret20
+Subsystem: turret21
+Subsystem: turret22
$Arrival Location: Hyperspace
$Arrival Cue: ( has-arrived-delay 3 "Carthage" ) 
$Departure Location: Hyperspace
$Departure Cue: ( is-destroyed-delay 8 "Carthage" ) 
$Determination: 10
+Flags: ( "cargo-known" "no-shields" "escort" )
+Flags2: ( )
+Respawn priority: 0
+Escort priority: 97
+Orders Accepted: 0		;! note that this is a bitfield!!!
+Group: 0
+Use Table Score:
+Score: 400

$Name: Libra 1		;! Object #24
$Class: SF Astaroth
$Alt: Unknown

$Team: Hostile
$Location: -1203.199951, -84.606735, 707.200012
$Orientation:
	-0.772491, 0.000000, 0.635026,
	0.000002, 1.000000, 0.000003,
	-0.635026, 0.000003, -0.772491
$AI Behavior: None
$Cargo 1:  XSTR("Nothing", 13)
+Subsystem: Pilot
$Arrival Location: Hyperspace
$Arrival Cue: ( false ) 
$Departure Location: Hyperspace
$Departure Cue: ( false ) 
$Determination: 10
+Flags: ( "special-warp" )
+Flags2: ( )
+Respawn priority: 0
+Orders Accepted: 0		;! note that this is a bitfield!!!
+Group: 0
+Score: 12

$Name: Libra 2		;! Object #25
$Class: SF Astaroth
$Alt: Unknown

$Team: Hostile
$Location: -1203.473877, -46.150188, 805.809082
$Orientation:
	-0.801016, 0.000000, 0.598643,
	0.000002, 1.000000, 0.000003,
	-0.598643, 0.000003, -0.801016
$AI Behavior: None
$Cargo 1:  XSTR("Nothing", 13)
+Subsystem: Pilot
$Arrival Location: Hyperspace
$Arrival Cue: ( false ) 
$Departure Location: Hyperspace
$Departure Cue: ( false ) 
$Determination: 10
+Flags: ( "special-warp" )
+Flags2: ( )
+Respawn priority: 0
+Orders Accepted: 0		;! note that this is a bitfield!!!
+Group: 0
+Score: 12

$Name: Libra 3		;! Object #26
$Class: SF Astaroth
$Alt: Unknown

$Team: Hostile
$Location: -1102.714355, 20.762230, 697.087036
$Orientation:
	-0.731159, 0.000000, 0.682207,
	0.000002, 1.000000, 0.000002,
	-0.682207, 0.000003, -0.731159
$AI Behavior: None
$Cargo 1:  XSTR("Nothing", 13)
+Subsystem: Pilot
$Arrival Location: Hyperspace
$Arrival Cue: ( false ) 
$Departure Location: Hyperspace
$Departure Cue: ( false ) 
$Determination: 10
+Flags: ( "special-warp" )
+Flags2: ( )
+Respawn priority: 0
+Orders Accepted: 0		;! note that this is a bitfield!!!
+Group: 0
+Score: 12

$Name: Leo 1		;! Object #27
$Class: SF Astaroth
$Team: Hostile
$Location: -1404.758057, 277.892029, 1034.774536
$Orientation:
	-0.772491, 0.000000, 0.635026,
	0.000002, 1.000000, 0.000003,
	-0.635026, 0.000003, -0.772491
$AI Behavior: None
$Cargo 1:  XSTR("Nothing", 13)
+Subsystem: Pilot
$Arrival Location: Hyperspace
$Arrival Cue: ( false ) 
$Departure Location: Hyperspace
$Departure Cue: ( false ) 
$Determination: 10
+Flags: ( "special-warp" )
+Flags2: ( )
+Respawn priority: 0
+Orders Accepted: 0		;! note that this is a bitfield!!!
+Group: 0
+Score: 12

$Name: Leo 2		;! Object #28
$Class: SF Astaroth
$Team: Hostile
$Location: -1405.031982, 172.933701, 1133.383301
$Orientation:
	-0.801016, 0.000000, 0.598643,
	0.000002, 1.000000, 0.000003,
	-0.598643, 0.000003, -0.801016
$AI Behavior: None
$Cargo 1:  XSTR("Nothing", 13)
+Subsystem: Pilot
$Arrival Location: Hyperspace
$Arrival Cue: ( false ) 
$Departure Location: Hyperspace
$Departure Cue: ( false ) 
$Determination: 10
+Flags: ( "special-warp" )
+Flags2: ( )
+Respawn priority: 0
+Orders Accepted: 0		;! note that this is a bitfield!!!
+Group: 0
+Score: 12

$Name: Leo 3		;! Object #29
$Class: SF Astaroth
$Team: Hostile
$Location: -1304.272461, 277.892029, 1024.661499
$Orientation:
	-0.731159, 0.000000, 0.682207,
	0.000002, 1.000000, 0.000002,
	-0.682207, 0.000003, -0.731159
$AI Behavior: None
$Cargo 1:  XSTR("Nothing", 13)
+Subsystem: Pilot
$Arrival Location: Hyperspace
$Arrival Cue: ( false ) 
$Departure Location: Hyperspace
$Departure Cue: ( false ) 
$Determination: 10
+Flags: ( "special-warp" )
+Flags2: ( )
+Respawn priority: 0
+Orders Accepted: 0		;! note that this is a bitfield!!!
+Group: 0
+Score: 12

$Name: Aries 1		;! Object #30
$Class: SF Mara
$Team: Hostile
$Location: -1381.741089, 210.358307, 645.829834
$Orientation:
	-0.772491, 0.000000, 0.635026,
	0.000002, 1.000000, 0.000003,
	-0.635026, 0.000003, -0.772491
$AI Behavior: None
$Cargo 1:  XSTR("Nothing", 13)
+Initial Hull: 100
+Subsystem: Pilot
+Secondary Banks: ( "Harpoon#Shivan" "Harpoon#Weak#Shivan" )
$Arrival Location: Hyperspace
$Arrival Cue: ( false ) 
$Departure Location: Hyperspace
$Departure Cue: ( false ) 
$Determination: 10
+Flags: ( "special-warp" )
+Flags2: ( )
+Respawn priority: 0
+Orders Accepted: 0		;! note that this is a bitfield!!!
+Group: 0
+Use Table Score:
+Score: 12

$Name: Aries 2		;! Object #31
$Class: SF Mara
$Team: Hostile
$Location: -1382.015015, 252.569336, 744.438477
$Orientation:
	-0.801016, 0.000000, 0.598643,
	0.000002, 1.000000, 0.000003,
	-0.598643, 0.000003, -0.801016
$AI Behavior: None
$Cargo 1:  XSTR("Nothing", 13)
+Initial Hull: 100
+Subsystem: Pilot
+Secondary Banks: ( "Harpoon#Shivan" "Harpoon#Weak#Shivan" )
$Arrival Location: Hyperspace
$Arrival Cue: ( false ) 
$Departure Location: Hyperspace
$Departure Cue: ( false ) 
$Determination: 10
+Flags: ( "special-warp" )
+Flags2: ( )
+Respawn priority: 0
+Orders Accepted: 0		;! note that this is a bitfield!!!
+Group: 0
+Use Table Score:
+Score: 12

$Name: Aries 3		;! Object #32
$Class: SF Mara
$Team: Hostile
$Location: -1281.255493, 152.164093, 635.716797
$Orientation:
	-0.731159, 0.000000, 0.682207,
	0.000002, 1.000000, 0.000002,
	-0.682207, 0.000003, -0.731159
$AI Behavior: None
$Cargo 1:  XSTR("Nothing", 13)
+Initial Hull: 100
+Subsystem: Pilot
+Secondary Banks: ( "Harpoon#Shivan" "Harpoon#Weak#Shivan" )
$Arrival Location: Hyperspace
$Arrival Cue: ( false ) 
$Departure Location: Hyperspace
$Departure Cue: ( false ) 
$Determination: 10
+Flags: ( "special-warp" )
+Flags2: ( )
+Respawn priority: 0
+Orders Accepted: 0		;! note that this is a bitfield!!!
+Group: 0
+Use Table Score:
+Score: 12

$Name: Beta 1		;! Object #33
$Class: GTF Hercules Mark II
$Team: Friendly
$Location: -643.617065, 774.900085, -3327.709473
$Orientation:
	0.792091, 0.000000, 0.610403,
	-0.143675, 0.971904, 0.186441,
	-0.593253, -0.235378, 0.769836
$AI Behavior: None
+AI Class: Colonel
$Cargo 1:  XSTR("Nothing", 13)
+Initial Velocity: 100
+Initial Hull: 100
+Subsystem: Pilot
+Primary Banks: ( "Prometheus R" "Prometheus R" )
$Arrival Location: Hyperspace
$Arrival Cue: ( false ) 
$Departure Location: Hyperspace
$Departure Cue: ( false ) 
$Determination: 10
+Flags: ( "cargo-known" )
+Flags2: ( )
+Respawn priority: 0
+Orders Accepted: 33023		;! note that this is a bitfield!!!
+Group: 0
+Score: 10
+Persona Index: 0

$Name: Beta 2		;! Object #34
$Class: GTF Hercules Mark II
$Team: Friendly
$Location: -744.954407, 774.900085, -3420.701172
$Orientation:
	0.817393, 0.000000, 0.576081,
	-0.135010, 0.972150, 0.191563,
	-0.560037, -0.234359, 0.794629
$AI Behavior: None
+AI Class: Colonel
$Cargo 1:  XSTR("Nothing", 13)
+Initial Velocity: 100
+Initial Hull: 100
+Subsystem: Pilot
+Primary Banks: ( "Prometheus R" "Prometheus R" )
$Arrival Location: Hyperspace
$Arrival Cue: ( false ) 
$Departure Location: Hyperspace
$Departure Cue: ( false ) 
$Determination: 10
+Flags: ( "cargo-known" )
+Flags2: ( )
+Respawn priority: 0
+Orders Accepted: 33023		;! note that this is a bitfield!!!
+Group: 0
+Score: 10

$Name: Beta 3		;! Object #35
$Class: GTF Hercules Mark II
$Team: Friendly
$Location: -539.363770, 774.900085, -3423.493408
$Orientation:
	0.787663, 0.000000, 0.616107,
	-0.139272, 0.974115, 0.178052,
	-0.600159, -0.226051, 0.767274
$AI Behavior: None
+AI Class: Colonel
$Cargo 1:  XSTR("Nothing", 13)
+Initial Velocity: 100
+Initial Hull: 100
+Subsystem: Pilot
+Primary Banks: ( "Prometheus R" "Prometheus R" )
$Arrival Location: Hyperspace
$Arrival Cue: ( false ) 
$Departure Location: Hyperspace
$Departure Cue: ( false ) 
$Determination: 10
+Flags: ( "cargo-known" )
+Flags2: ( )
+Respawn priority: 0
+Orders Accepted: 33023		;! note that this is a bitfield!!!
+Group: 0
+Score: 10
+Persona Index: 4

$Name: Goliath		;! Object #36
$Class: SC Cain
$Team: Hostile
$Location: -1094.800049, 0.000000, 1152.500000
$Orientation:
	-0.364482, 0.000000, 0.931210,
	0.110959, 0.992876, 0.043430,
	-0.924576, 0.119156, -0.361885
$AI Behavior: None
$Cargo 1:  XSTR("Nothing", 13)
+Initial Velocity: 33
+Initial Hull: 100
+Initial Shields: 100
+Subsystem: Pilot
+Subsystem: turret01
+Subsystem: turret02
+Subsystem: turret03
+Subsystem: turret04
+Subsystem: turret05
+Subsystem: turret06
+Subsystem: turret07
+Subsystem: turret08
+Sbank Ammo: ( 0 )
+Subsystem: turret09
+Sbank Ammo: ( 0 )
$Arrival Location: Hyperspace
$Arrival Cue: ( percent-ships-destroyed 
   80 
   "Leo" 
   "Aries" 
   "Libra" 
)
$Departure Location: Hyperspace
$Departure Cue: ( false ) 
$Determination: 10
+Flags: ( "no-shields" "escort" "special-warp" )
+Flags2: ( )
+Respawn priority: 0
+Escort priority: 50
+Orders Accepted: 0		;! note that this is a bitfield!!!
+Group: 0
+Use Table Score:
+Score: 150

$Name: Aquarius 1		;! Object #37
$Class: SF Astaroth
$Team: Hostile
$Location: -1001.299988, -223.478882, 1003.799988
$Orientation:
	-0.286091, 0.000000, 0.958202,
	0.112011, 0.993144, 0.033443,
	-0.951633, 0.116897, -0.284129
$AI Behavior: None
$Cargo 1:  XSTR("Nothing", 13)
+Subsystem: Pilot
$Arrival Location: Hyperspace
$Arrival Cue: ( false ) 
$Departure Location: Hyperspace
$Departure Cue: ( false ) 
$Determination: 10
+Flags: ( "special-warp" )
+Flags2: ( )
+Respawn priority: 0
+Orders Accepted: 0		;! note that this is a bitfield!!!
+Group: 0
+Score: 12

$Name: Aquarius 2		;! Object #38
$Class: SF Astaroth
$Team: Hostile
$Location: -1099.241699, -376.201385, 905.010681
$Orientation:
	-0.253381, 0.000000, 0.967367,
	0.119951, 0.992283, 0.031419,
	-0.959901, 0.123998, -0.251425
$AI Behavior: None
$Cargo 1:  XSTR("Nothing", 13)
+Subsystem: Pilot
$Arrival Location: Hyperspace
$Arrival Cue: ( false ) 
$Departure Location: Hyperspace
$Departure Cue: ( false ) 
$Determination: 10
+Flags: ( "special-warp" )
+Flags2: ( )
+Respawn priority: 0
+Orders Accepted: 0		;! note that this is a bitfield!!!
+Group: 0
+Score: 12

$Name: Aquarius 3		;! Object #39
$Class: SF Astaroth
$Team: Hostile
$Location: -898.505798, -322.473114, 902.680176
$Orientation:
	-0.229474, 0.000000, 0.973315,
	0.109962, 0.993598, 0.025925,
	-0.967083, 0.112977, -0.228005
$AI Behavior: None
$Cargo 1:  XSTR("Nothing", 13)
+Subsystem: Pilot
$Arrival Location: Hyperspace
$Arrival Cue: ( false ) 
$Departure Location: Hyperspace
$Departure Cue: ( false ) 
$Determination: 10
+Flags: ( "special-warp" )
+Flags2: ( )
+Respawn priority: 0
+Orders Accepted: 0		;! note that this is a bitfield!!!
+Group: 0
+Score: 12

$Name: Aquarius 4		;! Object #40
$Class: SF Astaroth
$Team: Hostile
$Location: -1002.088135, -466.566864, 805.702148
$Orientation:
