#Mission Info

$Version: 0.10
$Name:  XSTR("The Sixth Wonder", 893)
$Author: Brad Johnson
$Created: 05/17/99 at 14:34:19
$Modified: 03/28/20 at 12:02:16
$Notes:
This is a FRED created mission
$End Notes:

$Mission Desc:
 XSTR("The 242nd Suicide Kings repel a rebel assault on Enif Station, the GTVA's base of operations in the Epsilon Pegasi system.", 894)
$end_multi_text
+Game Type Flags: 1
+Flags: 0
+Fog Near Mult: 1.000000

+Fog Far Mult: 1.000000

+Disallow Support: 0
+Hull Repair Ceiling: 0.000000
+Subsystem Repair Ceiling: 100.000000

+Player Entry Delay:
1.000000

+Viewer pos: 150.214539, 1723.710327, -1159.992432
+Viewer orient:
	0.999833, 0.000000, -0.018263,
	0.003614, 0.980219, 0.197886,
	0.017902, -0.197919, 0.980055
+SquadReassignName: 242nd Suicide Kings
+SquadReassignLogo: 242suicide.pcx


$Skybox Model: CloudBox.pof

$AI Profile: FS2 RETAIL

#Command Briefing

$Stage Text:
 XSTR("Enif Massacre

36 hours ago, the $h NTF launched a full-scale offensive in $b Epsilon $b Pegasi, taking the $y GTVA $f 6th $f Fleet by surprise. Commanding his forces from the $h NTD $h Repulse, $w Rear $w Admiral $w Koth leads the rebel advance. With 75 percent of our forces in this system decimated, the regional death toll since the incursion now exceeds 80,000.
 
Unless we act quickly, a decisive rebel victory is imminent.", 895)
$end_multi_text
$Ani Filename: cb_sm1-08_a.ani
+Wave Filename: SM108_CB_01.wav

$Stage Text:
 XSTR("Stalemate in Sirius

The $f GTD $f Aquitaine will lead the allied counterstrike against $w Koth and his warships. We will resupply in $b Capella before shipping out to the front. 

We have also learned our campaign in $b Sirius has failed. A two-pronged offensive launched from $b Alpha $b Centauri and $b Deneb encountered fierce resistance. Unless we can devise a military solution for dealing with the rebels, the $y GTVA will be forced to recognize the $h NTF's authority in $b Sirius, $b Regulus, and $b Polaris$|.", 896)
$end_multi_text
$Ani Filename: cb_sm1-08_b.ani
+Wave Filename: SM108_CB_02.wav

$Stage Text:
 XSTR("On the Vanguard

Allied engineers in the meantime are developing and adapting technologies that will enable us to fight more effectively in the nebula. $w Dr. $w Hargrove and her research team continue to study the subspace portal. Their findings have been classified level $b Phi$|.

Until the situation in $b Epsilon $b Pegasi has been normalized, the $y GTVA will suspend its operations in the nebula.", 897)
$end_multi_text
$Ani Filename: <default>
+Wave Filename: SM108_CB_03.wav

#Briefing
$start_briefing
$num_stages: 4
$start_stage
$multi_text
 XSTR("This is $w Lieutenant $w Commander $w Cordova, leader of the $w 242nd $w Suicide $w Kings$|. Welcome to $b Epsilon $b Pegasi, pilots. $f Enif $f Station, the Alliance's base of operations in this system, is now under attack. Though we have destroyed the $h NTC $h Outrage, the $h Cato continues to bombard the installation with heavy beam fire.", 898)
$end_multi_text
$voice: SM108_MB_01.wav
$camera_pos: -163.328064, 6031.839355, -3292.212402
$camera_orient:
	0.999980, 0.000000, 0.006383,
	-0.003830, 0.800016, 0.599967,
	-0.005107, -0.599979, 0.799999
$camera_time: 600
$num_lines: 0
$num_icons: 3
$Flags: 0
$Formula: ( true ) 
$start_icon
$type: 15
$team: Friendly
$class: GTI Arcadia
$pos: -60.619289, -0.000019, 4717.385742
$label: Enif Station
+id: 1
$hlight: 0
$mirror: 0
$multi_text
$end_multi_text
$end_icon
$start_icon
$type: 28
$team: Neutral
$class: GTCv Deimos
$pos: 2997.684814, -1126.800415, 6057.371094
$label: NTCv Hawkwood
+id: 2
$hlight: 0
$mirror: 0
$multi_text
$end_multi_text
$end_icon
$start_icon
$type: 18
$team: Neutral
$class: GTC Leviathan
$pos: -2824.985107, 498.099365, 5117.827637
$label: NTC Cato
+id: 3
$hlight: 0
$mirror: 1
$multi_text
$end_multi_text
$end_icon
$end_stage
$start_stage
$multi_text
 XSTR("Evacuation of civilian personnel on board $f Enif $f Station is now in progress. As you know, civilians are protected under the $w Beta $w Aquilae $w Convention, but the $h NTF has rejected that treaty and its provisions. Fortunately, most of the civilian convoy has jumped safely to the $b Capella jump node.", 899)
$end_multi_text
$voice: SM108_MB_02.wav
$camera_pos: -204.162872, 9520.066406, 3104.892822
$camera_orient:
	0.999980, 0.000000, 0.006383,
	-0.006260, 0.195584, 0.980667,
	-0.001249, -0.980687, 0.195580
$camera_time: 900
$num_lines: 0
$num_icons: 5
$Flags: 0
$Formula: ( true ) 
$start_icon
$type: 15
$team: Friendly
$class: GTI Arcadia
$pos: -60.619289, -0.000019, 4717.385742
$label: Enif Station
+id: 1
$hlight: 0
$mirror: 0
$multi_text
$end_multi_text
$end_icon
$start_icon
$type: 28
$team: Neutral
$class: GTCv Deimos
$pos: 2997.684814, -1126.800415, 6057.371094
$label: NTCv Hawkwood
+id: 2
$hlight: 0
$mirror: 0
$multi_text
$end_multi_text
$end_icon
$start_icon
$type: 18
$team: Neutral
$class: GTC Leviathan
$pos: -2935.769775, 498.099976, 5112.047363
$label: NTC Cato
+id: 3
$hlight: 0
$mirror: 1
$multi_text
$end_multi_text
$end_icon
$start_icon
$type: 11
$team: Friendly
$class: GTFR Triton
$pos: -758.383179, 245.899170, 6168.578613
$label: GTFr Calypso
+id: 4
$hlight: 0
$mirror: 1
$multi_text
$end_multi_text
$end_icon
$start_icon
$type: 34
$team: Friendly
$class: GTT Elysium
$pos: 1531.720825, -86.676392, 3848.659424
$label: GTT Mannheim
+id: 5
$hlight: 0
$mirror: 0
$multi_text
$end_multi_text
$end_icon
$end_stage
$start_stage
$multi_text
 XSTR("Your mission is to defend $f Enif $f Station$|. As leader of $f Alpha wing, you will command your squadmates to destroy the fighters and warships besieging our installation. If the rebels sortie their $y Zeus bombers, intercept the warheads before they impact the base. ", 900)
$end_multi_text
$voice: SM108_MB_03.wav
$camera_pos: -2978.636719, 3230.123779, 2776.869873
$camera_orient:
	0.999980, 0.000000, 0.006383,
	-0.006259, 0.195584, 0.980667,
	-0.001249, -0.980687, 0.195580
$camera_time: 800
$num_lines: 0
$num_icons: 7
$Flags: 0
$Formula: ( true ) 
$start_icon
$type: 15
$team: Friendly
$class: GTI Arcadia
$pos: -60.619289, -0.000019, 4717.385742
$label: Enif Station
+id: 1
$hlight: 0
$mirror: 0
$multi_text
$end_multi_text
$end_icon
$start_icon
$type: 28
$team: Neutral
$class: GTCv Deimos
$pos: 2997.684814, -1126.800415, 6057.371094
$label: NTCv Hawkwood
+id: 2
$hlight: 0
$mirror: 0
$multi_text
$end_multi_text
$end_icon
$start_icon
$type: 18
$team: Neutral
$class: GTC Leviathan
$pos: -2935.769775, 498.099976, 5112.047363
$label: NTC Cato
+id: 3
$hlight: 0
$mirror: 1
$multi_text
$end_multi_text
$end_icon
$start_icon
$type: 11
$team: Friendly
$class: GTFR Triton
$pos: -767.473816, 245.899841, 5670.544434
$label: GTFr Calypso
+id: 4
$hlight: 0
$mirror: 1
$multi_text
$end_multi_text
$end_icon
$start_icon
$type: 34
$team: Friendly
$class: GTT Elysium
$pos: 1531.720825, -86.676392, 3848.659424
$label: GTT Mannheim
+id: 5
$hlight: 0
$mirror: 0
$multi_text
$end_multi_text
$end_icon
$start_icon
$type: 17
$team: Neutral
$class: GTB Zeus
$pos: -3362.071045, -0.000053, 3771.628418
$label: Aries
+id: 6
$hlight: 0
$mirror: 0
$multi_text
$end_multi_text
$end_icon
$start_icon
$type: 17
$team: Neutral
$class: GTB Zeus
$pos: -2462.958252, 0.000090, 3145.079834
$label: Virgo
+id: 7
$hlight: 0
$mirror: 0
$multi_text
$end_multi_text
$end_icon
$end_stage
$start_stage
$multi_text
 XSTR("Allied forces are engaging the rebels throughout the system. As resources become available, they will be deployed to assist you. Until we get these reinforcements, however, holding down the fort is all up to you. This sortie will be the first combat field test of the $y Perseus intercept fighter, so let's put on a good show.", 901)
$end_multi_text
$voice: SM108_MB_04.wav
$camera_pos: -171.618362, 7990.074707, 2945.064209
$camera_orient:
	0.999980, -0.000001, 0.006382,
	-0.006259, 0.195584, 0.980667,
	-0.001249, -0.980687, 0.195580
$camera_time: 500
$num_lines: 0
$num_icons: 7
$Flags: 0
$Formula: ( true ) 
$start_icon
$type: 15
$team: Friendly
$class: GTI Arcadia
$pos: -60.619289, -0.000019, 4717.385742
$label: Enif Station
+id: 1
$hlight: 0
$mirror: 0
$multi_text
$end_multi_text
$end_icon
$start_icon
$type: 28
$team: Neutral
$class: GTCv Deimos
$pos: 2997.684814, -1126.800415, 6057.371094
$label: NTCv Hawkwood
+id: 2
$hlight: 0
$mirror: 0
$multi_text
$end_multi_text
$end_icon
$start_icon
$type: 18
$team: Neutral
$class: GTC Leviathan
$pos: -2935.769775, 498.099976, 5112.047363
$label: NTC Cato
+id: 3
$hlight: 0
$mirror: 1
$multi_text
$end_multi_text
$end_icon
$start_icon
$type: 11
$team: Friendly
$class: GTFR Triton
$pos: -954.659790, 245.900223, 5814.775391
$label: GTFr Calypso
+id: 4
$hlight: 0
$mirror: 1
$multi_text
$end_multi_text
$end_icon
$start_icon
$type: 34
$team: Friendly
$class: GTT Elysium
$pos: 1531.720825, -86.676392, 3848.659424
$label: GTT Mannheim
+id: 5
$hlight: 0
$mirror: 0
$multi_text
$end_multi_text
$end_icon
$start_icon
$type: 17
$team: Neutral
$class: GTB Zeus
$pos: -3362.071045, -0.000053, 3771.628418
$label: Aries
+id: 6
$hlight: 0
$mirror: 0
$multi_text
$end_multi_text
$end_icon
$start_icon
$type: 17
$team: Neutral
$class: GTB Zeus
$pos: -1732.345947, -0.002091, 3370.527588
$label: Virgo
+id: 7
$hlight: 0
$mirror: 0
$multi_text
$end_multi_text
$end_icon
$end_stage
$end_briefing

#Debriefing_info

$Num stages: 4

$Formula: ( is-destroyed-delay 0 "Enif Station" ) 
$Multi text
    XSTR("When you were selected for the 242nd Suicide Kings, you were singled out as a promising candidate for a command position. The officers who recommended you had faith in your potential to make an outstanding leader. Unfortunately, this assessment seems premature, at the very least.

I am disappointed in you, pilot. Though you probably fought well as an individual, you did not use your squadmates to the best advantage in this scenario. We lost Enif Station because you were placed in a situation you were ill-equipped to handle. That's not your fault. However, if you want to fly with a top-notch unit, you must learn the difference between doing an adequate job and going above and beyond the call of duty.", 902)
$end_multi_text
$Voice: SM108_DB_01.wav
$Recommendation text:
    XSTR("Destroy beam turrets on hostile warships, and intercept enemy bombers. Order your squadmates to attack or protect targets you cannot cover.", 903)
$end_multi_text

$Formula: ( and 
   ( not 
      ( is-destroyed-delay 0 "Enif Station" ) 
   )
   ( is-goal-true-delay 
      "Protect Installation" 
      0 
   )
)
$Multi text
    XSTR("In your courageous defense of Enif Station, you were eyewitness to an historic moment: the first combat deployment of the GTVA Colossus. 

You and your wing also showed us what the Perseus intercept fighter can do. Against overwhelming odds, you repelled an attack against a facility of the utmost strategic importance for the Alliance. 

The commander of Enif Station personally extends his gratitude, pilot. I can see you'll make a fine addition to the Suicide Kings.

The Alliance has won battle after battle throughout the system, crushing the NTC Rapier, the NTC Explorer, and the NTD Normandy. These victories have stalled the rebel advance, and now with the help of the Colossus, we will push them back into the Polaris system, securing Epsilon Pegasi once and for all.", 904)
$end_multi_text
$Voice: SM108_DB_02.wav
$Recommendation text:
    XSTR("", 10)
$end_multi_text

$Formula: ( and 
   ( not 
      ( is-event-true-delay 
         "Total Failure" 
         0 
      )
   )
   ( not 
      ( is-event-true-delay 
         "Primary Goal Complete" 
         0 
      )
   )
)
$Multi text
    XSTR("You did not have authorization to return to base, pilot. Your actions jeopardized the lives of those involved in this mission and the GTVA's objectives in this theatre. Desertion is grounds for a court martial, and you are confined to quarters pending your preliminary hearing. Until a military court decides otherwise, you are hereby stripped of your wings and all privileges bestowed upon you as an officer of the Galactic Terran-Vasudan Alliance.", 180)
$end_multi_text
$Voice: 3_JOE.wav
$Recommendation text:
    XSTR("", 10)
$end_multi_text

$Formula: ( is-event-true-delay 
   "Distinguished Flying Cross" 
   0 
)
$Multi text
    XSTR("For demonstrating exceptional skill in combat, you are hereby awarded the Distinguished Flying Cross.", 905)
$end_multi_text
$Voice: 3_DFC.wav
$Recommendation text:
    XSTR("", 10)
$end_multi_text

#Alternate Types:
$Alt: NTC Leviathan
$Alt: NTCv Deimos
$Alt: NTF Hercules
$Alt: NTF Loki
$Alt: NTB Zeus

#end


#Players		;! 1 total

$Starting Shipname: Alpha 1
$Ship Choices: (
)

+Weaponry Pool: (
	"Subach HL-7"	19
	"Akheton SDG"	16
	"Prometheus R"	25
	"Rockeye"	150
	"Tempest"	1280
	"Hornet"	690
	"Harpoon"	348
	"Stiletto II"	100
)

#Objects		;! 38 total

$Name: Alpha 1		;! Object #0
$Class: GTF Perseus
$Team: Friendly
$Location: -176.834778, 643.699524, 1704.721558
$Orientation:
	0.999917, 0.000000, 0.012859,
	-0.001738, 0.990820, 0.135177,
	-0.012741, -0.135188, 0.990738
$AI Behavior: None
$Cargo 1:  XSTR("Nothing", 13)
+Initial Velocity: 100
+Initial Hull: 100
+Subsystem: Pilot
+Primary Banks: ( "Prometheus R" "Subach HL-7" )
+Secondary Banks: ( "Tempest" "Hornet" )
$Arrival Location: Hyperspace
$Arrival Cue: ( false ) 
$Departure Location: Hyperspace
$Departure Cue: ( false ) 
$Determination: 10
+Flags: ( "cargo-known" "player-start" )
+Flags2: ( )
+Respawn priority: 0
+Group: 0
+Score: 12

$Name: Alpha 2		;! Object #1
$Class: GTF Perseus
$Team: Friendly
$Location: -280.681763, 643.699524, 1607.055908
$Orientation:
	0.999960, 0.000000, -0.008967,
	0.001188, 0.991183, 0.132495,
	0.008888, -0.132500, 0.991143
$AI Behavior: None
$Cargo 1:  XSTR("Nothing", 13)
+Initial Velocity: 100
+Initial Hull: 100
+Subsystem: Pilot
+Primary Banks: ( "Prometheus R" "Subach HL-7" )
+Secondary Banks: ( "Tempest" "Hornet" )
$Arrival Location: Hyperspace
$Arrival Cue: ( false ) 
$Departure Location: Hyperspace
$Departure Cue: ( false ) 
$Determination: 10
+Flags: ( "cargo-known" )
+Flags2: ( )
+Respawn priority: 0
+Group: 0
+Score: 12
+Persona Index: 0

$Name: Alpha 3		;! Object #2
$Class: GTF Perseus
$Team: Friendly
$Location: -77.932739, 643.699524, 1607.055786
$Orientation:
	0.999451, 0.000000, 0.033121,
	-0.004386, 0.991192, 0.132361,
	-0.032829, -0.132434, 0.990648
$AI Behavior: None
$Cargo 1:  XSTR("Nothing", 13)
+Initial Velocity: 100
+Initial Hull: 100
+Subsystem: Pilot
+Primary Banks: ( "Prometheus R" "Subach HL-7" )
+Secondary Banks: ( "Tempest" "Hornet" )
$Arrival Location: Hyperspace
$Arrival Cue: ( false ) 
$Departure Location: Hyperspace
$Departure Cue: ( false ) 
$Determination: 10
+Flags: ( "cargo-known" )
+Flags2: ( )
+Respawn priority: 0
+Group: 0
+Score: 12
+Persona Index: 0

$Name: Cato		;! Object #3
$Class: GTC Leviathan
$Alt: NTC Leviathan

$Team: Neutral
$Location: -2286.986816, 498.098938, 5042.710449
$Orientation:
	-0.354304, 0.000000, -0.935130,
	0.187516, 0.979689, -0.071046,
	0.916137, -0.200524, -0.347108
$AI Behavior: None
$AI Goals: ( goals ( ai-chase "Enif Station" 89 ) )
$Cargo 1:  XSTR("Nothing", 13)
+Initial Hull: 100
+Initial Shields: 100
+Subsystem: Pilot
+Subsystem: turret01
+Primary Banks: ( "" )
+Subsystem: turret02
+Subsystem: turret03
+Primary Banks: ( "Terran Turret" )
+Subsystem: turret04
+Primary Banks: ( "Terran Turret" )
+Subsystem: turret05
+Primary Banks: ( "Terran Turret" )
+Subsystem: turret06
+Primary Banks: ( "Terran Turret" )
+Subsystem: turret07
+Subsystem: turret08
+Subsystem: turret09a-01-main
+Sbank Ammo: ( 0 )
$Arrival Location: Hyperspace
$Arrival Cue: ( true ) 
$Departure Location: Hyperspace
$Departure Cue: ( is-destroyed-delay 
   12 
   "Enif Station" 
)
$Determination: 10
+Flags: ( "cargo-known" "no-shields" "escort" )
+Flags2: ( )
+Respawn priority: 0
+Escort priority: 97
+Orders Accepted: 1		;! note that this is a bitfield!!!
+Group: 0
+Score: 100
$Texture Replace:
+old: nameplate
+new: NTC_Cato

$Name: Colossus		;! Object #4
$Class: GTVA Colossus
$Team: Friendly
$Location: 239.783188, 2972.410645, 17970.976563
$Orientation:
	-0.958682, 0.020619, -0.283732,
	0.030622, 0.999054, -0.030866,
	0.282827, -0.038279, -0.958407
$AI Behavior: None
$Cargo 1:  XSTR("Nothing", 13)
+Initial Velocity: 33
+Initial Hull: 100
+Initial Shields: 100
+Subsystem: Pilot
+Subsystem: turret01a
+Subsystem: turret02a
+Subsystem: turret03a
+Subsystem: turret04a
+Subsystem: turret05a
+Subsystem: turret06a
+Subsystem: turret07a
+Subsystem: turret08a
+Subsystem: turret09a
+Subsystem: turret10a
+Subsystem: turret11
+Subsystem: turret12
+Subsystem: turret13
+Subsystem: turret14
+Subsystem: turret15
+Subsystem: turret16
+Subsystem: turret17
+Subsystem: turret18
+Subsystem: turret19
+Subsystem: turret20
+Subsystem: turret21
+Subsystem: turret22
+Subsystem: turret23
+Subsystem: turret24
+Subsystem: turret25
+Subsystem: turret26
+Subsystem: turret27
+Subsystem: turret28
+Subsystem: turret29
+Subsystem: turret30
+Subsystem: turret31
+Subsystem: turret32
+Subsystem: turret33
+Subsystem: turret34
+Subsystem: turret35
+Subsystem: turret36
+Subsystem: turret37
+Subsystem: turret38
+Subsystem: turret39
+Subsystem: turret40
+Subsystem: turret41
+Subsystem: turret42
+Subsystem: turret43
+Subsystem: turret44
+Subsystem: turret45
+Subsystem: turret46
+Subsystem: turret47
+Subsystem: turret48
+Subsystem: turret49
+Subsystem: turret50
+Subsystem: turret51
+Subsystem: turret52
+Subsystem: turret53
+Subsystem: turret54
+Subsystem: turret55
+Subsystem: turret56
+Subsystem: turret57
+Subsystem: turret58
+Subsystem: turret59
+Subsystem: turret60
+Subsystem: turret61
+Subsystem: turret62
+Subsystem: turret63
$Arrival Location: Hyperspace
+Arrival Delay: 300
$Arrival Cue: ( not 
   ( is-destroyed-delay 0 "Enif Station" ) 
)
$Departure Location: Hyperspace
$Departure Cue: ( false ) 
$Determination: 10
+Flags: ( "cargo-known" "no-shields" )
+Flags2: ( )
+Respawn priority: 0
+Group: 0
+Use Table Score:
+Score: 10000

$Name: Calypso		;! Object #5
$Class: GTFR Triton
$Team: Friendly
$Location: -827.926758, 245.899719, 5217.595215
$Orientation:
	0.912780, 0.000000, 0.408452,
	-0.015644, 0.999266, 0.034960,
	-0.408153, -0.038300, 0.912110
$AI Behavior: None
$Cargo 1:  XSTR("Medical Supplies", 148)
+Initial Hull: 100
+Initial Shields: 100
+Subsystem: Pilot
+Subsystem: turret01
+Subsystem: turret02
$Arrival Location: Hyperspace
$Arrival Cue: ( true ) 
$Departure Location: Hyperspace
$Departure Cue: ( and 
   ( are-waypoints-done-delay 
      "Calypso" 
      "Waypoint path 1" 
      0 
   )
   ( is-event-true-delay 
      "Calypso Clear" 
      5 
   )
)
$Determination: 10
+Flags: ( "cargo-known" "no-shields" "escort" )
+Flags2: ( )
+Respawn priority: 0
+Escort priority: 80
+Orders Accepted: 257		;! note that this is a bitfield!!!
+Group: 0
+Use Table Score:
+Score: 20

$Name: Taurus 1		;! Object #6
$Class: GTF Loki
$Alt: NTF Loki

$Team: Neutral
$Location: -2389.557861, 0.000432, 4914.871094
$Orientation:
	1.000000, 0.000000, 0.000000,
	0.000000, 1.000000, 0.000000,
	0.000000, 0.000000, 1.000000
$AI Behavior: None
$Cargo 1:  XSTR("Nothing", 13)
+Initial Velocity: 33
+Initial Hull: 100
+Subsystem: Pilot
$Arrival Location: Hyperspace
$Arrival Cue: ( false ) 
$Departure Location: Hyperspace
$Departure Cue: ( false ) 
$Determination: 10
+Flags: ( "cargo-known" )
+Flags2: ( )
+Respawn priority: 0
+Group: 0
+Score: 10

$Name: Taurus 2		;! Object #7
$Class: GTF Loki
$Alt: NTF Loki

$Team: Neutral
$Location: -2442.397949, -0.000104, 5099.397949
$Orientation:
	1.000000, 0.000000, 0.000000,
	0.000000, 1.000000, 0.000000,
	0.000000, 0.000000, 1.000000
$AI Behavior: None
$Cargo 1:  XSTR("Nothing", 13)
+Initial Velocity: 33
+Initial Hull: 100
+Subsystem: Pilot
$Arrival Location: Hyperspace
$Arrival Cue: ( false ) 
$Departure Location: Hyperspace
$Departure Cue: ( false ) 
$Determination: 10
+Flags: ( "cargo-known" )
+Flags2: ( )
+Respawn priority: 0
+Group: 0
+Score: 10

$Name: Taurus 3		;! Object #8
$Class: GTF Loki
$Alt: NTF Loki

$Team: Neutral
$Location: -2536.640381, -0.000251, 4980.213379
$Orientation:
	1.000000, 0.000000, 0.000000,
	0.000000, 1.000000, 0.000000,
	0.000000, 0.000000, 1.000000
$AI Behavior: None
$Cargo 1:  XSTR("Nothing", 13)
+Initial Velocity: 33
+Initial Hull: 100
+Subsystem: Pilot
$Arrival Location: Hyperspace
$Arrival Cue: ( false ) 
$Departure Location: Hyperspace
$Departure Cue: ( false ) 
$Determination: 10
+Flags: ( "cargo-known" )
+Flags2: ( )
+Respawn priority: 0
+Group: 0
+Score: 10

$Name: Epsilon 1		;! Object #9
$Class: GVF Serapis
$Team: Friendly
$Location: 277.764465, -0.000246, 6131.015137
$Orientation:
	1.000000, 0.000000, 0.000000,
	0.000000, 1.000000, 0.000000,
	0.000000, 0.000000, 1.000000
$AI Behavior: None
$Cargo 1:  XSTR("Nothing", 13)
+Initial Velocity: 33
+Initial Hull: 100
+Subsystem: Pilot
$Arrival Location: Hyperspace
$Arrival Cue: ( false ) 
$Departure Location: Hyperspace
$Departure Cue: ( false ) 
$Determination: 10
+Flags: ( "cargo-known" )
+Flags2: ( )
+Respawn priority: 0
+Group: 0
+Score: 14

$Name: Hawkwood		;! Object #10
$Class: GTCv Deimos
$Alt: NTCv Deimos

$Team: Neutral
$Location: 3224.103027, -537.099548, 7349.303711
$Orientation:
	-0.550460, 0.000000, 0.834861,
	0.120921, 0.989455, 0.079728,
	-0.826058, 0.144840, -0.544656
$AI Behavior: None
$Cargo 1:  XSTR("Nothing", 13)
+Initial Velocity: 33
+Initial Hull: 63
+Initial Shields: 100
+Subsystem: Pilot
+Subsystem: turret01
+Subsystem: turret02
+Primary Banks: ( "SGreen" )
+Subsystem: turret03
+Subsystem: turret04
+Subsystem: turret05
+Subsystem: turret06
+Subsystem: turret07
+Primary Banks: ( "AAAh" )
+Subsystem: turret08
+Primary Banks: ( "AAAh" )
+Subsystem: turret09
+Subsystem: turret10
+Subsystem: turret11
+Subsystem: turret12
+Subsystem: turret13
+Subsystem: turret14
+Subsystem: turret15
+Subsystem: turret16
+Primary Banks: ( "AAAh" )
+Subsystem: turret17
+Subsystem: turret18
+Subsystem: turret19
+Subsystem: turret20
+Primary Banks: ( "AAAh" )
+Subsystem: turret21
+Subsystem: turret22
+Subsystem: turret23
+Subsystem: turret24
+Primary Banks: ( "SGreen" )
+Subsystem: turret25
+Sbank Ammo: ( 0 )
+Subsystem: turret26
+Sbank Ammo: ( 0 )
$Arrival Location: Hyperspace
$Arrival Cue: ( is-destroyed-delay 10 "Cato" ) 
$Departure Location: Hyperspace
$Departure Cue: ( is-destroyed-delay 8 "Enif Station" ) 
$Determination: 10
+Flags: ( "cargo-known" "no-shields" "escort" )
+Flags2: ( )
+Respawn priority: 0
+Escort priority: 98
+Orders Accepted: 1		;! note that this is a bitfield!!!
+Group: 0
+Score: 400
$Texture Replace:
+old: nameplate
+new: NTCv_Hawkwood

$Name: Conquest		;! Object #11
$Class: GTC Leviathan
$Alt: NTC Leviathan

$Team: Neutral
$Location: -2040.584595, 418.357910, 6125.139160
$Orientation:
	-0.942223, 0.000000, -0.334989,
	0.000000, 1.000000, 0.000000,
	0.334989, 0.000000, -0.942223
$AI Behavior: None
$Cargo 1:  XSTR("Nothing", 13)
+Initial Velocity: 33
+Initial Hull: 100
+Initial Shields: 100
+Subsystem: Pilot
+Subsystem: turret01
+Primary Banks: ( "" )
+Subsystem: turret02
+Primary Banks: ( "Terran Turret" )
+Subsystem: turret03
+Primary Banks: ( "Terran Turret" )
+Subsystem: turret04
+Primary Banks: ( "Terran Turret" )
+Subsystem: turret05
+Primary Banks: ( "Terran Turret" )
+Subsystem: turret06
+Primary Banks: ( "Terran Turret" )
+Subsystem: turret07
+Subsystem: turret08
+Subsystem: turret09a-01-main
+Sbank Ammo: ( 0 )
$Arrival Location: Hyperspace
$Arrival Cue: ( and 
   ( is-destroyed-delay 0 "Hawkwood" ) 
   ( not 
      ( has-arrived-delay 0 "Colossus" ) 
   )
)
$Departure Location: Hyperspace
$Departure Cue: ( is-destroyed-delay 
   12 
   "Enif Station" 
)
$Determination: 10
+Flags: ( "cargo-known" "no-shields" "escort" )
+Flags2: ( )
+Respawn priority: 0
+Escort priority: 95
+Orders Accepted: 1		;! note that this is a bitfield!!!
+Group: 0
+Use Table Score:
+Score: 200
$Texture Replace:
+old: nameplate
+new: NTC_Conquest

$Name: Gemini 1		;! Object #12
$Class: GTB Zeus
$Alt: NTB Zeus

$Team: Neutral
$Location: -994.900024, 1171.294067, 10048.500000
$Orientation:
	-0.984989, 0.000000, -0.172620,
	0.000000, 1.000000, 0.000000,
	0.172620, 0.000000, -0.984989
$AI Behavior: None
$Cargo 1:  XSTR("Nothing", 13)
+Initial Velocity: 33
+Initial Hull: 100
+Subsystem: Pilot
+Secondary Banks: ( "Cyclops" "Cyclops" "Cyclops" )
$Arrival Location: Hyperspace
$Arrival Cue: ( false ) 
$Departure Location: Hyperspace
$Departure Cue: ( false ) 
$Determination: 10
+Flags: ( "cargo-known" )
+Flags2: ( )
+Respawn priority: 0
+Group: 0
+Score: 15

$Name: Gemini 2		;! Object #13
$Class: GTB Zeus
$Alt: NTB Zeus

$Team: Neutral
$Location: -1233.290283, 1171.294067, 9959.710938
$Orientation:
	-0.975882, 0.000000, -0.218298,
	0.000000, 1.000000, 0.000000,
	0.218298, 0.000000, -0.975882
$AI Behavior: None
$Cargo 1:  XSTR("Nothing", 13)
+Initial Velocity: 33
+Initial Hull: 100
+Subsystem: Pilot
+Secondary Banks: ( "Cyclops" "Cyclops" "Cyclops" )
$Arrival Location: Hyperspace
$Arrival Cue: ( false ) 
$Departure Location: Hyperspace
$Departure Cue: ( false ) 
$Determination: 10
+Flags: ( "cargo-known" )
+Flags2: ( )
+Respawn priority: 0
+Group: 0
+Score: 15

$Name: Gemini 3		;! Object #14
$Class: GTB Zeus
$Alt: NTB Zeus

$Team: Neutral
$Location: -1168.443115, 1171.294189, 10176.549805
$Orientation:
	-0.980025, 0.000000, -0.198876,
	0.000000, 1.000000, 0.000000,
	0.198876, 0.000000, -0.980025
$AI Behavior: None
$Cargo 1:  XSTR("Nothing", 13)
+Initial Velocity: 33
+Initial Hull: 100
+Subsystem: Pilot
+Secondary Banks: ( "Helios" "Cyclops" "Cyclops" )
$Arrival Location: Hyperspace
$Arrival Cue: ( false ) 
$Departure Location: Hyperspace
$Departure Cue: ( false ) 
$Determination: 10
+Flags: ( "cargo-known" )
+Flags2: ( )
+Respawn priority: 0
+Group: 0
+Score: 15

$Name: Beta 1		;! Object #15
$Class: GTF Perseus
$Team: Friendly
$Location: -623.478516, 643.699585, 1678.258911
$Orientation:
	0.999917, 0.000000, 0.012859,
	-0.001738, 0.990820, 0.135177,
	-0.012741, -0.135188, 0.990738
$AI Behavior: None
$Cargo 1:  XSTR("Nothing", 13)
+Initial Hull: 100
+Subsystem: Pilot
+Primary Banks: ( "Prometheus R" "Prometheus R" )
$Arrival Location: Hyperspace
$Arrival Cue: ( false ) 
$Departure Location: Hyperspace
$Departure Cue: ( false ) 
$Determination: 10
+Flags: ( "cargo-known" )
+Flags2: ( )
+Respawn priority: 0
+Group: 0
+Score: 12

$Name: Beta 2		;! Object #16
$Class: GTF Perseus
$Team: Friendly
$Location: -727.325562, 643.699585, 1580.593262
$Orientation:
	0.999960, 0.000000, -0.008967,
	0.001188, 0.991183, 0.132495,
	0.008888, -0.132500, 0.991143
$AI Behavior: None
$Cargo 1:  XSTR("Nothing", 13)
+Initial Hull: 100
+Subsystem: Pilot
+Primary Banks: ( "Prometheus R" "Prometheus R" )
$Arrival Location: Hyperspace
$Arrival Cue: ( false ) 
$Departure Location: Hyperspace
$Departure Cue: ( false ) 
$Determination: 10
+Flags: ( "cargo-known" )
+Flags2: ( )
+Respawn priority: 0
+Group: 0
+Score: 12
+Persona Index: 1

$Name: Beta 3		;! Object #17
$Class: GTF Perseus
$Team: Friendly
$Location: -524.576538, 643.699585, 1580.593140
$Orientation:
	0.999451, 0.000000, 0.033121,
	-0.004386, 0.991192, 0.132361,
	-0.032829, -0.132434, 0.990648
$AI Behavior: None
$Cargo 1:  XSTR("Nothing", 13)
+Initial Hull: 100
+Subsystem: Pilot
+Primary Banks: ( "Prometheus R" "Prometheus R" )
$Arrival Location: Hyperspace
$Arrival Cue: ( false ) 
$Departure Location: Hyperspace
$Departure Cue: ( false ) 
$Determination: 10
+Flags: ( "cargo-known" )
+Flags2: ( )
+Respawn priority: 0
+Group: 0
+Score: 12

$Name: Leo 1		;! Object #18
$Class: GTB Zeus
$Alt: NTB Zeus

$Team: Neutral
$Location: -3004.600098, 0.000000, 3002.100098
$Orientation:
	0.503425, 0.000000, -0.864039,
	0.000000, 1.000000, 0.000000,
	0.864039, 0.000000, 0.503425
$AI Behavior: None
$Cargo 1:  XSTR("Nothing", 13)
+Initial Velocity: 33
+Initial Hull: 100
+Subsystem: Pilot
+Secondary Banks: ( "Cyclops" "Cyclops" "Hornet" )
$Arrival Location: Hyperspace
$Arrival Cue: ( false ) 
$Departure Location: Hyperspace
$Departure Cue: ( false ) 
$Determination: 10
+Flags: ( "cargo-known" )
+Flags2: ( )
+Respawn priority: 0
+Group: 0
+Score: 15

$Name: Leo 2		;! Object #19
$Class: GTB Zeus
$Alt: NTB Zeus

$Team: Neutral
$Location: -2902.236572, 0.000203, 3001.393799
$Orientation:
	0.516935, 0.000000, -0.856025,
	0.000000, 1.000000, 0.000000,
	0.856025, 0.000000, 0.516935
$AI Behavior: None
$Cargo 1:  XSTR("Nothing", 13)
+Initial Velocity: 33
+Initial Hull: 100
+Subsystem: Pilot
+Secondary Banks: ( "Cyclops" "Cyclops" "Hornet" )
$Arrival Location: Hyperspace
$Arrival Cue: ( false ) 
$Departure Location: Hyperspace
$Departure Cue: ( false ) 
$Determination: 10
+Flags: ( "cargo-known" )
+Flags2: ( )
+Respawn priority: 0
+Group: 0
+Score: 15

$Name: Leo 3		;! Object #20
$Class: GTB Zeus
$Alt: NTB Zeus

$Team: Neutral
$Location: -3000.920166, 0.000176, 2902.426514
$Orientation:
	0.525261, 0.000000, -0.850941,
	0.000000, 1.000000, 0.000000,
	0.850941, 0.000000, 0.525261
$AI Behavior: None
$Cargo 1:  XSTR("Nothing", 13)
+Initial Velocity: 33
+Initial Hull: 100
+Subsystem: Pilot
+Secondary Banks: ( "Cyclops" "Cyclops" "Hornet" )
$Arrival Location: Hyperspace
$Arrival Cue: ( false ) 
$Departure Location: Hyperspace
$Departure Cue: ( false ) 
$Determination: 10
+Flags: ( "cargo-known" )
+Flags2: ( )
+Respawn priority: 0
+Group: 0
+Score: 15

$Name: Virgo 1		;! Object #21
$Class: GTB Zeus
$Alt: NTB Zeus

$Team: Neutral
$Location: -3018.795410, -0.000095, 3432.348389
$Orientation:
	0.503425, 0.000000, -0.864039,
	0.000000, 1.000000, 0.000000,
	0.864039, 0.000000, 0.503425
$AI Behavior: None
$Cargo 1:  XSTR("Nothing", 13)
+Initial Velocity: 33
+Initial Hull: 100
+Subsystem: Pilot
+Secondary Banks: ( "Cyclops" "Cyclops" "Hornet" )
$Arrival Location: Hyperspace
$Arrival Cue: ( false ) 
$Departure Location: Hyperspace
$Departure Cue: ( false ) 
$Determination: 10
+Flags: ( "cargo-known" )
+Flags2: ( )
+Respawn priority: 0
+Group: 0
+Score: 15

$Name: Virgo 2		;! Object #22
$Class: GTB Zeus
$Alt: NTB Zeus

$Team: Neutral
$Location: -2916.431885, 0.000108, 3431.642090
$Orientation:
	0.516935, 0.000000, -0.856025,
	0.000000, 1.000000, 0.000000,
	0.856025, 0.000000, 0.516935
$AI Behavior: None
$Cargo 1:  XSTR("Nothing", 13)
+Initial Velocity: 33
+Initial Hull: 100
+Subsystem: Pilot
+Secondary Banks: ( "Cyclops" "Cyclops" "Hornet" )
$Arrival Location: Hyperspace
$Arrival Cue: ( false ) 
$Departure Location: Hyperspace
$Departure Cue: ( false ) 
$Determination: 10
+Flags: ( "cargo-known" )
+Flags2: ( )
+Respawn priority: 0
+Group: 0
+Score: 15

$Name: Virgo 3		;! Object #23
$Class: GTB Zeus
$Alt: NTB Zeus

$Team: Neutral
$Location: -3015.115479, 0.000081, 3332.674805
$Orientation:
	0.525261, 0.000000, -0.850941,
	0.000000, 1.000000, 0.000000,
	0.850941, 0.000000, 0.525261
$AI Behavior: None
$Cargo 1:  XSTR("Nothing", 13)
+Initial Velocity: 33
+Initial Hull: 100
+Subsystem: Pilot
+Secondary Banks: ( "Helios" "Cyclops" "Cyclops" )
$Arrival Location: Hyperspace
$Arrival Cue: ( false ) 
$Departure Location: Hyperspace
$Departure Cue: ( false ) 
$Determination: 10
+Flags: ( "cargo-known" )
+Flags2: ( )
+Respawn priority: 0
+Group: 0
+Score: 15

$Name: Pisces 1		;! Object #24
$Class: GTF Hercules
$Alt: NTF Hercules

$Team: Neutral
$Location: 865.872681, -0.000748, 5794.298828
$Orientation:
	1.000000, 0.000000, 0.000000,
	0.000000, 1.000000, 0.000000,
	0.000000, 0.000000, 1.000000
$AI Behavior: None
$Cargo 1:  XSTR("Nothing", 13)
+Initial Velocity: 33
+Initial Hull: 56
+Subsystem: Pilot
$Arrival Location: Hyperspace
$Arrival Cue: ( false ) 
$Departure Location: Hyperspace
$Departure Cue: ( false ) 
$Determination: 10
+Flags: ( "cargo-known" )
+Flags2: ( )
+Respawn priority: 0
+Group: 0
+Use Table Score:
+Score: 10

$Name: Pisces 2		;! Object #25
$Class: GTF Hercules
$Alt: NTF Hercules

$Team: Neutral
$Location: 1732.819214, -0.000357, 4401.575195
$Orientation:
	1.000000, 0.000000, 0.000000,
	0.000000, 1.000000, 0.000000,
	0.000000, 0.000000, 1.000000
$AI Behavior: None
$Cargo 1:  XSTR("Nothing", 13)
+Initial Velocity: 33
+Initial Hull: 59
+Subsystem: Pilot
$Arrival Location: Hyperspace
$Arrival Cue: ( false ) 
$Departure Location: Hyperspace
$Departure Cue: ( false ) 
$Determination: 10
+Flags: ( "cargo-known" )
+Flags2: ( )
+Respawn priority: 0
+Group: 0
+Use Table Score:
+Score: 10

$Name: Pisces 3		;! Object #26
$Class: GTF Hercules
$Alt: NTF Hercules

$Team: Neutral
$Location: -1316.836060, -0.000470, 6393.001953
$Orientation:
	1.000000, 0.000000, 0.000000,
	0.000000, 1.000000, 0.000000,
	0.000000, 0.000000, 1.000000
$AI Behavior: None
$Cargo 1:  XSTR("Nothing", 13)
+Initial Velocity: 33
+Initial Hull: 48
+Subsystem: Pilot
$Arrival Location: Hyperspace
$Arrival Cue: ( false ) 
$Departure Location: Hyperspace
$Departure Cue: ( false ) 
$Determination: 10
+Flags: ( "cargo-known" )
+Flags2: ( )
+Respawn priority: 0
+Group: 0
+Use Table Score:
+Score: 10

$Name: Aries 1		;! Object #27
$Class: GTB Zeus
$Alt: NTB Zeus

$Team: Neutral
$Location: -3063.263672, 0.000037, 3939.687500
$Orientation:
	0.503425, 0.000000, -0.864039,
	0.000000, 1.000000, 0.000000,
	0.864039, 0.000000, 0.503425
$AI Behavior: None
$Cargo 1:  XSTR("Nothing", 13)
+Initial Velocity: 33
+Initial Hull: 100
+Subsystem: Pilot
+Secondary Banks: ( "Cyclops" "Cyclops" "Hornet" )
$Arrival Location: Hyperspace
$Arrival Cue: ( false ) 
$Departure Location: Hyperspace
$Departure Cue: ( false ) 
$Determination: 10
+Flags: ( "cargo-known" )
+Flags2: ( )
+Respawn priority: 0
+Group: 0
+Score: 15

$Name: Aries 2		;! Object #28
$Class: GTB Zeus
$Alt: NTB Zeus

$Team: Neutral
$Location: -2984.533203, -0.000122, 3935.919678
$Orientation:
	0.516935, 0.000000, -0.856025,
	0.000000, 1.000000, 0.000000,
	0.856025, 0.000000, 0.516935
$AI Behavior: None
$Cargo 1:  XSTR("Nothing", 13)
+Initial Velocity: 33
+Initial Hull: 100
+Subsystem: Pilot
+Secondary Banks: ( "Cyclops" "Cyclops" "Hornet" )
$Arrival Location: Hyperspace
$Arrival Cue: ( false ) 
$Departure Location: Hyperspace
$Departure Cue: ( false ) 
$Determination: 10
+Flags: ( "cargo-known" )
+Flags2: ( )
+Respawn priority: 0
+Group: 0
+Score: 15

$Name: Aries 3		;! Object #29
$Class: GTB Zeus
$Alt: NTB Zeus

$Team: Neutral
$Location: -3059.583740, 0.000213, 3840.013916
$Orientation:
	0.525261, 0.000000, -0.850941,
	0.000000, 1.000000, 0.000000,
	0.850941, 0.000000, 0.525261
$AI Behavior: None
$Cargo 1:  XSTR("Nothing", 13)
+Initial Velocity: 33
+Initial Hull: 100
+Subsystem: Pilot
+Secondary Banks: ( "Cyclops" "Cyclops" "Hornet" )
$Arrival Location: Hyperspace
$Arrival Cue: ( false ) 
$Departure Location: Hyperspace
$Departure Cue: ( false ) 
$Determination: 10
+Flags: ( "cargo-known" )
+Flags2: ( )
+Respawn priority: 0
+Group: 0
+Score: 15

$Name: Pod 01		;! Object #30
$Class: GTEP Hermes
$Team: Friendly
$Location: 2010.335449, 0.000401, 2978.261230
$Orientation:
	1.000000, 0.000000, 0.000000,
	0.000000, 1.000000, 0.000000,
	0.000000, 0.000000, 1.000000
$AI Behavior: None
$AI Goals: ( goals ( ai-waypoints-once "Waypoint path 3" 89 ) )
$Cargo 1:  XSTR("Nothing", 13)
+Initial Velocity: 33
+Initial Hull: 100
+Subsystem: Pilot
$Arrival Location: Docking Bay
+Arrival Distance: 0
$Arrival Anchor: Enif Station
$Arrival Cue: ( is-event-true-delay "Pods" 3 ) 
$Departure Location: Hyperspace
$Departure Cue: ( are-waypoints-done-delay 
   "Pod 01" 
   "Waypoint path 3" 
   0 
)
$Determination: 10
+Flags: ( "cargo-known" )
+Flags2: ( )
+Respawn priority: 0
+Group: 0
+Score: 10

$Name: Pod 02		;! Object #31
$Class: GTEP Hermes
$Team: Friendly
$Location: 2003.999512, 0.000342, 2752.083740
$Orientation:
	1.000000, 0.000000, 0.000000,
	0.000000, 1.000000, 0.000000,
	0.000000, 0.000000, 1.000000
$AI Behavior: None
$AI Goals: ( goals ( ai-waypoints-once "Waypoint path U1" 89 ) )
$Cargo 1:  XSTR("Nothing", 13)
+Initial Velocity: 33
+Initial Hull: 100
+Subsystem: Pilot
$Arrival Location: Docking Bay
+Arrival Distance: 0
$Arrival Anchor: Enif Station
$Arrival Cue: ( is-event-true-delay "Pods" 3 ) 
$Departure Location: Hyperspace
$Departure Cue: ( are-waypoints-done-delay 
   "Pod 02" 
   "Waypoint path U1" 
   0 
)
$Determination: 10
+Flags: ( "cargo-known" )
+Flags2: ( )
+Respawn priority: 0
+Group: 0
+Score: 10

$Name: Pod 05		;! Object #32
$Class: GTEP Hermes
$Team: Friendly
$Location: 1698.654419, 0.000354, 3001.114990
$Orientation:
	1.000000, 0.000000, 0.000000,
	0.000000, 1.000000, 0.000000,
	0.000000, 0.000000, 1.000000
$AI Behavior: None
$AI Goals: ( goals ( ai-waypoints-once "Waypoint path 5" 89 ) )
$Cargo 1:  XSTR("Nothing", 13)
+Initial Velocity: 33
+Initial Hull: 100
+Subsystem: Pilot
$Arrival Location: Docking Bay
+Arrival Distance: 0
$Arrival Anchor: Enif Station
$Arrival Cue: ( is-event-true-delay "Pods" 3 ) 
$Departure Location: Hyperspace
$Departure Cue: ( are-waypoints-done-delay 
   "Pod 05" 
   "Waypoint path 5" 
   0 
)
$Determination: 10
+Flags: ( "cargo-known" )
+Flags2: ( )
+Respawn priority: 0
+Group: 0
+Score: 10

$Name: Pod 03		;! Object #33
$Class: GTEP Hermes
$Team: Friendly
$Location: 1861.396851, 0.000638, 2968.856689
$Orientation:
	1.000000, 0.000000, 0.000000,
	0.000000, 1.000000, 0.000000,
	0.000000, 0.000000, 1.000000
$AI Behavior: None
$AI Goals: ( goals ( ai-waypoints-once "Waypoint path 3" 89 ) )
$Cargo 1:  XSTR("Nothing", 13)
+Initial Velocity: 33
+Initial Hull: 100
+Subsystem: Pilot
$Arrival Location: Docking Bay
+Arrival Distance: 0
$Arrival Anchor: Enif Station
$Arrival Cue: ( is-event-true-delay "Pods" 3 ) 
$Departure Location: Hyperspace
$Departure Cue: ( are-waypoints-done-delay 
   "Pod 03" 
   "Waypoint path 3" 
   0 
)
$Determination: 10
+Flags: ( "cargo-known" )
+Flags2: ( )
+Respawn priority: 0
+Group: 0
+Score: 10

$Name: Pod 04		;! Object #34
$Class: GTEP Hermes
$Team: Friendly
$Location: 1837.068481, 0.000573, 2784.445557
$Orientation:
	1.000000, 0.000000, 0.000000,
	0.000000, 1.000000, 0.000000,
	0.000000, 0.000000, 1.000000
$AI Behavior: None
$AI Goals: ( goals ( ai-waypoints-once "Waypoint path U1" 89 ) )
$Cargo 1:  XSTR("Nothing", 13)
+Initial Velocity: 33
+Initial Hull: 100
+Subsystem: Pilot
$Arrival Location: Docking Bay
+Arrival Distance: 0
$Arrival Anchor: Enif Station
$Arrival Cue: ( is-event-true-delay "Pods" 3 ) 
$Departure Location: Hyperspace
$Departure Cue: ( are-waypoints-done-delay 
   "Pod 04" 
   "Waypoint path U1" 
   0 
)
$Determination: 10
+Flags: ( "cargo-known" )
+Flags2: ( )
+Respawn priority: 0
+Group: 0
+Score: 10

$Name: Pod 06		;! Object #35
$Class: GTEP Hermes
$Team: Friendly
$Location: 1701.802856, 0.000351, 2795.982422
$Orientation:
	1.000000, 0.000000, 0.000000,
	0.000000, 1.000000, 0.000000,
	0.000000, 0.000000, 1.000000
$AI Behavior: None
$AI Goals: ( goals ( ai-waypoints-once "Waypoint path 5" 89 ) )
$Cargo 1:  XSTR("Nothing", 13)
+Initial Velocity: 33
+Initial Hull: 100
+Subsystem: Pilot
$Arrival Location: Docking Bay
+Arrival Distance: 0
$Arrival Anchor: Enif Station
$Arrival Cue: ( is-event-true-delay "Pods" 3 ) 
$Departure Location: Hyperspace
$Departure Cue: ( are-waypoints-done-delay 
   "Pod 06" 
   "Waypoint path 5" 
   0 
)
$Determination: 10
+Flags: ( "cargo-known" )
+Flags2: ( )
+Respawn priority: 0
+Group: 0
+Score: 10

$Name: Enif Station		;! Object #36
$Class: GTI Arcadia
$Team: Friendly
$Location: -60.759029, 0.986324, 4717.298340
$Orientation:
	-0.378726, 0.028126, 0.925081,
	-0.115830, 0.990239, -0.077528,
	-0.918231, -0.136513, -0.371772
$AI Behavior: None
+AI Class: Colonel
$Cargo 1:  XSTR("Nothing", 13)
+Initial Hull: 82
+Initial Shields: 100
+Subsystem: Pilot
+Subsystem: turret01
+Subsystem: turret02
+Subsystem: turret03
+Subsystem: turret04
+Subsystem: turret05
+Subsystem: turret06
+Subsystem: turret07
+Primary Banks: ( "Standard Flak" )
+Subsystem: turret08
+Subsystem: turret09
+Primary Banks: ( "Standard Flak" )
+Subsystem: turret10
+Primary Banks: ( "Standard Flak" )
+Subsystem: turret11
+Primary Banks: ( "Standard Flak" )
+Subsystem: turret12
+Subsystem: turret13
+Sbank Ammo: ( 0 )
+Subsystem: turret14
+Secondary Banks: ( "MX-52" )
