#Mission Info

$Version: 0.10
$Name:  XSTR("Exodus", 1747)
$Author: James Agay @ V
$Created: 06/16/99 at 09:51:43
$Modified: 03/28/20 at 13:57:05
$Notes:
Hello to the FDL gang.
$End Notes:

$Mission Desc:
 XSTR("Leading the 70th Blue Lions, GTD Aquitaine, Alpha 1 escorts a convoy as it flees the Capella system.", 1748)
$end_multi_text
+Game Type Flags: 1
+Flags: 0
+Fog Near Mult: 1.000000

+Fog Far Mult: 1.000000

+Disallow Support: 0
+Hull Repair Ceiling: 0.000000
+Subsystem Repair Ceiling: 100.000000

+Player Entry Delay:
1.000000

+Viewer pos: 1882.944214, 1029.994995, 6189.527344
+Viewer orient:
	-0.645595, -0.000002, 0.763680,
	-0.175503, 0.973235, -0.148363,
	-0.743240, -0.229811, -0.628317
+SquadReassignName: 70th Blue Lions
+SquadReassignLogo: lion1.pcx


$Skybox Model: GreenBox.pof

$AI Profile: FS2 RETAIL

#Command Briefing

$Stage Text:
 XSTR("70th Blue Lions

Welcome back to the $f Aquitaine$|. Because of your outstanding service to the Alliance, the GTVA has granted you command of your own elite fighter squadron, the $w 70th $w Blue $w Lions$|. This is quite an honor, pilot. You'll receive all your briefings directly from quarterdeck. 

As squadron leader of the $w Blue $w Lions, you will be granted the highest priority in ship and weapon selection, but choose your ordnance carefully. Review the techroom database if you have any questions.", 1749)
$end_multi_text
$Ani Filename: cb_sm3-06_a.ani
+Wave Filename: SM306_CB_01.wav

$Stage Text:
 XSTR("The Shivan Armada

Nine $h Sathanas $h Juggernauts have now entered the $b Capella system, and Intelligence has sighted even more in the nebula, converging on the jump node to Terran-Vasudan space. 

We are on the threshold of a new apocalypse. Though the $h Juggernauts have not engaged our warships, they have set course for the $b Capella star. We can only speculate about their intentions, but this development cannot bode well for the Alliance.", 1750)
$end_multi_text
$Ani Filename: cb_sm3-06_b.ani
+Wave Filename: SM306_CB_02.wav

$Stage Text:
 XSTR("Exodus

Allied Command is committed to evacuating all non-essential personnel. A contingency plan is in the works to hold the Shivans here, in $b Capella, and prevent the expansion of the Shivan incursion to other systems of the $y GTVA$|. 

The $w 70th $w Blue $w Lions will provide the fighter cover needed to get our convoys out of the system. Millions of lives are at stake here, pilot. And if we fail, all our worlds and systems will be in jeopardy.", 1751)
$end_multi_text
$Ani Filename: cb_sm3-06_c.ani
+Wave Filename: SM306_CB_03.wav

$Stage Text:
 XSTR("Erinyes Fighter

The $y GTVA has just unveiled the newly developed $y Erinyes$|-class heavy assault fighter. With eight gun banks, you'll have sufficient firepower to make short work of enemy targets at close range.  The $y Erinyes can accommodate fire control for up to two different primary systems. 

You may need to allocate more power to weapons to fight effectively, so make adjustments as needed.", 1752)
$end_multi_text
$Ani Filename: cb_sm3-06_d.ani
+Wave Filename: SM306_CB_04.wav

$Stage Text:
 XSTR("GTW UD-8 Kayser

You have also been issued the $y GTW $y UD-08 $y Kayser$|. For its limited OpEval period, only select units will be authorized to carry this weapon. The $y Kayser emits focused wavelets of subatomic particles that bombard the target, causing the wave function of the particles to collapse and emit intense zero-point energy microbursts. The $y Kayser is the product of our research into Shivan weapon technology.", 1753)
$end_multi_text
$Ani Filename: Tech_GTW_UD-8_Kayser.ani
+Wave Filename: SM306_CB_05.wav

$Stage Text:
 XSTR("GTM-11 Infyrno

Finally, we have received the new $y GTM-11 $y Infyrno, a wide-area fighter suppression warhead. To use the $y Infyrno, press your secondary trigger once to launch the missile, then press it again to detonate. A HUD indicator will display the distance of the warhead from your ship.  Upon detonation, the $y Infyrno releases multiple submunitions which themselves contain ultra-high explosive charges.", 1754)
$end_multi_text
$Ani Filename: Tech_GTM-11_Infyrno.ani
+Wave Filename: SM306_CB_06.wav

#Briefing
$start_briefing
$num_stages: 4
$start_stage
$multi_text
 XSTR("As we speak, convoys of transports, freighters, and medical ships are heading for the jump nodes to $b Vega and $b Epsilon $b Pegasi$|. The evacuation of civilian personnel proceeds on schedule, but the enemy offensive has intensified. We have blockaded the $b Gamma $b Draconis node, though Shivan forces are swarming into the system.", 1755)
$end_multi_text
$voice: SM306_mB_01.wav
$camera_pos: -483.999817, 442.720856, 63353.480469
$camera_orient:
	0.999976, -0.000004, 0.006994,
	-0.002398, 0.939172, 0.343439,
	-0.006570, -0.343447, 0.939149
$camera_time: 1000
$num_lines: 0
$num_icons: 1
$Flags: 0
$Formula: ( true ) 
$start_icon
$type: 33
$team: Friendly
$class: GTNB Pharos
$pos: -492.914825, 125.585678, 64387.023438
$label: Gamma Draconis
+id: 16
$hlight: 0
$mirror: 0
$multi_text
$end_multi_text
$end_icon
$end_stage
$start_stage
$multi_text
 XSTR("The $w 53rd will relieve the $w 309th at the $b Gamma $b Draconis node, and we'll deploy the $w 19th to hold down the fort at $f 3rd $f Fleet $f Headquarters as we evacuate non-essential personnel. Command needs a closer look at the $h Juggernauts, so we'll be sending in the $w 91st$|. The $w 70th $w Blue $w Lions will be sortied to the $b Epsilon $b Pegasi node.", 1756)
$end_multi_text
$voice: SM306_mB_02.wav
$camera_pos: 59.892708, 7978.801270, 39777.628906
$camera_orient:
	0.999997, -0.000004, 0.002487,
	-0.002487, 0.024092, 0.999707,
	-0.000064, -0.999710, 0.024092
$camera_time: 1000
$num_lines: 0
$num_icons: 1
$Flags: 0
$Formula: ( true ) 
$start_icon
$type: 33
$team: Friendly
$class: GTNB Pharos
$pos: -27.367813, 125.585808, 40010.003906
$label: Gamma Draconis
+id: 16
$hlight: 0
$mirror: 0
$multi_text
$end_multi_text
$end_icon
$end_stage
$start_stage
$multi_text
 XSTR("$w Blue $w Lions, your mission is to escort a four-ship convoy to $b Epsilon $b Pegasi$|. The group consists of civilian transports $f Lambda $f 1 and $f 2, $f GTFr $f Sulla, and the medical ship $f GTM $f Vesalius$|. All have minimal armaments and vulnerable hull plating. $f GVCv $f Nebtuu leads the escort.", 1757)
$end_multi_text
$voice: SM306_mB_03.wav
$camera_pos: 9163.455078, 7667.714844, 4125.337402
$camera_orient:
	0.002187, -0.000003, 0.999998,
	-0.351786, 0.936080, 0.000772,
	-0.936078, -0.351787, 0.002046
$camera_time: 1000
$num_lines: 0
$num_icons: 8
$Flags: 0
$Formula: ( true ) 
$start_icon
$type: 33
$team: Friendly
$class: GTNB Pharos
$pos: 5445.813477, 1328.723877, 2793.748535
$label: Gamma Draconis
+id: 8
$hlight: 0
$mirror: 0
$multi_text
$end_multi_text
$end_icon
$start_icon
$type: 26
$team: Friendly
$class: Knossos
$pos: -83.232315, 125.585457, 54519.898438
$label: Knossos Portal
+id: 16
$hlight: 0
$mirror: 0
$multi_text
$end_multi_text
$end_icon
$start_icon
$type: 33
$team: Friendly
$class: GTNB Pharos
$pos: -11147.317383, 356.394775, -3966.170898
$label: Epsilon Pegasi
+id: 17
$hlight: 0
$mirror: 0
$multi_text
$end_multi_text
$end_icon
$start_icon
$type: 28
$team: Friendly
$class: GVCv Sobek
$pos: -15351.167969, 280.498535, 1327.676147
$label: GVCv Nebtuu
+id: 18
$hlight: 0
$mirror: 1
$multi_text
$end_multi_text
$end_icon
$start_icon
$type: 18
$team: Friendly
$class: GTM Hippocrates
$pos: -18494.240234, -86.633110, 10668.307617
$label: GTM Vesalius
+id: 19
$hlight: 0
$mirror: 0
$multi_text
$end_multi_text
$end_icon
$start_icon
$type: 34
$team: Friendly
$class: GTT Argo
$pos: -22166.542969, -147.003845, 5404.346191
$label: Lambda 1
+id: 20
$hlight: 0
$mirror: 0
$multi_text
$end_multi_text
$end_icon
$start_icon
$type: 34
$team: Friendly
$class: GTT Argo
$pos: -10187.963867, -130.980286, 4987.581055
$label: Lambda 2
+id: 21
$hlight: 0
$mirror: 0
$multi_text
$end_multi_text
$end_icon
$start_icon
$type: 12
$team: Friendly
$class: GTFR Triton
$pos: -8829.456055, 511.473877, 8900.581055
$label: GTFr Sulla
+id: 23
$hlight: 0
$mirror: 0
$multi_text
$end_multi_text
$end_icon
$end_stage
$start_stage
$multi_text
 XSTR("At 1415 hours, the Shivan corvette $h Abraxis and a wing of $h Manticore fighters attacked the convoy. The $f Nebtuu called for assistance, so you're going in. $f Theta wing will stand by to reinforce your position. Call them in at your discretion. Good luck, pilots. The people of $b Capella are counting on you.", 1758)
$end_multi_text
$voice: SM306_mB_04.wav
$camera_pos: -3257.809570, 3173.210938, 4152.482910
$camera_orient:
	0.002187, -0.000003, 0.999998,
	-0.325139, 0.945666, 0.000714,
	-0.945664, -0.325140, 0.002067
$camera_time: 1000
$num_lines: 0
$num_icons: 8
$Flags: 0
$Formula: ( true ) 
$start_icon
$type: 26
$team: Friendly
$class: Knossos
$pos: -83.232315, 125.585457, 54519.898438
$label: Knossos Portal
+id: 16
$hlight: 0
$mirror: 0
$multi_text
$end_multi_text
$end_icon
$start_icon
$type: 34
$team: Friendly
$class: GTT Argo
$pos: -22166.542969, -147.003845, 5404.346191
$label: Lambda 1
+id: 20
$hlight: 0
$mirror: 0
$multi_text
$end_multi_text
$end_icon
$start_icon
$type: 34
$team: Friendly
$class: GTT Argo
$pos: -11439.089844, -130.981064, 4759.235352
$label: Lambda 2
+id: 21
$hlight: 0
$mirror: 0
$multi_text
$end_multi_text
$end_icon
$start_icon
$type: 18
$team: Friendly
$class: GTM Hippocrates
$pos: -18317.720703, -86.632668, 9723.150391
$label: GTM Vesalius
+id: 19
$hlight: 0
$mirror: 0
$multi_text
$end_multi_text
$end_icon
$start_icon
$type: 28
$team: Friendly
$class: GVCv Sobek
$pos: -13747.049805, 280.498474, 3372.990234
$label: GVCv Nebtuu
+id: 18
$hlight: 0
$mirror: 1
$multi_text
$end_multi_text
$end_icon
$start_icon
$type: 28
$team: Hostile
$class: SCv Moloch
$pos: -14428.750000, -0.001586, 323.405853
$label: Abraxis
+id: 22
$hlight: 1
$mirror: 1
$multi_text
$end_multi_text
$end_icon
$start_icon
$type: 1
$team: Hostile
$class: SF Manticore
$pos: -10428.750000, -130.000000, 3023.405762
$label: Enemy Wing
+id: 23
$hlight: 1
$mirror: 1
$multi_text
$end_multi_text
$end_icon
$start_icon
$type: 12
$team: Friendly
$class: GTFR Triton
$pos: -9995.568359, 511.473816, 6757.880859
$label: GTFr Sulla
+id: 24
$hlight: 0
$mirror: 0
$multi_text
$end_multi_text
$end_icon
$end_stage
$end_briefing

#Debriefing_info

$Num stages: 13

$Formula: ( is-event-false-delay "Jump okay" 0 ) 
$Multi text
    XSTR("You did not have authorization to return to base, pilot. Your actions jeopardized the lives of those involved in this mission and the GTVA's objectives in this theatre. Desertion is grounds for a court martial, and you are confined to quarters pending your preliminary hearing. Until a military court decides otherwise, you are hereby stripped of your wings and all privileges bestowed upon you as an officer of the Galactic Terran-Vasudan Alliance.", 180)
$end_multi_text
$Voice: 9_joe.wav
$Recommendation text:
    XSTR("Do not jump out until ordered to do so. You should not be making this mistake at this stage of your career.", 1759)
$end_multi_text

$Formula: ( and 
   ( is-goal-true-delay 
      "Protect Lambdas" 
      0 
   )
   ( is-goal-true-delay 
      "Protect Sulla" 
      0 
   )
   ( is-goal-true-delay 
      "Protect Vesalius" 
      0 
   )
   ( is-goal-true-delay 
      "Destroy Shivan Forces" 
      0 
   )
   ( is-event-true-delay "Jump okay" 0 ) 
)
$Multi text
    XSTR("Excellent work, pilot. Your first sortie as leader of the 70th Blue Lions proved you are just the officer to lead this outfit. The Shivans launched a savage attack, but you and your squadron held them off. Because of your tactical leadership, the entire convoy safely reached Epsilon Pegasi. 
", 1760)
$end_multi_text
$Voice: sm306_db_01.wav
$Recommendation text:
    XSTR("", 10)
$end_multi_text

$Formula: ( or 
   ( and 
      ( is-event-true-delay 
         "May continue" 
         0 
      )
      ( not 
         ( and 
            ( is-goal-true-delay 
               "Protect Lambdas" 
               0 
            )
            ( is-goal-true-delay 
               "Protect Sulla" 
               0 
            )
            ( is-goal-true-delay 
               "Protect Vesalius" 
               0 
            )
            ( is-goal-true-delay 
               "Destroy Shivan Forces" 
               0 
            )
            ( is-event-true-delay "Jump okay" 0 ) 
         )
      )
      ( is-event-true-delay "Jump okay" 0 ) 
   )
   ( and 
      ( is-event-false-delay 
         "May continue" 
         0 
      )
      ( is-event-true-delay "Jump okay" 0 ) 
   )
)
$Multi text
    XSTR("The Shivans launched a massive offensive against all our outbound convoys. The death toll has escalated into the hundred of thousands. We do not have the resources to defend every ship escaping this system. Even your elite 70th Blue Lions failed to complete all mission objectives.", 1761)
$end_multi_text
$Voice: sm306_db_02.wav
$Recommendation text:
    XSTR("", 10)
$end_multi_text

$Formula: ( and 
   ( is-event-true-delay "Jump okay" 0 ) 
   ( is-destroyed-delay 0 "Lambda 1" ) 
   ( is-destroyed-delay 0 "Lambda 2" ) 
)
$Multi text
    XSTR("Both Lambda transports perished in the Shivan attack. Thousands of civilians were lost.", 1762)
$end_multi_text
$Voice: sm306_db_03.wav
$Recommendation text:
    XSTR("", 10)
$end_multi_text

$Formula: ( and 
   ( is-event-true-delay "Jump okay" 0 ) 
   ( is-goal-true-delay 
      "Protect Lambdas" 
      0 
   )
)
$Multi text
    XSTR("Both Lambda transports reached Epsilon Pegasi. Your efforts saved thousands of lives. ", 1763)
$end_multi_text
$Voice: sm306_db_04.wav
$Recommendation text:
    XSTR("", 10)
$end_multi_text

$Formula: ( and 
   ( is-event-true-delay "Jump okay" 0 ) 
   ( or 
      ( and 
         ( is-destroyed-delay 0 "Lambda 1" ) 
         ( has-departed-delay 0 "Lambda 2" ) 
      )
      ( and 
         ( is-destroyed-delay 0 "Lambda 2" ) 
         ( has-departed-delay 0 "Lambda 1" ) 
      )
   )
)
$Multi text
    XSTR("One of the Lambda transports reached the jump node. Half the civilians perished in the Shivan attack.", 1764)
$end_multi_text
$Voice: sm306_db_05.wav
$Recommendation text:
    XSTR("", 10)
$end_multi_text

$Formula: ( and 
   ( is-event-true-delay "Jump okay" 0 ) 
   ( is-destroyed-delay 0 "Sulla" ) 
)
$Multi text
    XSTR("Relief workers in Vega and Epsilon Pegasi report a shortage of vital provisions and medical supplies. The loss of the Sulla will only complicate matters.", 1765)
$end_multi_text
$Voice: sm306_db_06.wav
$Recommendation text:
    XSTR("", 10)
$end_multi_text

$Formula: ( and 
   ( is-event-true-delay "Jump okay" 0 ) 
   ( has-departed-delay 0 "Sulla" ) 
)
$Multi text
    XSTR("We managed to save the GTFr Sulla. The provisions it carried will help alleviate the supply shortages in Epsilon Pegasi.", 1766)
$end_multi_text
$Voice: SM306_DB_07.wav
$Recommendation text:
    XSTR("", 10)
$end_multi_text

$Formula: ( and 
   ( is-event-true-delay "Jump okay" 0 ) 
   ( is-destroyed-delay 0 "Vesalius" ) 
)
$Multi text
    XSTR("The destruction of the GTM Vesalius is a tragedy. With the casualties the Shivans have inflicted in Capella, every medical vessel is vital to our efforts.", 1767)
$end_multi_text
$Voice: SM306_DB_08.wav
$Recommendation text:
    XSTR("", 10)
$end_multi_text

$Formula: ( and 
   ( is-event-true-delay "Jump okay" 0 ) 
   ( has-departed-delay 0 "Vesalius" ) 
)
$Multi text
    XSTR("The GTM Vesalius arrived in Epsilon Pegasi. The medical vessel will play a crucial role in handling the influx of refugees from Capella.", 1768)
$end_multi_text
$Voice: SM306_DB_09.wav
$Recommendation text:
    XSTR("", 10)
$end_multi_text

$Formula: ( and 
   ( is-event-true-delay "Jump okay" 0 ) 
   ( is-goal-true-delay 
      "Destroy Shivan Forces" 
      0 
   )
)
$Multi text
    XSTR("Your squadron eliminated all hostile targets. If we are to halt the Shivan advance, every effort must be made to diminish the enemy force.", 1769)
$end_multi_text
$Voice: SM306_DB_10.wav
$Recommendation text:
    XSTR("", 10)
$end_multi_text

$Formula: ( and 
   ( is-event-true-delay "Jump okay" 0 ) 
   ( is-event-true-delay 
      "May continue" 
      0 
   )
)
$Multi text
    XSTR("We need to deploy your unit to 3rd Fleet Headquarters pronto. Assemble your squadron in the ready room.", 1770)
$end_multi_text
$Voice: SM306_DB_12.wav
$Recommendation text:
    XSTR("", 10)
$end_multi_text

$Formula: ( is-event-true-delay "Medal" 0 ) 
$Multi text
    XSTR("For demonstrating exceptional leadership under fire, you are hereby awarded the Meritorious Unit Commendation.", 1771)
$end_multi_text
$Voice: 9_MUC.wav
$Recommendation text:
    XSTR("", 10)
$end_multi_text

#Players		;! 1 total

$Starting Shipname: Alpha 1
$Ship Choices: (
	"GTF Ulysses"	3
	"GTF Hercules Mark II"	3
	"GTF Ares"	3
	"GTF Perseus"	3
)

+Weaponry Pool: (
	"Subach HL-7"	16
	"Morning Star"	100
	"Prometheus S"	24
	"Maxim"	25
	"UD-8 Kayser"	29
	"Circe"	24
	"Lamprey"	24
	"Rockeye"	820
	"Tempest"	880
	"Tornado"	1028
	"Trebuchet"	51
	"TAG-B"	550
)

#Objects		;! 36 total

$Name: Alpha 1		;! Object #0
$Class: GTF Erinyes
$Team: Friendly
$Location: -1143.756836, 572.298218, 2904.458496
$Orientation:
	0.546617, 0.000000, 0.837383,
	-0.116722, 0.990238, 0.076192,
	-0.829208, -0.139389, 0.541280
$AI Behavior: None
$Cargo 1:  XSTR("Nothing", 13)
+Initial Velocity: 100
+Initial Hull: 100
+Subsystem: Pilot
+Primary Banks: ( "UD-8 Kayser" "Maxim" )
+Secondary Banks: ( "Tempest" "Trebuchet" )
$Arrival Location: Hyperspace
$Arrival Cue: ( false ) 
$Departure Location: Hyperspace
$Departure Cue: ( false ) 
$Determination: 10
+Flags: ( "cargo-known" "player-start" )
+Flags2: ( )
+Respawn priority: 0
+Group: 0
+Use Table Score:
+Score: 12

$Name: Alpha 2		;! Object #1
$Class: GTF Erinyes
$Team: Friendly
$Location: -1129.141602, 572.298218, 2821.047852
$Orientation:
	0.563759, 0.000000, 0.825939,
	-0.113035, 0.990591, 0.077154,
	-0.818168, -0.136856, 0.558455
$AI Behavior: None
+AI Class: General
$Cargo 1:  XSTR("Nothing", 13)
+Initial Velocity: 100
+Initial Hull: 100
+Subsystem: Pilot
+Primary Banks: ( "UD-8 Kayser" "UD-8 Kayser" )
+Secondary Banks: ( "Tempest" "Trebuchet" )
$Arrival Location: Hyperspace
$Arrival Cue: ( false ) 
$Departure Location: Hyperspace
$Departure Cue: ( false ) 
$Determination: 10
+Flags: ( "cargo-known" )
+Flags2: ( )
+Respawn priority: 0
+Group: 0
+Score: 10
+Persona Index: 4

$Name: Alpha 3		;! Object #2
$Class: GTF Erinyes
$Team: Friendly
$Location: -1054.433472, 572.298218, 2985.057861
$Orientation:
	0.528988, 0.000000, 0.848629,
	-0.116326, 0.990561, 0.072511,
	-0.840619, -0.137075, 0.523995
$AI Behavior: None
+AI Class: General
$Cargo 1:  XSTR("Nothing", 13)
+Initial Velocity: 100
+Initial Hull: 100
+Subsystem: Pilot
+Primary Banks: ( "UD-8 Kayser" "UD-8 Kayser" )
+Secondary Banks: ( "Tempest" "Trebuchet" )
$Arrival Location: Hyperspace
$Arrival Cue: ( false ) 
$Departure Location: Hyperspace
$Departure Cue: ( false ) 
$Determination: 10
+Flags: ( "cargo-known" )
+Flags2: ( )
+Respawn priority: 0
+Group: 0
+Score: 10

$Name: Nebtuu		;! Object #3
$Class: GVCv Sobek
$Team: Friendly
$Location: -1896.148071, 280.498627, 4131.885742
$Orientation:
	-0.632995, 0.000000, 0.774156,
	0.067128, 0.996234, 0.054888,
	-0.771240, 0.086711, -0.630611
$AI Behavior: None
$AI Goals: ( goals ( ai-waypoints-once "Jump right" 50 ) ( ai-chase "Abraxis" 66 ) ( ai-chase "Gibborim" 55 ) )
$Cargo 1:  XSTR("Nothing", 13)
+Initial Velocity: 90
+Initial Hull: 15
+Initial Shields: 100
+Subsystem: Pilot
+Subsystem: turret01
+Subsystem: turret02
+Subsystem: turret03
+Subsystem: turret04
+Subsystem: turret05
+Subsystem: turret06
+Subsystem: turret07
+Subsystem: turret08
+Subsystem: turret09
+Subsystem: turret10
+Subsystem: turret11
+Subsystem: turret12
+Subsystem: turret13
+Subsystem: turret14
+Subsystem: turret15
+Subsystem: turret16
+Subsystem: turret17
+Subsystem: turret18
+Subsystem: turret19
+Subsystem: turret20
+Subsystem: turret21
+Subsystem: turret22
$Arrival Location: Hyperspace
$Arrival Cue: ( true ) 
$Departure Location: Hyperspace
$Departure Cue: ( < 
   ( distance "Nebtuu" "Jump right:1" ) 
   600 
)
$Determination: 10
+Flags: ( "cargo-known" "no-shields" )
+Flags2: ( )
+Respawn priority: 0
+Orders Accepted: 0		;! note that this is a bitfield!!!
+Group: 0
+Use Table Score:
+Score: 400

$Name: Lambda 1		;! Object #4
$Class: GTT Argo
$Team: Friendly
$Location: -291.752167, -147.002899, 5335.378906
$Orientation:
	-0.642343, 0.000000, 0.766417,
	0.087672, 0.993436, 0.073479,
	-0.761386, 0.114392, -0.638127
$AI Behavior: None
$AI Goals: ( goals ( ai-waypoints-once "Jump right" 50 ) )
$Cargo 1:  XSTR("Civilians", 145)
+Initial Velocity: 30
+Initial Hull: 99
+Initial Shields: 100
+Subsystem: Pilot
+Subsystem: turret01
+Subsystem: turret02
$Arrival Location: Hyperspace
$Arrival Cue: ( true ) 
$Departure Location: Hyperspace
$Departure Cue: ( false ) 
$Determination: 10
+Flags: ( "cargo-known" "no-shields" "escort" )
+Flags2: ( )
+Respawn priority: 0
+Escort priority: 3
+Orders Accepted: 0		;! note that this is a bitfield!!!
+Group: 0
+Score: 10

$Name: Lambda 2		;! Object #5
$Class: GTT Argo
$Team: Friendly
$Location: 115.036682, -130.979675, 5074.250000
$Orientation:
	-0.620816, 0.000000, 0.783957,
	0.084228, 0.994211, 0.066700,
	-0.779419, 0.107439, -0.617222
$AI Behavior: None
$AI Goals: ( goals ( ai-waypoints-once "Jump left" 50 ) )
$Cargo 1:  XSTR("Civilians", 145)
+Initial Velocity: 30
+Initial Hull: 100
+Initial Shields: 100
+Subsystem: Pilot
+Subsystem: turret01
+Subsystem: turret02
$Arrival Location: Hyperspace
$Arrival Cue: ( true ) 
$Departure Location: Hyperspace
$Departure Cue: ( false ) 
$Determination: 10
+Flags: ( "cargo-known" "no-shields" "escort" )
+Flags2: ( )
+Respawn priority: 0
+Escort priority: 3
+Orders Accepted: 0		;! note that this is a bitfield!!!
+Group: 0
+Score: 10

$Name: Abraxis		;! Object #6
$Class: SCv Moloch
$Team: Hostile
$Location: -5455.595215, 0.001153, 2706.962158
$Orientation:
	0.286030, 0.019757, -0.958017,
	-0.033234, 0.999391, 0.010688,
	0.957644, 0.028781, 0.286512
$AI Behavior: None
$AI Goals: ( goals ( ai-chase "Nebtuu" 50 ) )
$Cargo 1:  XSTR("Nothing", 13)
+Initial Velocity: 76
+Initial Hull: 24
+Initial Shields: 100
+Subsystem: Pilot
+Subsystem: turret01
+Subsystem: turret02
+Subsystem: turret03
+Subsystem: turret04
+Sbank Ammo: ( 0 )
+Subsystem: turret05
+Subsystem: turret06
+Subsystem: turret07
+Primary Banks: ( "Shivan Weak Turret Laser" )
+Subsystem: turret08
+Subsystem: turret09
+Primary Banks: ( "Shivan Turret Laser" )
+Subsystem: turret10
+Subsystem: turret11
+Primary Banks: ( "Shivan Turret Laser" )
+Subsystem: turret12
+Subsystem: turret13
+Sbank Ammo: ( 0 )
+Subsystem: turret14
+Subsystem: turret15
+Primary Banks: ( "Shivan Turret Laser" )
+Subsystem: turret16
+Sbank Ammo: ( 0 )
$Arrival Location: Hyperspace
$Arrival Cue: ( true ) 
$Departure Location: Hyperspace
$Departure Cue: ( false ) 
$Determination: 10
+Flags: ( "no-shields" )
+Flags2: ( )
+Respawn priority: 0
+Orders Accepted: 0		;! note that this is a bitfield!!!
+Group: 0
+Score: 5000

$Name: Scorpio 1		;! Object #7
$Class: SB Nahema
$Team: Hostile
$Location: -6318.270508, 0.001677, 2308.927979
$Orientation:
	-0.824435, 0.000000, -0.565956,
	0.000000, 1.000000, 0.000000,
	0.565956, 0.000000, -0.824435
$AI Behavior: None
$Cargo 1:  XSTR("Nothing", 13)
+Initial Velocity: 33
+Initial Hull: 100
+Subsystem: Pilot
+Secondary Banks: ( "Shivan Bomb" "" "" )
+Sbank Ammo: ( 100 0 0 )
$Arrival Location: Hyperspace
$Arrival Cue: ( false ) 
$Departure Location: Hyperspace
$Departure Cue: ( false ) 
$Determination: 10
+Flags: ( )
+Flags2: ( )
+Respawn priority: 0
+Orders Accepted: 0		;! note that this is a bitfield!!!
+Group: 0
+Score: 18

$Name: Scorpio 2		;! Object #8
$Class: SB Nahema
$Team: Hostile
$Location: -6337.541016, 0.001837, 2099.665771
$Orientation:
	-0.824435, 0.000000, -0.565956,
	0.000000, 1.000000, 0.000000,
	0.565956, 0.000000, -0.824435
$AI Behavior: None
$Cargo 1:  XSTR("Nothing", 13)
+Initial Velocity: 33
+Initial Hull: 100
+Subsystem: Pilot
+Secondary Banks: ( "Shivan Bomb" "" "" )
$Arrival Location: Hyperspace
$Arrival Cue: ( false ) 
$Departure Location: Hyperspace
$Departure Cue: ( false ) 
$Determination: 10
+Flags: ( )
+Flags2: ( )
+Respawn priority: 0
+Orders Accepted: 0		;! note that this is a bitfield!!!
+Group: 0
+Score: 18

$Name: Scorpio 3		;! Object #9
$Class: SB Nahema
$Team: Hostile
$Location: -6448.907227, 0.001840, 2311.332031
$Orientation:
	-0.824435, 0.000000, -0.565956,
	0.000000, 1.000000, 0.000000,
	0.565956, 0.000000, -0.824435
$AI Behavior: None
$Cargo 1:  XSTR("Nothing", 13)
+Initial Velocity: 33
+Initial Hull: 100
+Subsystem: Pilot
+Secondary Banks: ( "Shivan Bomb" "" "" )
$Arrival Location: Hyperspace
$Arrival Cue: ( false ) 
$Departure Location: Hyperspace
$Departure Cue: ( false ) 
$Determination: 10
+Flags: ( )
+Flags2: ( )
+Respawn priority: 0
+Orders Accepted: 0		;! note that this is a bitfield!!!
+Group: 0
+Use Table Score:
+Score: 14

$Name: Gibborim		;! Object #10
$Class: SC Cain
$Team: Hostile
$Location: -10771.341797, -0.000111, -3622.740723
$Orientation:
	0.549516, 0.000000, -0.835483,
	-0.180769, 0.976313, -0.118896,
	0.815693, 0.216365, 0.536499
$AI Behavior: None
+AI Class: Major
$AI Goals: ( goals ( ai-chase "Lambda 1" 8 ) ( ai-chase "Lambda 2" 7 ) ( ai-chase "Sulla" 5 ) ( ai-chase "Vesalius" 3 ) )
$Cargo 1:  XSTR("Nothing", 13)
+Initial Velocity: 100
+Initial Hull: 100
+Initial Shields: 100
+Subsystem: Pilot
+Subsystem: turret01
+Subsystem: turret02
+Subsystem: turret03
+Subsystem: turret04
+Subsystem: turret05
+Subsystem: turret06
+Subsystem: turret07
+Subsystem: turret08
+Subsystem: turret09
$Arrival Location: Hyperspace
$Arrival Cue: ( has-arrived-delay 35 "Scorpio" ) 
$Departure Location: Hyperspace
$Departure Cue: ( false ) 
$Determination: 10
+Flags: ( "no-shields" )
+Flags2: ( )
+Respawn priority: 0
+Orders Accepted: 0		;! note that this is a bitfield!!!
+Group: 0
+Score: 400

$Name: Leo 1		;! Object #11
$Class: SF Manticore
$Team: Hostile
$Location: -7462.958008, -0.001344, 2288.567627
$Orientation:
	-0.824435, 0.000000, -0.565956,
	0.000000, 1.000000, 0.000000,
	0.565956, 0.000000, -0.824435
$AI Behavior: None
$Cargo 1:  XSTR("Nothing", 13)
+Initial Velocity: 33
+Subsystem: Pilot
+Primary Banks: ( "Shivan Heavy Laser" )
+Sbank Ammo: ( 50 50 )
$Arrival Location: Hyperspace
$Arrival Cue: ( false ) 
$Departure Location: Hyperspace
$Departure Cue: ( false ) 
$Determination: 10
+Flags: ( )
+Flags2: ( )
+Respawn priority: 0
+Orders Accepted: 0		;! note that this is a bitfield!!!
+Group: 0
+Use Table Score:
+Score: 12

$Name: Leo 2		;! Object #12
$Class: SF Manticore
$Team: Hostile
$Location: -7439.333984, -0.001351, 2435.747803
$Orientation:
	-0.824435, 0.000000, -0.565956,
	0.000000, 1.000000, 0.000000,
	0.565956, 0.000000, -0.824435
$AI Behavior: None
$Cargo 1:  XSTR("Nothing", 13)
+Initial Velocity: 33
+Subsystem: Pilot
+Primary Banks: ( "Shivan Heavy Laser" )
+Sbank Ammo: ( 50 50 )
$Arrival Location: Hyperspace
$Arrival Cue: ( false ) 
$Departure Location: Hyperspace
$Departure Cue: ( false ) 
$Determination: 10
+Flags: ( )
+Flags2: ( )
+Respawn priority: 0
+Orders Accepted: 0		;! note that this is a bitfield!!!
+Group: 0
+Use Table Score:
+Score: 12

$Name: Aries 1		;! Object #13
$Class: SF Manticore
$Team: Hostile
$Location: -5629.295410, -0.001555, -697.878296
$Orientation:
	0.668510, 0.000000, -0.743703,
	0.000000, 1.000000, 0.000000,
	0.743703, 0.000000, 0.668510
$AI Behavior: None
$Cargo 1:  XSTR("Nothing", 13)
+Initial Velocity: 33
+Subsystem: Pilot
+Primary Banks: ( "Shivan Heavy Laser" )
+Sbank Ammo: ( 50 100 )
$Arrival Location: Hyperspace
$Arrival Cue: ( false ) 
$Departure Location: Hyperspace
$Departure Cue: ( false ) 
$Determination: 10
+Flags: ( )
+Flags2: ( )
+Respawn priority: 0
+Orders Accepted: 0		;! note that this is a bitfield!!!
+Group: 0
+Use Table Score:
+Score: 12

$Name: Aries 2		;! Object #14
$Class: SF Manticore
$Team: Hostile
$Location: -5777.348145, -0.001562, -680.511597
$Orientation:
	0.661050, 0.000000, -0.750342,
	0.000000, 1.000000, 0.000000,
	0.750342, 0.000000, 0.661050
$AI Behavior: None
$Cargo 1:  XSTR("Nothing", 13)
+Initial Velocity: 33
+Subsystem: Pilot
+Primary Banks: ( "Shivan Heavy Laser" )
+Sbank Ammo: ( 50 100 )
$Arrival Location: Hyperspace
$Arrival Cue: ( false ) 
$Departure Location: Hyperspace
$Departure Cue: ( false ) 
$Determination: 10
+Flags: ( )
+Flags2: ( )
+Respawn priority: 0
+Orders Accepted: 0		;! note that this is a bitfield!!!
+Group: 0
+Use Table Score:
+Score: 12

$Name: Theta 1		;! Object #15
$Class: GTF Erinyes
$Team: Friendly
$Location: -938.532532, 0.001047, 4885.864746
$Orientation:
	-0.824435, 0.000000, -0.565956,
	0.000000, 1.000000, 0.000000,
	0.565956, 0.000000, -0.824435
$AI Behavior: None
+AI Class: General
$Cargo 1:  XSTR("Nothing", 13)
+Initial Hull: 100
+Subsystem: Pilot
+Primary Banks: ( "UD-8 Kayser" "UD-8 Kayser" )
+Secondary Banks: ( "Trebuchet" "Trebuchet" )
$Arrival Location: Hyperspace
$Arrival Cue: ( false ) 
$Departure Location: Hyperspace
$Departure Cue: ( false ) 
$Determination: 10
+Flags: ( "cargo-known" )
+Flags2: ( )
+Respawn priority: 0
+Group: 0
+Score: 10

$Name: Theta 2		;! Object #16
$Class: GTF Erinyes
$Team: Friendly
$Location: -898.894836, 0.000906, 4965.569824
$Orientation:
	-0.824435, 0.000000, -0.565956,
	0.000000, 1.000000, 0.000000,
	0.565956, 0.000000, -0.824435
$AI Behavior: None
+AI Class: Colonel
$Cargo 1:  XSTR("Nothing", 13)
+Initial Hull: 100
+Subsystem: Pilot
+Primary Banks: ( "UD-8 Kayser" "UD-8 Kayser" )
+Secondary Banks: ( "Trebuchet" "Trebuchet" )
$Arrival Location: Hyperspace
$Arrival Cue: ( false ) 
$Departure Location: Hyperspace
$Departure Cue: ( false ) 
$Determination: 10
+Flags: ( "cargo-known" )
+Flags2: ( )
+Respawn priority: 0
+Group: 0
+Score: 10

$Name: Theta 3		;! Object #17
$Class: GTF Erinyes
$Team: Friendly
$Location: -1096.660522, 0.001027, 5049.334961
$Orientation:
	-0.824435, 0.000000, -0.565956,
	0.000000, 1.000000, 0.000000,
	0.565956, 0.000000, -0.824435
$AI Behavior: None
+AI Class: Colonel
$Cargo 1:  XSTR("Nothing", 13)
+Initial Hull: 100
+Subsystem: Pilot
+Primary Banks: ( "UD-8 Kayser" "UD-8 Kayser" )
+Secondary Banks: ( "Trebuchet" "Trebuchet" )
$Arrival Location: Hyperspace
$Arrival Cue: ( false ) 
$Departure Location: Hyperspace
$Departure Cue: ( false ) 
$Determination: 10
+Flags: ( "cargo-known" )
+Flags2: ( )
+Respawn priority: 0
+Group: 0
+Score: 10

$Name: Theta 4		;! Object #18
$Class: GTF Erinyes
$Team: Friendly
$Location: -1007.719116, 0.000949, 5121.322266
$Orientation:
	-0.824435, 0.000000, -0.565956,
	0.000000, 1.000000, 0.000000,
	0.565956, 0.000000, -0.824435
$AI Behavior: None
+AI Class: Colonel
$Cargo 1:  XSTR("Nothing", 13)
+Initial Hull: 100
+Subsystem: Pilot
+Primary Banks: ( "UD-8 Kayser" "UD-8 Kayser" )
+Secondary Banks: ( "Trebuchet" "Trebuchet" )
$Arrival Location: Hyperspace
$Arrival Cue: ( false ) 
$Departure Location: Hyperspace
$Departure Cue: ( false ) 
$Determination: 10
+Flags: ( "cargo-known" )
+Flags2: ( )
+Respawn priority: 0
+Group: 0
+Score: 10

$Name: Cancer 1		;! Object #19
$Class: SB Seraphim
$Team: Hostile
$Location: -5770.104004, -0.003560, -547.862183
$Orientation:
	0.654454, 0.000000, -0.756102,
	0.000000, 1.000000, 0.000000,
	0.756102, 0.000000, 0.654454
$AI Behavior: None
$Cargo 1:  XSTR("Nothing", 13)
+Initial Velocity: 33
+Initial Hull: 100
+Subsystem: Pilot
+Secondary Banks: ( "Shivan Bomb" "Shivan Bomb" "" "" )
+Sbank Ammo: ( 100 100 0 0 )
+Subsystem: turret01
+Subsystem: turret02
$Arrival Location: Hyperspace
$Arrival Cue: ( false ) 
$Departure Location: Hyperspace
$Departure Cue: ( false ) 
$Determination: 10
+Flags: ( )
+Flags2: ( )
+Respawn priority: 0
+Orders Accepted: 0		;! note that this is a bitfield!!!
+Group: 0
+Score: 18

$Name: Cancer 2		;! Object #20
$Class: SB Seraphim
$Team: Hostile
$Location: -5823.621582, -75.776939, -577.761108
$Orientation:
	0.638522, 0.000000, -0.769604,
	0.000000, 1.000000, 0.000000,
	0.769604, 0.000000, 0.638522
$AI Behavior: None
$Cargo 1:  XSTR("Nothing", 13)
+Initial Velocity: 33
+Initial Hull: 100
+Subsystem: Pilot
+Secondary Banks: ( "Shivan Bomb" "Shivan Bomb" "" "" )
+Sbank Ammo: ( 100 100 40 100 )
+Subsystem: turret01
+Subsystem: turret02
$Arrival Location: Hyperspace
$Arrival Cue: ( false ) 
$Departure Location: Hyperspace
$Departure Cue: ( false ) 
$Determination: 10
+Flags: ( )
+Flags2: ( )
+Respawn priority: 0
+Orders Accepted: 0		;! note that this is a bitfield!!!
+Group: 0
+Score: 18

$Name: Gemini 1		;! Object #21
$Class: SB Nahema
$Team: Hostile
$Location: -9516.513672, -0.009916, -412.533203
$Orientation:
	-0.824435, 0.000000, -0.565956,
	0.000000, 1.000000, 0.000000,
	0.565956, 0.000000, -0.824435
$AI Behavior: None
$Cargo 1:  XSTR("Nothing", 13)
+Initial Velocity: 33
+Initial Hull: 100
+Subsystem: Pilot
+Secondary Banks: ( "Shivan Bomb" "Piranha#Shivan" "Shivan Bomb" )
+Sbank Ammo: ( 100 66 100 )
$Arrival Location: Hyperspace
$Arrival Cue: ( false ) 
$Departure Location: Hyperspace
$Departure Cue: ( false ) 
$Determination: 10
+Flags: ( )
+Flags2: ( )
+Respawn priority: 0
+Orders Accepted: 0		;! note that this is a bitfield!!!
+Group: 0
+Score: 18

$Name: Libra 1		;! Object #22
$Class: SF Mara
$Team: Hostile
$Location: -9577.439453, -0.009314, -507.827148
$Orientation:
	-0.824435, 0.000000, -0.565956,
	0.000000, 1.000000, 0.000000,
	0.565956, 0.000000, -0.824435
$AI Behavior: None
$Cargo 1:  XSTR("Nothing", 13)
+Initial Velocity: 33
+Initial Hull: 100
+Subsystem: Pilot
+Primary Banks: ( "Shivan Light Laser" "Shivan Heavy Laser" )
+Secondary Banks: ( "Rockeye#Shivan" "" )
+Sbank Ammo: ( 50 0 )
$Arrival Location: Hyperspace
$Arrival Cue: ( false ) 
$Departure Location: Hyperspace
$Departure Cue: ( false ) 
$Determination: 10
+Flags: ( )
+Flags2: ( )
+Respawn priority: 0
+Orders Accepted: 0		;! note that this is a bitfield!!!
+Group: 0
+Use Table Score:
+Score: 12

$Name: Libra 2		;! Object #23
$Class: SF Mara
$Team: Hostile
$Location: -9622.529297, -0.009248, -495.319824
$Orientation:
	-0.824435, 0.000000, -0.565956,
	0.000000, 1.000000, 0.000000,
	0.565956, 0.000000, -0.824435
$AI Behavior: None
$Cargo 1:  XSTR("Nothing", 13)
+Initial Velocity: 33
+Initial Hull: 100
+Subsystem: Pilot
+Primary Banks: ( "Shivan Light Laser" "Shivan Heavy Laser" )
+Secondary Banks: ( "Rockeye#Shivan" "" )
+Sbank Ammo: ( 50 0 )
$Arrival Location: Hyperspace
$Arrival Cue: ( false ) 
$Departure Location: Hyperspace
$Departure Cue: ( false ) 
$Determination: 10
+Flags: ( )
+Flags2: ( )
+Respawn priority: 0
+Orders Accepted: 0		;! note that this is a bitfield!!!
+Group: 0
+Use Table Score:
+Score: 12

$Name: Vesalius		;! Object #24
$Class: GTM Hippocrates
$Team: Friendly
$Location: -507.898041, -86.629425, 4274.311035
$Orientation:
	-0.634491, 0.000000, 0.772930,
	0.082153, 0.994335, 0.067439,
	-0.768552, 0.106288, -0.630897
$AI Behavior: None
$AI Goals: ( goals ( ai-waypoints-once "center" 89 ) )
$Cargo 1:  XSTR("Troops", 1772)
+Initial Velocity: 98
+Initial Hull: 100
+Initial Shields: 100
+Subsystem: Pilot
+Subsystem: turret01
+Subsystem: turret02
+Subsystem: turret03
+Subsystem: turret04
+Subsystem: turret05
$Arrival Location: Hyperspace
$Arrival Cue: ( true ) 
$Departure Location: Hyperspace
$Departure Cue: ( false ) 
$Determination: 10
+Flags: ( "cargo-known" "no-shields" "escort" )
+Flags2: ( )
+Respawn priority: 0
+Escort priority: 2
+Orders Accepted: 0		;! note that this is a bitfield!!!
+Group: 0
+Score: 10

$Name: Sulla		;! Object #25
$Class: GTFR Triton
$Team: Friendly
$Location: 117.576187, 511.474457, 4026.876953
$Orientation:
	0.620810, 0.000002, -0.783962,
	-0.100303, -0.991781, -0.079430,
	-0.777519, 0.127944, -0.615708
$AI Behavior: None
$AI Goals: ( goals ( ai-waypoints-once "Jump left" 50 ) )
$Cargo 1:  XSTR("Troops", 1772)
+Initial Velocity: 100
+Initial Hull: 99
+Initial Shields: 100
+Subsystem: Pilot
+Subsystem: turret01
+Subsystem: turret02
$Arrival Location: Hyperspace
$Arrival Cue: ( true ) 
$Departure Location: Hyperspace
$Departure Cue: ( false ) 
$Determination: 10
+Flags: ( "cargo-known" "no-shields" "escort" )
+Flags2: ( )
+Respawn priority: 0
+Escort priority: 1
+Orders Accepted: 0		;! note that this is a bitfield!!!
+Group: 0
+Score: 10

$Name: TC-TRI 32		;! Object #26
$Class: TC-TRI
$Team: Friendly
$Location: -32.417015, 525.101929, 3908.979736
$Orientation:
	0.620788, -0.000180, -0.783979,
	-0.100333, -0.991795, -0.079219,
	-0.777532, 0.127837, -0.615713
$AI Behavior: None
$Cargo 1:  XSTR("Foodstuffs", 959)
+Initial Hull: 95
+Initial Shields: 100
+Subsystem: Pilot
$Arrival Location: Hyperspace
$Arrival Cue: ( false ) 
$Departure Location: Hyperspace
$Departure Cue: ( false ) 
$Determination: 10
+Flags: ( "cargo-known" "no-shields" )
+Flags2: ( )
+Respawn priority: 0
+Docked With: Sulla
$Docker Point: Cargo Dock01
$Dockee Point: Cargo Dockpoint
+Group: 0
+Score: 5
$Texture Replace:
+old: nameplate
+new: GTFr_Sulla

$Name: Virgo 1		;! Object #27
$Class: SB Seraphim
$Team: Hostile
$Location: -3234.565186, 0.000181, 8715.843750
$Orientation:
	1.000000, 0.000000, 0.000000,
	0.000000, 1.000000, 0.000000,
	0.000000, 0.000000, 1.000000
$AI Behavior: None
+AI Class: Major
$Cargo 1:  XSTR("Nothing", 13)
+Initial Velocity: 33
+Initial Hull: 100
+Subsystem: Pilot
+Secondary Banks: ( "Shivan Bomb" "Shivan Bomb" "Rockeye#Shivan" "Rockeye#Shivan" )
+Sbank Ammo: ( 100 100 50 50 )
+Subsystem: turret01
+Subsystem: turret02
$Arrival Location: Hyperspace
$Arrival Cue: ( false ) 
$Departure Location: Hyperspace
$Departure Cue: ( false ) 
$Determination: 10
+Flags: ( )
+Flags2: ( )
+Respawn priority: 0
+Orders Accepted: 0		;! note that this is a bitfield!!!
+Group: 0
+Score: 18

$Name: Virgo 2		;! Object #28
$Class: SB Seraphim
$Team: Hostile
$Location: -3510.725830, -0.000339, 8902.279297
$Orientation:
	1.000000, 0.000000, 0.000000,
	0.000000, 1.000000, 0.000000,
	0.000000, 0.000000, 1.000000
$AI Behavior: None
+AI Class: Major
$Cargo 1:  XSTR("Nothing", 13)
+Initial Velocity: 33
+Initial Hull: 100
+Subsystem: Pilot
+Secondary Banks: ( "Shivan Bomb" "Shivan Bomb" "Rockeye#Shivan" "Rockeye#Shivan" )
+Sbank Ammo: ( 100 100 50 50 )
+Subsystem: turret01
+Subsystem: turret02
$Arrival Location: Hyperspace
$Arrival Cue: ( false ) 
$Departure Location: Hyperspace
$Departure Cue: ( false ) 
$Determination: 10
+Flags: ( )
+Flags2: ( )
+Respawn priority: 0
+Orders Accepted: 0		;! note that this is a bitfield!!!
+Group: 0
+Score: 18

$Name: Virgo 3		;! Object #29
$Class: SB Seraphim
$Team: Hostile
$Location: -2924.943604, -0.000356, 9054.694336
$Orientation:
	1.000000, 0.000000, 0.000000,
	0.000000, 1.000000, 0.000000,
	0.000000, 0.000000, 1.000000
$AI Behavior: None
+AI Class: Major
$Cargo 1:  XSTR("Nothing", 13)
+Initial Velocity: 33
+Initial Hull: 100
+Subsystem: Pilot
+Secondary Banks: ( "Shivan Bomb" "Shivan Bomb" "Rockeye#Shivan" "Rockeye#Shivan" )
+Sbank Ammo: ( 100 100 50 50 )
+Subsystem: turret01
+Subsystem: turret02
$Arrival Location: Hyperspace
$Arrival Cue: ( false ) 
$Departure Location: Hyperspace
$Departure Cue: ( false ) 
$Determination: 10
+Flags: ( )
+Flags2: ( )
+Respawn priority: 0
+Orders Accepted: 0		;! note that this is a bitfield!!!
+Group: 0
+Score: 18

$Name: Taurus 1		;! Object #30
$Class: SF Mara
$Team: Hostile
$Location: -9933.773438, 0.000046, -3263.265625
$Orientation:
	0.686097, 0.000000, -0.727510,
	0.000000, 1.000000, 0.000000,
	0.727510, 0.000000, 0.686097
$AI Behavior: None
$Cargo 1:  XSTR("Nothing", 13)
+Initial Velocity: 33
+Initial Hull: 100
+Subsystem: Pilot
+Sbank Ammo: ( 100 50 )
$Arrival Location: Hyperspace
$Arrival Cue: ( false ) 
$Departure Location: Hyperspace
$Departure Cue: ( false ) 
$Determination: 10
+Flags: ( )
+Flags2: ( )
+Respawn priority: 0
+Orders Accepted: 0		;! note that this is a bitfield!!!
+Group: 0
+Use Table Score:
+Score: 12

$Name: Taurus 2		;! Object #31
$Class: SF Mara
