#Mission Info

$Version: 0.10
$Name:  XSTR("Apocalypse", 1942)
$Author: James Agay @ V
$Created: 06/14/99 at 14:59:27
$Modified: 03/28/20 at 15:15:50
$Notes:
This is a FRED created mission
$End Notes:

$Mission Desc:
 XSTR("The 70th Blue Lions must cover the escape of the Allied fleet through the Vega jump node.", 1943)
$end_multi_text
+Game Type Flags: 1
+Flags: 67584
+Fog Near Mult: 1.000000

+Fog Far Mult: 1.000000

+Disallow Support: 0
+Hull Repair Ceiling: 0.000000
+Subsystem Repair Ceiling: 100.000000

+Player Entry Delay:
2.000000

+Viewer pos: -1301.115601, 2280.703613, -5900.321777
+Viewer orient:
	-0.939034, -0.000000, 0.343823,
	-0.080440, 0.972247, -0.219693,
	-0.334281, -0.233956, -0.912974
+SquadReassignName: 70th Blue Lions
+SquadReassignLogo: lion1.pcx


$Skybox Model: ShivBox.pof

$AI Profile: FS2 RETAIL

#Command Briefing

#Briefing
$start_briefing
$num_stages: 1
$start_stage
$multi_text
 XSTR("Excellent work. The detonation of the $f Bastion's $y Meson bombs created a subspace cataclysm that sealed off the node. You and the $w 70th $w Blue $w Lions deserve the highest commendation.

The Security Council has authorized the deployment of the $f GTD $f Nereid$|. The destroyer will depart from the $b Vega system and collapse the node in fifteen minutes. We must therefore complete our evacuation of $b Capella by that time. Any ship that remains behind will be trapped with the Shivan armada.

Your objective is to defend our convoys as they flee through the $b Vega node. Cargo ships, personnel transports, medical vessels, and the remnants of the allied fleet are now in transit. These convoys are under heavy bomber fire. If we don't provide cover, thousands will die. 

Your secondary objective is to prevent Shivan warships from entering the $b Vega node. The Allied fleet has been pulverized, so for the sake of all Terrans and Vasudans, the war must end here. You will receive authorization to enter the $b Vega node and leave the system once the $f Nereid has been deployed.", 1944)
$end_multi_text
$voice: SM310_MB_01.wav
$camera_pos: 5910.959961, 4649.241699, 193.832443
$camera_orient:
	0.999829, 0.000000, -0.018516,
	0.018515, -0.008694, 0.999791,
	-0.000161, -0.999962, -0.008693
$camera_time: 500
$num_lines: 0
$num_icons: 0
$Flags: 0
$Formula: ( true ) 
$end_stage
$end_briefing

#Debriefing_info

$Num stages: 0

#Players		;! 1 total

$Starting Shipname: Alpha 1
$Ship Choices: (
)

+Weaponry Pool: (
	"Subach HL-7"	0
	"Prometheus R"	0
	"UD-8 Kayser"	0
	"Circe"	0
	"Tornado"	544
	"Harpoon"	0
	"Trebuchet"	68
	"TAG-B"	100
	"Infyrno"	0
	"Maxim"	4
	"Devastator"	12
	"Starfury"	4
)

#Objects		;! 86 total

$Name: Alpha 1		;! Object #0
$Class: GTF Erinyes
$Team: Friendly
$Location: -5508.541504, 60.999985, -9393.277344
$Orientation:
	-0.666328, 0.000000, -0.745659,
	0.164433, 0.975382, -0.146939,
	0.727302, -0.220520, -0.649925
$AI Behavior: None
$Cargo 1:  XSTR("Nothing", 13)
+Initial Hull: 100
+Subsystem: Pilot
+Primary Banks: ( "Starfury" "Devastator" )
+Secondary Banks: ( "Tornado" "Tornado" )
$Arrival Location: Hyperspace
$Arrival Cue: ( false ) 
$Departure Location: Hyperspace
$Departure Cue: ( false ) 
$Determination: 10
+Flags: ( "cargo-known" "player-start" )
+Flags2: ( )
+Respawn priority: 0
+Group: 0
+Use Table Score:
+Score: 12

$Name: Alpha 2		;! Object #1
$Class: GTF Erinyes
$Team: Friendly
$Location: -5505.667480, 61.001476, -9339.396484
$Orientation:
	-0.687868, 0.000000, -0.725836,
	0.145927, 0.979582, -0.138294,
	0.711016, -0.201047, -0.673822
$AI Behavior: None
$Cargo 1:  XSTR("Nothing", 13)
+Initial Hull: 100
+Subsystem: Pilot
+Primary Banks: ( "Starfury" "Devastator" )
+Secondary Banks: ( "Tornado" "Tornado" )
$Arrival Location: Hyperspace
$Arrival Cue: ( false ) 
$Departure Location: Hyperspace
$Departure Cue: ( false ) 
$Determination: 10
+Flags: ( "cargo-known" )
+Flags2: ( )
+Respawn priority: 0
+Group: 1
+Score: 10

$Name: Alpha 3		;! Object #2
$Class: GTF Erinyes
$Team: Friendly
$Location: -5552.464844, 61.001480, -9380.881836
$Orientation:
	-0.730710, 0.000000, -0.682688,
	0.147102, 0.976509, -0.157450,
	0.666651, -0.215475, -0.713546
$AI Behavior: None
$Cargo 1:  XSTR("Nothing", 13)
+Initial Hull: 100
+Subsystem: Pilot
+Primary Banks: ( "Starfury" "Devastator" )
+Secondary Banks: ( "Tornado" "Tornado" )
$Arrival Location: Hyperspace
$Arrival Cue: ( false ) 
$Departure Location: Hyperspace
$Departure Cue: ( false ) 
$Determination: 10
+Flags: ( "cargo-known" )
+Flags2: ( )
+Respawn priority: 0
+Group: 1
+Score: 10

$Name: Alpha 4		;! Object #3
$Class: GTF Erinyes
$Team: Friendly
$Location: -5552.141113, 61.001495, -9324.596680
$Orientation:
	-0.734763, 0.000000, -0.678324,
	0.137285, 0.979305, -0.148708,
	0.664287, -0.202389, -0.719557
$AI Behavior: None
$Cargo 1:  XSTR("Nothing", 13)
+Initial Hull: 100
+Subsystem: Pilot
+Primary Banks: ( "Starfury" "Devastator" )
+Secondary Banks: ( "Tornado" "Tornado" )
$Arrival Location: Hyperspace
$Arrival Cue: ( false ) 
$Departure Location: Hyperspace
$Departure Cue: ( false ) 
$Determination: 10
+Flags: ( "cargo-known" )
+Flags2: ( )
+Respawn priority: 0
+Group: 1
+Score: 10

$Name: Malta		;! Object #4
$Class: GTC Aeolus
$Team: Friendly
$Location: -4405.842773, -10.977936, -12720.207031
$Orientation:
	-1.000000, 0.000000, 0.000508,
	0.000001, 0.999999, 0.001630,
	-0.000508, 0.001630, -0.999999
$AI Behavior: None
$AI Goals: ( goals ( ai-waypoints-once "Jump Node Left" 50 ) )
$Cargo 1:  XSTR("Nothing", 13)
+Initial Velocity: 33
+Initial Hull: 12
+Initial Shields: 100
+Subsystem: Pilot
+Subsystem: turret01
+Primary Banks: ( "Heavy Flak" )
+Subsystem: turret02
+Subsystem: turret03
+Subsystem: turret04
+Subsystem: turret05
+Subsystem: turret06
+Subsystem: turret07
+Subsystem: turret08
+Subsystem: turret09
+Subsystem: turret10
+Subsystem: turret11
+Subsystem: turret12
$Arrival Location: Hyperspace
$Arrival Cue: ( true ) 
$Departure Location: Hyperspace
$Departure Cue: ( < 
   ( distance "Jump Node Left:1" "Malta" ) 
   300 
)
$Determination: 10
+Flags: ( "cargo-known" "no-shields" "red-alert-carry" )
+Flags2: ( )
+Respawn priority: 0
+Orders Accepted: 0		;! note that this is a bitfield!!!
+Group: 0
+Score: 400
$Texture Replace:
+old: nameplate
+new: GTC_Malta

$Name: Ertanax		;! Object #5
$Class: GTC Aeolus
$Team: Friendly
$Location: -6241.943848, 0.017260, -13710.547852
$Orientation:
	-0.999263, 0.000000, 0.038398,
	0.000000, 1.000000, 0.000000,
	-0.038398, 0.000000, -0.999263
$AI Behavior: None
$AI Goals: ( goals ( ai-waypoints-once "Jump Node right" 50 ) )
$Cargo 1:  XSTR("Nothing", 13)
+Initial Velocity: 33
+Initial Hull: 32
+Initial Shields: 100
+Subsystem: Pilot
+Subsystem: turret01
+Primary Banks: ( "Heavy Flak" )
+Subsystem: turret02
+Subsystem: turret03
+Subsystem: turret04
+Subsystem: turret05
+Subsystem: turret06
+Subsystem: turret07
+Subsystem: turret08
+Subsystem: turret09
+Subsystem: turret10
+Subsystem: turret11
+Subsystem: turret12
$Arrival Location: Hyperspace
+Arrival Delay: 1
$Arrival Cue: ( true ) 
$Departure Location: Hyperspace
$Departure Cue: ( < 
   ( distance 
      "Jump Node right:1" 
      "Ertanax" 
   )
   300 
)
$Determination: 10
+Flags: ( "cargo-known" "no-shields" "red-alert-carry" )
+Flags2: ( )
+Respawn priority: 0
+Destroy At: 1
+Orders Accepted: 0		;! note that this is a bitfield!!!
+Group: 0
+Score: 400
$Texture Replace:
+old: nameplate
+new: GTC_Ertanax

$Name: SJD Sathanas 15		;! Object #6
$Class: SJD Sathanas
$Team: Hostile
$Location: 218824.890625, -4996.616211, -11096.304688
$Orientation:
	1.000000, 0.000000, 0.000000,
	0.000000, 1.000000, 0.000000,
	0.000000, 0.000000, 1.000000
$AI Behavior: None
$Cargo 1:  XSTR("Nothing", 13)
+Initial Velocity: 33
+Initial Hull: 100
+Initial Shields: 100
+Subsystem: Pilot
$Arrival Location: Hyperspace
$Arrival Cue: ( true ) 
$Departure Location: Hyperspace
$Departure Cue: ( false ) 
$Determination: 10
+Flags: ( "ignore-count" "protect-ship" "no-shields" "invulnerable" "hidden-from-sensors" "no-dynamic" "beam-protect-ship" )
+Flags2: ( )
+Respawn priority: 0
+Group: 0
+Score: 10000

$Name: SJD Sathanas 16		;! Object #7
$Class: SJD Sathanas
$Team: Hostile
$Location: 217169.390625, -4996.615723, -19390.552734
$Orientation:
	1.000000, 0.000000, 0.000000,
	0.000000, 1.000000, 0.000000,
	0.000000, 0.000000, 1.000000
$AI Behavior: None
$Cargo 1:  XSTR("Nothing", 13)
+Initial Velocity: 33
+Initial Hull: 100
+Initial Shields: 100
+Subsystem: Pilot
$Arrival Location: Hyperspace
$Arrival Cue: ( true ) 
$Departure Location: Hyperspace
$Departure Cue: ( false ) 
$Determination: 10
+Flags: ( "ignore-count" "protect-ship" "no-shields" "invulnerable" "hidden-from-sensors" "no-dynamic" "beam-protect-ship" )
+Flags2: ( )
+Respawn priority: 0
+Group: 0
+Score: 10000

$Name: SJD Sathanas 17		;! Object #8
$Class: SJD Sathanas
$Team: Hostile
$Location: 228056.421875, -4996.616211, -28355.302734
$Orientation:
	1.000000, 0.000000, 0.000000,
	0.000000, 1.000000, 0.000000,
	0.000000, 0.000000, 1.000000
$AI Behavior: None
$Cargo 1:  XSTR("Nothing", 13)
+Initial Velocity: 33
+Initial Hull: 100
+Initial Shields: 100
+Subsystem: Pilot
$Arrival Location: Hyperspace
$Arrival Cue: ( true ) 
$Departure Location: Hyperspace
$Departure Cue: ( false ) 
$Determination: 10
+Flags: ( "ignore-count" "protect-ship" "no-shields" "invulnerable" "hidden-from-sensors" "no-dynamic" "beam-protect-ship" )
+Flags2: ( )
+Respawn priority: 0
+Group: 0
+Score: 10000

$Name: SJD Sathanas 18		;! Object #9
$Class: SJD Sathanas
$Team: Hostile
$Location: 179800.203125, 216.317627, -8354.054688
$Orientation:
	1.000000, 0.000000, 0.000000,
	0.000000, 1.000000, 0.000000,
	0.000000, 0.000000, 1.000000
$AI Behavior: None
$Cargo 1:  XSTR("Nothing", 13)
+Initial Velocity: 33
+Initial Hull: 100
+Initial Shields: 100
+Subsystem: Pilot
$Arrival Location: Hyperspace
$Arrival Cue: ( true ) 
$Departure Location: Hyperspace
$Departure Cue: ( false ) 
$Determination: 10
+Flags: ( "ignore-count" "protect-ship" "no-shields" "invulnerable" "hidden-from-sensors" "no-dynamic" "beam-protect-ship" )
+Flags2: ( )
+Respawn priority: 0
+Group: 0
+Score: 10000

$Name: SJD Sathanas 19		;! Object #10
$Class: SJD Sathanas
$Team: Hostile
$Location: 177143.625000, 216.318115, -15357.053711
$Orientation:
	1.000000, 0.000000, 0.000000,
	0.000000, 1.000000, 0.000000,
	0.000000, 0.000000, 1.000000
$AI Behavior: None
$Cargo 1:  XSTR("Nothing", 13)
+Initial Velocity: 33
+Initial Hull: 100
+Initial Shields: 100
+Subsystem: Pilot
$Arrival Location: Hyperspace
$Arrival Cue: ( true ) 
$Departure Location: Hyperspace
$Departure Cue: ( false ) 
$Determination: 10
+Flags: ( "ignore-count" "protect-ship" "no-shields" "invulnerable" "hidden-from-sensors" "no-dynamic" "beam-protect-ship" )
+Flags2: ( )
+Respawn priority: 0
$Special Explosion:
+Special Exp Damage: 475
+Special Exp Blast: 3500
+Special Exp Inner Radius: 500
+Special Exp Outer Radius: 4400
+Special Exp Shockwave Speed: 600
+Group: 0
+Score: 10000

$Name: SJD Sathanas 20		;! Object #11
$Class: SJD Sathanas
$Team: Hostile
$Location: 192303.234375, 3550.367676, -12355.554688
$Orientation:
	1.000000, 0.000000, 0.000000,
	0.000000, 1.000000, 0.000000,
	0.000000, 0.000000, 1.000000
$AI Behavior: None
$Cargo 1:  XSTR("Nothing", 13)
+Initial Velocity: 33
+Initial Hull: 100
+Initial Shields: 100
+Subsystem: Pilot
$Arrival Location: Hyperspace
$Arrival Cue: ( true ) 
$Departure Location: Hyperspace
$Departure Cue: ( false ) 
$Determination: 10
+Flags: ( "ignore-count" "protect-ship" "no-shields" "invulnerable" "hidden-from-sensors" "no-dynamic" "beam-protect-ship" )
+Flags2: ( )
+Respawn priority: 0
+Group: 0
+Score: 10000

$Name: Templar		;! Object #12
$Class: GTC Aeolus
$Team: Friendly
$Location: -4545.148438, 818.604553, -13695.993164
$Orientation:
	-0.999263, 0.000000, 0.038398,
	0.000000, 1.000000, 0.000000,
	-0.038398, 0.000000, -0.999263
$AI Behavior: None
$AI Goals: ( goals ( ai-waypoints-once "Jump node high" 50 ) )
$Cargo 1:  XSTR("Nothing", 13)
+Initial Velocity: 88
+Initial Hull: 87
+Initial Shields: 100
+Subsystem: Pilot
+Subsystem: turret01
+Subsystem: turret02
+Subsystem: turret03
+Subsystem: turret04
+Subsystem: turret05
+Subsystem: turret06
+Subsystem: turret07
+Subsystem: turret08
+Subsystem: turret09
+Subsystem: turret10
+Subsystem: turret11
+Subsystem: turret12
$Arrival Location: Hyperspace
+Arrival Delay: 1
$Arrival Cue: ( true ) 
$Departure Location: Hyperspace
$Departure Cue: ( < 
   ( distance 
      "Jump node high:1" 
      "Templar" 
   )
   300 
)
$Determination: 10
+Flags: ( "cargo-known" "no-shields" "red-alert-carry" )
+Flags2: ( )
+Respawn priority: 0
+Destroy At: 1
+Orders Accepted: 0		;! note that this is a bitfield!!!
+Group: 0
+Score: 400
$Texture Replace:
+old: nameplate
+new: GTC_Templar

$Name: Gamma 1		;! Object #13
$Class: GTF Perseus
$Team: Friendly
$Location: -5492.509766, -0.010450, -13255.564453
$Orientation:
	-0.999263, 0.000000, 0.038398,
	0.000000, 1.000000, 0.000000,
	-0.038398, 0.000000, -0.999263
$AI Behavior: None
+AI Class: Major
$Cargo 1:  XSTR("Nothing", 13)
+Initial Velocity: 33
+Initial Hull: 3
+Subsystem: Pilot
+Primary Banks: ( "Devastator" "Devastator" )
+Secondary Banks: ( "Tornado" "Tornado" )
$Arrival Location: Hyperspace
$Arrival Cue: ( false ) 
$Departure Location: Hyperspace
$Departure Cue: ( false ) 
$Determination: 10
+Flags: ( "cargo-known" "red-alert-carry" )
+Flags2: ( )
+Respawn priority: 0
+Group: 0
+Score: 10

$Name: Gamma 2		;! Object #14
$Class: GTF Perseus
$Team: Friendly
$Location: -5455.043945, -0.010380, -13226.335938
$Orientation:
	-0.999263, 0.000000, 0.038398,
	0.000000, 1.000000, 0.000000,
	-0.038398, 0.000000, -0.999263
$AI Behavior: None
+AI Class: Major
$Cargo 1:  XSTR("Nothing", 13)
+Initial Velocity: 33
+Initial Hull: 43
+Subsystem: Pilot
+Primary Banks: ( "Devastator" "Devastator" )
+Secondary Banks: ( "Tornado" "Tornado" )
$Arrival Location: Hyperspace
$Arrival Cue: ( false ) 
$Departure Location: Hyperspace
$Departure Cue: ( false ) 
$Determination: 10
+Flags: ( "cargo-known" "red-alert-carry" )
+Flags2: ( )
+Respawn priority: 0
+Group: 0
+Score: 10

$Name: Lemnos		;! Object #15
$Class: GTCv Deimos
$Team: Friendly
$Location: -1625.696167, -315.148590, -18888.658203
$Orientation:
	0.324796, 0.000000, 0.945784,
	0.000000, 1.000000, 0.000000,
	-0.945784, 0.000000, 0.324796
$AI Behavior: None
+AI Class: Major
$AI Goals: ( goals ( ai-waypoints "Waypoint path 2" 50 ) )
$Cargo 1:  XSTR("Nothing", 13)
+Initial Velocity: 100
+Initial Hull: 100
+Initial Shields: 100
+Subsystem: Pilot
+Subsystem: turret01
+Subsystem: turret02
+Subsystem: turret03
+Subsystem: turret04
+Subsystem: turret05
+Subsystem: turret06
+Subsystem: turret07
+Subsystem: turret08
+Subsystem: turret09
+Subsystem: turret10
+Subsystem: turret11
+Subsystem: turret12
+Subsystem: turret13
+Subsystem: turret14
+Subsystem: turret15
+Subsystem: turret16
+Subsystem: turret17
+Subsystem: turret18
+Subsystem: turret19
+Subsystem: turret20
+Subsystem: turret21
+Subsystem: turret22
+Subsystem: turret23
+Subsystem: turret24
+Subsystem: turret25
+Subsystem: turret26
$Arrival Location: Hyperspace
$Arrival Cue: ( true ) 
$Departure Location: Hyperspace
$Departure Cue: ( and 
   ( < 
      ( distance "Jump Node:1" "Lemnos" ) 
      270 
   )
   ( is-event-true-delay 
      "May continue" 
      3 
   )
)
$Determination: 10
+Flags: ( "cargo-known" "no-shields" )
+Flags2: ( )
+Respawn priority: 0
+Orders Accepted: 0		;! note that this is a bitfield!!!
+Group: 0
+Score: 400
$Texture Replace:
+old: nameplate
+new: GTCv_Lemnos

$Name: Zollner		;! Object #16
$Class: GTC Leviathan
$Team: Friendly
$Location: -612.246216, 315.129272, -10258.337891
$Orientation:
	-0.938025, 0.000000, 0.346566,
	0.000000, 1.000000, 0.000000,
	-0.346566, 0.000000, -0.938025
$AI Behavior: None
$AI Goals: ( goals ( ai-waypoints-once "Jump Node right" 50 ) )
$Cargo 1:  XSTR("Nothing", 13)
+Initial Velocity: 100
+Initial Hull: 100
+Initial Shields: 100
+Subsystem: Pilot
+Subsystem: turret01
+Subsystem: turret02
+Subsystem: turret03
+Subsystem: turret04
+Subsystem: turret05
+Subsystem: turret06
+Subsystem: turret07
+Subsystem: turret08
+Subsystem: turret09a-01-main
$Arrival Location: Hyperspace
$Arrival Cue: ( is-event-true-delay "Second wave" 0 ) 
$Departure Location: Hyperspace
$Departure Cue: ( < 
   ( distance 
      "Jump Node right:1" 
      "Zollner" 
   )
   411 
)
$Determination: 10
+Flags: ( "cargo-known" "no-shields" "escort" )
+Flags2: ( )
+Respawn priority: 0
+Escort priority: 64
+Orders Accepted: 0		;! note that this is a bitfield!!!
+Group: 2
+Use Table Score:
+Score: 200
$Texture Replace:
+old: nameplate
+new: GTC_Zollner

$Name: Notus		;! Object #17
$Class: GTT Argo
$Team: Friendly
$Location: 613.430176, 315.128784, -10586.659180
$Orientation:
	-0.925060, 0.000000, 0.379821,
	0.000000, 1.000000, 0.000000,
	-0.379821, 0.000000, -0.925060
$AI Behavior: None
$AI Goals: ( goals ( ai-waypoints-once "Jump Node Left" 50 ) )
$Cargo 1:  XSTR("Nothing", 13)
+Initial Velocity: 33
+Initial Hull: 100
+Initial Shields: 100
+Subsystem: Pilot
+Subsystem: turret01
+Subsystem: turret02
$Arrival Location: Hyperspace
$Arrival Cue: ( is-event-true-delay 
   "Second wave" 
   ( rand 12 16 ) 
)
$Departure Location: Hyperspace
$Departure Cue: ( < 
   ( distance "Jump Node Left:1" "Notus" ) 
   300 
)
$Determination: 10
+Flags: ( "cargo-known" "no-shields" "escort" )
+Flags2: ( )
+Respawn priority: 0
+Escort priority: 74
+Orders Accepted: 0		;! note that this is a bitfield!!!
+Group: 2
+Score: 10

$Name: Lambda 1		;! Object #18
$Class: GTT Argo
$Team: Friendly
$Location: -3216.651367, 839.501953, -10705.197266
$Orientation:
	-0.997939, 0.000000, -0.064178,
	0.004085, 0.997972, -0.063527,
	0.064048, -0.063658, -0.995914
$AI Behavior: None
$AI Goals: ( goals ( ai-waypoints "Jump Node" 50 ) )
$Cargo 1:  XSTR("Nothing", 13)
+Initial Velocity: 33
+Initial Hull: 100
+Initial Shields: 100
+Subsystem: Pilot
+Subsystem: turret01
+Subsystem: turret02
$Arrival Location: Hyperspace
$Arrival Cue: ( is-event-true-delay 
   "Third Wave" 
   ( rand 21 25 ) 
)
$Departure Location: Hyperspace
$Departure Cue: ( < 
   ( distance "Jump Node:1" "Lambda 1" ) 
   300 
)
$Determination: 10
+Flags: ( "cargo-known" "no-shields" "escort" )
+Flags2: ( )
+Respawn priority: 0
+Escort priority: 55
+Orders Accepted: 0		;! note that this is a bitfield!!!
+Group: 4
+Score: 10

$Name: Lambda 2		;! Object #19
$Class: GTT Argo
$Team: Friendly
$Location: -3298.327148, 839.501465, -10348.499023
$Orientation:
	-0.997651, 0.000000, -0.068503,
	0.004245, 0.998078, -0.061818,
	0.068371, -0.061963, -0.995734
$AI Behavior: None
$AI Goals: ( goals ( ai-waypoints "Jump Node" 50 ) )
$Cargo 1:  XSTR("Nothing", 13)
+Initial Velocity: 33
+Initial Hull: 100
+Initial Shields: 100
+Subsystem: Pilot
+Subsystem: turret01
+Subsystem: turret02
$Arrival Location: Hyperspace
$Arrival Cue: ( is-event-true-delay 
   "Third Wave" 
   ( rand 21 25 ) 
)
$Departure Location: Hyperspace
$Departure Cue: ( < 
   ( distance "Jump Node:1" "Lambda 2" ) 
   300 
)
$Determination: 10
+Flags: ( "cargo-known" "no-shields" "escort" )
+Flags2: ( )
+Respawn priority: 0
+Escort priority: 55
+Orders Accepted: 0		;! note that this is a bitfield!!!
+Group: 4
+Score: 10

$Name: Lambda 3		;! Object #20
$Class: GTT Argo
$Team: Friendly
$Location: -3370.817871, 839.501465, -10069.668945
$Orientation:
	-0.997379, 0.000000, -0.072348,
	0.004391, 0.998156, -0.060538,
	0.072215, -0.060697, -0.995540
$AI Behavior: None
$AI Goals: ( goals ( ai-waypoints "Jump Node" 50 ) )
$Cargo 1:  XSTR("Nothing", 13)
+Initial Velocity: 33
+Initial Hull: 100
+Initial Shields: 100
+Subsystem: Pilot
+Subsystem: turret01
+Subsystem: turret02
$Arrival Location: Hyperspace
$Arrival Cue: ( is-event-true-delay 
   "Third Wave" 
   ( rand 21 25 ) 
)
$Departure Location: Hyperspace
$Departure Cue: ( < 
   ( distance "Jump Node:1" "Lambda 3" ) 
   300 
)
$Determination: 10
+Flags: ( "cargo-known" "no-shields" "escort" )
+Flags2: ( )
+Respawn priority: 0
+Escort priority: 55
+Orders Accepted: 0		;! note that this is a bitfield!!!
+Group: 4
+Score: 10

$Name: Lambda 4		;! Object #21
$Class: GTT Argo
$Team: Friendly
$Location: -3426.449707, 839.501465, -9815.627930
$Orientation:
	-0.997185, 0.000000, -0.074980,
	0.004468, 0.998223, -0.059422,
	0.074847, -0.059590, -0.995413
$AI Behavior: None
$AI Goals: ( goals ( ai-waypoints "Jump Node" 50 ) )
$Cargo 1:  XSTR("Nothing", 13)
+Initial Velocity: 33
+Initial Hull: 100
+Initial Shields: 100
+Subsystem: Pilot
+Subsystem: turret01
+Subsystem: turret02
$Arrival Location: Hyperspace
$Arrival Cue: ( is-event-true-delay 
   "Third Wave" 
   ( rand 21 25 ) 
)
$Departure Location: Hyperspace
$Departure Cue: ( < 
   ( distance "Jump Node:1" "Lambda 4" ) 
   300 
)
$Determination: 10
+Flags: ( "cargo-known" "no-shields" "escort" )
+Flags2: ( )
+Respawn priority: 0
+Escort priority: 55
+Orders Accepted: 0		;! note that this is a bitfield!!!
+Group: 4
+Score: 10

$Name: Sparta		;! Object #22
$Class: GTC Aeolus
$Team: Friendly
$Location: -3451.403320, 1129.082520, -10753.767578
$Orientation:
	-0.996615, 0.000000, -0.082210,
	0.007044, 0.996323, -0.085388,
	0.081908, -0.085678, -0.992950
$AI Behavior: None
$AI Goals: ( goals ( ai-waypoints "Jump node high" 50 ) )
$Cargo 1:  XSTR("Nothing", 13)
+Initial Velocity: 33
+Initial Hull: 100
+Initial Shields: 100
+Subsystem: Pilot
+Subsystem: turret01
+Subsystem: turret02
+Subsystem: turret03
+Subsystem: turret04
+Subsystem: turret05
+Subsystem: turret06
+Subsystem: turret07
+Subsystem: turret08
+Subsystem: turret09
+Subsystem: turret10
+Subsystem: turret11
+Subsystem: turret12
$Arrival Location: Hyperspace
$Arrival Cue: ( is-event-true-delay 
   "Third Wave" 
   ( rand 12 17 ) 
)
$Departure Location: Hyperspace
$Departure Cue: ( < 
   ( distance 
      "Jump node high:1" 
      "Sparta" 
   )
   300 
)
$Determination: 10
+Flags: ( "cargo-known" "no-shields" "escort" )
+Flags2: ( )
+Respawn priority: 0
+Escort priority: 44
+Orders Accepted: 0		;! note that this is a bitfield!!!
+Group: 4
+Score: 400
$Texture Replace:
+old: nameplate
+new: GTC_Sparta

$Name: Sydenham		;! Object #23
$Class: GTM Hippocrates
$Team: Friendly
$Location: 0.088135, 620.466187, -10860.742188
$Orientation:
	-0.877161, 0.000000, 0.480196,
	0.000000, 1.000000, 0.000000,
	-0.480196, 0.000000, -0.877161
$AI Behavior: None
$AI Goals: ( goals ( ai-waypoints "Jump Node Left" 50 ) )
$Cargo 1:  XSTR("Nothing", 13)
+Initial Velocity: 33
+Initial Hull: 100
+Initial Shields: 100
+Subsystem: Pilot
+Subsystem: turret01
+Subsystem: turret02
+Subsystem: turret03
+Subsystem: turret04
+Subsystem: turret05
$Arrival Location: Hyperspace
$Arrival Cue: ( is-event-true-delay 
   "Second wave" 
   ( rand 12 32 ) 
)
$Departure Location: Hyperspace
$Departure Cue: ( < 
   ( distance 
      "Jump Node Left:1" 
      "Sydenham" 
   )
   300 
)
$Determination: 10
+Flags: ( "cargo-known" "no-shields" "escort" )
+Flags2: ( )
+Respawn priority: 0
+Escort priority: 65
+Orders Accepted: 0		;! note that this is a bitfield!!!
+Group: 2
+Use Table Score:
+Score: 100

$Name: Boerhaave		;! Object #24
$Class: GTM Hippocrates
$Team: Friendly
$Location: -2612.080078, -21.826012, -10169.632813
$Orientation:
	-0.998966, 0.000000, -0.045474,
	-0.000072, 0.999999, 0.001592,
	0.045474, 0.001594, -0.998964
$AI Behavior: None
$AI Goals: ( goals ( ai-waypoints "Jump Node Left" 50 ) )
$Cargo 1:  XSTR("Nothing", 13)
+Initial Velocity: 33
+Initial Hull: 100
+Initial Shields: 100
+Subsystem: Pilot
+Subsystem: turret01
+Subsystem: turret02
+Subsystem: turret03
+Subsystem: turret04
+Subsystem: turret05
$Arrival Location: Hyperspace
$Arrival Cue: ( is-event-true-delay 
   "Third Wave" 
   ( rand 12 17 ) 
)
$Departure Location: Hyperspace
$Departure Cue: ( < 
   ( distance 
      "Jump Node Left:1" 
      "Boerhaave" 
   )
   300 
)
$Determination: 10
+Flags: ( "cargo-known" "no-shields" "escort" )
+Flags2: ( )
+Respawn priority: 0
+Escort priority: 55
+Orders Accepted: 0		;! note that this is a bitfield!!!
+Group: 4
+Use Table Score:
+Score: 100

$Name: Io		;! Object #25
$Class: GTFR Triton
$Team: Friendly
$Location: -3755.572998, -666.236084, -10355.275391
$Orientation:
	1.000000, 0.000001, -0.000038,
	0.000002, -0.999601, 0.028224,
	-0.000038, -0.028224, -0.999601
$AI Behavior: None
$AI Goals: ( goals ( ai-waypoints "Jump node low" 50 ) )
$Cargo 1:  XSTR("Nothing", 13)
+Initial Velocity: 33
+Initial Hull: 100
+Initial Shields: 100
+Subsystem: Pilot
+Subsystem: turret01
+Subsystem: turret02
$Arrival Location: Hyperspace
$Arrival Cue: ( is-event-true-delay 
   "Third Wave" 
   ( rand 12 17 ) 
)
$Departure Location: Hyperspace
$Departure Cue: ( < 
   ( distance "Jump node low:1" "Io" ) 
   300 
)
$Determination: 10
+Flags: ( "cargo-known" "no-shields" "escort" )
+Flags2: ( )
+Respawn priority: 0
+Escort priority: 54
+Orders Accepted: 0		;! note that this is a bitfield!!!
+Group: 4
+Use Table Score:
+Score: 20

$Name: TC-TRI 78		;! Object #26
$Class: TC-TRI
$Team: Friendly
$Location: -3756.274658, -682.541809, -10545.850586
$Orientation:
	1.000000, 0.000002, -0.000042,
	0.000003, -0.999598, 0.028332,
	-0.000042, -0.028332, -0.999598
$AI Behavior: None
$Cargo 1:  XSTR("Medical Supplies", 148)
+Initial Hull: 100
+Initial Shields: 100
+Subsystem: Pilot
$Arrival Location: Hyperspace
$Arrival Cue: ( false ) 
$Departure Location: Hyperspace
$Departure Cue: ( false ) 
$Determination: 10
+Flags: ( "cargo-known" "no-shields" )
+Flags2: ( )
+Respawn priority: 0
+Docked With: Io
$Docker Point: Cargo Dock01
$Dockee Point: Cargo Dockpoint
+Group: 0
+Score: 5
$Texture Replace:
+old: nameplate
+new: GTFr_Io

$Name: Miranda		;! Object #27
$Class: GTFR Triton
$Team: Friendly
$Location: -452.671631, -223.302277, -11188.222656
$Orientation:
	0.904189, 0.089572, -0.417637,
	0.081219, -0.995981, -0.037773,
	-0.419342, 0.000234, -0.907829
$AI Behavior: None
$AI Goals: ( goals ( ai-waypoints-once "Jump node low" 50 ) )
$Cargo 1:  XSTR("Nothing", 13)
+Initial Velocity: 33
+Initial Hull: 100
+Initial Shields: 100
+Subsystem: Pilot
+Subsystem: turret01
+Subsystem: turret02
$Arrival Location: Hyperspace
$Arrival Cue: ( is-event-true-delay 
   "Second wave" 
   ( rand 12 15 ) 
)
$Departure Location: Hyperspace
$Departure Cue: ( < 
   ( distance 
      "Jump node low:1" 
      "Miranda" 
   )
   300 
)
$Determination: 10
+Flags: ( "cargo-known" "no-shields" "escort" )
+Flags2: ( )
+Respawn priority: 0
+Escort priority: 68
+Orders Accepted: 0		;! note that this is a bitfield!!!
+Group: 2
+Use Table Score:
+Score: 20

$Name: TSC 2 60		;! Object #28
$Class: TC-TRI
$Team: Friendly
$Location: -532.492065, -234.180115, -11361.701172
$Orientation:
	0.904172, 0.089755, -0.417635,
	0.081430, -0.995965, -0.037751,
	-0.419338, 0.000125, -0.907831
$AI Behavior: None
$Cargo 1:  XSTR("Dravis' diary", 1948)
+Initial Hull: 100
+Initial Shields: 100
+Subsystem: Pilot
$Arrival Location: Hyperspace
$Arrival Cue: ( false ) 
$Departure Location: Hyperspace
$Departure Cue: ( false ) 
$Determination: 10
+Flags: ( "no-shields" )
+Flags2: ( )
+Respawn priority: 0
+Docked With: Miranda
$Docker Point: Cargo Dock01
$Dockee Point: Cargo Dockpoint
+Group: 2
+Score: 5
$Texture Replace:
+old: nameplate
+new: GTFr_Miranda

$Name: Sophron		;! Object #29
$Class: GTFR Poseidon
$Team: Friendly
$Location: -5799.397461, -50.299534, -11195.843750
$Orientation:
	-0.961585, 0.000000, -0.274507,
	-0.001353, 0.999988, 0.004741,
	0.274504, 0.004930, -0.961573
$AI Behavior: None
$AI Goals: ( goals ( ai-waypoints-once "Jump node low" 50 ) )
$Cargo 1:  XSTR("Nothing", 13)
+Initial Velocity: 33
+Initial Hull: 100
+Initial Shields: 100
+Subsystem: Pilot
+Subsystem: turret01
+Subsystem: turret02
+Subsystem: turret03
+Subsystem: turret04
$Arrival Location: Hyperspace
$Arrival Cue: ( true ) 
$Departure Location: Hyperspace
$Departure Cue: ( < 
   ( distance 
      "Jump node low:1" 
      "Sophron" 
   )
   300 
)
$Determination: 10
+Flags: ( "cargo-known" "no-shields" "escort" )
+Flags2: ( )
+Respawn priority: 0
+Escort priority: 85
+Orders Accepted: 0		;! note that this is a bitfield!!!
+Group: 1
+Score: 20

$Name: TSC 2 79		;! Object #30
$Class: TSC 2
$Team: Friendly
$Location: -5800.721191, -67.705032, -11191.193359
$Orientation:
	-0.961731, 0.000002, -0.273995,
	-0.001348, 0.999988, 0.004740,
	0.273992, 0.004928, -0.961719
$AI Behavior: None
$Cargo 1:  XSTR("Foodstuffs", 959)
+Initial Hull: 100
+Initial Shields: 100
+Subsystem: Pilot
$Arrival Location: Hyperspace
$Arrival Cue: ( false ) 
$Departure Location: Hyperspace
$Departure Cue: ( false ) 
$Determination: 10
+Flags: ( "cargo-known" "no-shields" )
+Flags2: ( )
+Respawn priority: 0
+Docked With: Sophron
$Docker Point: cargo dock
$Dockee Point: cargo dock
+Group: 0
+Score: 5
$Texture Replace:
+old: nameplate
+new: GTFr_Sophron

$Name: Har-Wer		;! Object #31
$Class: GVFr Satis
$Team: Friendly
$Location: -307.739014, -29.995117, -11227.388672
$Orientation:
	-0.933934, 0.000000, 0.357446,
	0.000000, 1.000000, 0.000000,
	-0.357446, 0.000000, -0.933934
$AI Behavior: None
$AI Goals: ( goals ( ai-waypoints-once "Jump node high" 50 ) )
$Cargo 1:  XSTR("Nothing", 13)
+Initial Velocity: 33
+Initial Hull: 100
+Initial Shields: 100
+Subsystem: Pilot
+Subsystem: turret01-main
+Subsystem: turret02
+Subsystem: turret03
+Subsystem: turret04
+Subsystem: turret05
$Arrival Location: Hyperspace
$Arrival Cue: ( is-event-true-delay 
   "Second wave" 
   ( rand 12 15 ) 
)
$Departure Location: Hyperspace
$Departure Cue: ( < 
   ( distance 
      "Jump node high:1" 
      "Har-Wer" 
   )
   300 
)
$Determination: 10
+Flags: ( "cargo-known" "no-shields" "escort" )
+Flags2: ( )
+Respawn priority: 0
+Escort priority: 65
+Orders Accepted: 0		;! note that this is a bitfield!!!
+Group: 2
+Score: 20

$Name: Kebechet		;! Object #32
$Class: GVFr Satis
$Team: Friendly
$Location: -5729.125000, -51.135231, -11372.181641
$Orientation:
	-0.963744, 0.000000, -0.266828,
	-0.001120, 0.999991, 0.004046,
	0.266826, 0.004198, -0.963736
$AI Behavior: None
$AI Goals: ( goals ( ai-waypoints-once "Jump node low" 50 ) )
$Cargo 1:  XSTR("Machine tool parts", 1945)
+Initial Velocity: 33
+Initial Hull: 100
+Initial Shields: 100
+Subsystem: Pilot
+Subsystem: turret01-main
+Subsystem: turret02
+Subsystem: turret03
+Subsystem: turret04
+Subsystem: turret05
$Arrival Location: Hyperspace
$Arrival Cue: ( true ) 
$Departure Location: Hyperspace
$Departure Cue: ( < 
   ( distance 
      "Jump node low:1" 
      "Kebechet" 
   )
   300 
)
$Determination: 10
+Flags: ( "cargo-known" "no-shields" "escort" )
+Flags2: ( )
+Respawn priority: 0
+Escort priority: 87
+Orders Accepted: 0		;! note that this is a bitfield!!!
+Group: 1
+Score: 20

$Name: Ptah-Nu		;! Object #33
$Class: GVC Mentu
$Team: Friendly
$Location: -5468.143555, -142.435989, -11940.273438
$Orientation:
	-0.960484, 0.000000, -0.278337,
	-0.003300, 0.999930, 0.011389,
	0.278317, 0.011857, -0.960416
$AI Behavior: None
$AI Goals: ( goals ( ai-chase "Thanatos" 50 ) ( ai-chase "Bane" 33 ) ( ai-chase "Melchom" 32 ) ( ai-waypoints-once "Jump node low" 12 ) )
$Cargo 1:  XSTR("Nothing", 13)
+Initial Velocity: 33
+Initial Hull: 100
+Initial Shields: 100
+Subsystem: Pilot
+Subsystem: Turret01
+Subsystem: Turret02
+Subsystem: Turret03
+Primary Banks: ( "" )
+Subsystem: Turret04
+Subsystem: Turret05
+Primary Banks: ( "Subach HL-7" )
+Subsystem: Turret06
+Subsystem: Turret07
+Subsystem: Turret08
+Subsystem: Turret09
+Subsystem: Turret10
+Subsystem: Turret11
+Subsystem: Turret12
+Subsystem: Turret13
+Subsystem: Turret14
+Subsystem: Turret15
+Subsystem: Turret16
$Arrival Location: Hyperspace
$Arrival Cue: ( true ) 
$Departure Location: Hyperspace
$Departure Cue: ( < 
   ( distance 
      "Jump node low:1" 
      "Ptah-Nu" 
   )
   300 
)
$Determination: 10
+Flags: ( "cargo-known" "no-shields" "escort" )
+Flags2: ( )
+Respawn priority: 0
+Escort priority: 83
+Orders Accepted: 0		;! note that this is a bitfield!!!
+Group: 1
+Score: 90

$Name: Darwin		;! Object #34
$Class: GTSC Faustus
$Team: Friendly
$Location: -280.600159, -442.372711, -11674.076172
$Orientation:
	-0.924408, 0.000000, 0.381406,
	0.000000, 1.000000, 0.000000,
	-0.381406, 0.000000, -0.924408
$AI Behavior: None
$AI Goals: ( goals ( ai-waypoints "Jump node low" 50 ) )
$Cargo 1:  XSTR("Nothing", 13)
+Initial Hull: 100
+Initial Shields: 100
+Subsystem: Pilot
+Subsystem: turret01
+Subsystem: turret02
+Subsystem: turret03
+Subsystem: turret04
+Subsystem: turret05
+Subsystem: turret06
$Arrival Location: Hyperspace
$Arrival Cue: ( is-event-true-delay 
   "Second wave" 
   ( rand 8 14 ) 
)
$Departure Location: Hyperspace
$Departure Cue: ( < 
   ( distance "Jump node low:1" "Darwin" ) 
   300 
)
$Determination: 10
+Flags: ( "cargo-known" "no-shields" "escort" )
+Flags2: ( )
+Respawn priority: 0
+Escort priority: 66
+Orders Accepted: 0		;! note that this is a bitfield!!!
+Group: 2
+Score: 400
$Texture Replace:
+old: nameplate
+new: GTSC_Darwin

$Name: Mihos		;! Object #35
$Class: GVT Isis
$Team: Friendly
$Location: -6008.311523, 116.443474, -11131.539063
$Orientation:
	-0.966821, 0.000000, -0.255453,
	0.002379, 0.999957, -0.009003,
	0.255442, -0.009312, -0.966779
$AI Behavior: None
$AI Goals: ( goals ( ai-waypoints-once "Jump Node Left" 50 ) )
$Cargo 1:  XSTR("Nothing", 13)
+Initial Velocity: 33
+Initial Hull: 100
+Initial Shields: 100
+Subsystem: Pilot
+Subsystem: Turret01
+Subsystem: Turret02
$Arrival Location: Hyperspace
$Arrival Cue: ( true ) 
$Departure Location: Hyperspace
$Departure Cue: ( < 
   ( distance "Jump Node Left:1" "Mihos" ) 
   300 
)
$Determination: 10
+Flags: ( "cargo-known" "no-shields" )
+Flags2: ( )
+Respawn priority: 0
+Orders Accepted: 0		;! note that this is a bitfield!!!
+Group: 1
+Use Table Score:
+Score: 15

$Name: Resheph		;! Object #36
$Class: PVFR Ma'at
$Team: Friendly
$Location: -432.802002, -88.405807, -11698.953125
$Orientation:
	-0.928073, -0.012988, 0.372173,
	0.000001, 0.999391, 0.034880,
	-0.372399, 0.032371, -0.927508
$AI Behavior: None
$AI Goals: ( goals ( ai-waypoints-once "Jump Node Left" 50 ) )
$Cargo 1:  XSTR("Nothing", 13)
+Initial Velocity: 33
+Initial Hull: 100
+Initial Shields: 100
+Subsystem: Pilot
+Subsystem: Turret01
+Subsystem: Turret02
+Subsystem: Turret03
$Arrival Location: Hyperspace
$Arrival Cue: ( is-event-true-delay 
   "Second wave" 
   ( rand 12 15 ) 
)
$Departure Location: Hyperspace
$Departure Cue: ( < 
   ( distance 
      "Jump Node Left:1" 
      "Resheph" 
   )
   300 
)
$Determination: 10
+Flags: ( "cargo-known" "no-shields" )
+Flags2: ( )
+Respawn priority: 0
+Orders Accepted: 0		;! note that this is a bitfield!!!
+Group: 2
+Score: 10

$Name: VAC 4 61		;! Object #37
$Class: VAC 4
$Team: Friendly
$Location: -428.897858, -80.314507, -11686.136719
$Orientation:
	-0.927902, -0.013012, 0.372599,
	0.012997, 0.997654, 0.067207,
	-0.372599, 0.067204, -0.925556
$AI Behavior: None
$Cargo 1:  XSTR("Abbot Laurent's Journal", 1949)
+Initial Hull: 100
+Initial Shields: 100
+Subsystem: Pilot
$Arrival Location: Hyperspace
$Arrival Cue: ( false ) 
$Departure Location: Hyperspace
$Departure Cue: ( false ) 
$Determination: 10
+Flags: ( "no-shields" )
+Flags2: ( )
+Respawn priority: 0
+Docked With: Resheph
$Docker Point: cargo dock
$Dockee Point: cargo dock
+Group: 2
+Use Table Score:
+Score: 3

$Name: Nephthys		;! Object #38
$Class: PVFR Ma'at
$Team: Friendly
$Location: -5593.555664, 101.622887, -11297.728516
$Orientation:
	-0.966087, 0.000000, -0.258218,
	0.002609, 0.999949, -0.009763,
	0.258205, -0.010106, -0.966037
$AI Behavior: None
$AI Goals: ( goals ( ai-waypoints-once "Jump node high" 50 ) )
$Cargo 1:  XSTR("Nothing", 13)
+Initial Velocity: 33
+Initial Hull: 100
+Initial Shields: 100
+Subsystem: Pilot
+Subsystem: Turret01
+Subsystem: Turret02
+Subsystem: Turret03
$Arrival Location: Hyperspace
$Arrival Cue: ( true ) 
$Departure Location: Hyperspace
$Departure Cue: ( < 
   ( distance 
      "Jump node high:1" 
      "Nephthys" 
   )
   300 
)
$Determination: 10
+Flags: ( "cargo-known" "no-shields" "escort" )
+Flags2: ( )
+Respawn priority: 0
+Escort priority: 86
+Orders Accepted: 0		;! note that this is a bitfield!!!
+Group: 1
+Score: 10

$Name: VAC 4 80		;! Object #39
$Class: VAC 4
$Team: Friendly
$Location: -5597.917969, 110.288033, -11285.446289
$Orientation:
	-0.965911, 0.000005, -0.258876,
	-0.006410, 0.999693, 0.023936,
	0.258797, 0.024779, -0.965614
$AI Behavior: None
$Cargo 1:  XSTR("Orenian koi", 1950)
+Initial Hull: 100
+Initial Shields: 100
+Subsystem: Pilot
$Arrival Location: Hyperspace
$Arrival Cue: ( false ) 
$Departure Location: Hyperspace
$Departure Cue: ( false ) 
$Determination: 10
+Flags: ( "no-shields" )
+Flags2: ( )
+Respawn priority: 0
+Docked With: Nephthys
$Docker Point: cargo dock
$Dockee Point: cargo dock
+Group: 0
+Use Table Score:
+Score: 3

$Name: Sesmu		;! Object #40
$Class: PVFR Ma'at
$Team: Friendly
$Location: -533.200806, -89.752937, -11669.027344
$Orientation:
	-0.872380, -0.000258, 0.488828,
	0.000051, 1.000000, 0.000619,
	-0.488828, 0.000565, -0.872380
$AI Behavior: None
$AI Goals: ( goals ( ai-waypoints "Jump Node right" 50 ) )
$Cargo 1:  XSTR("Nothing", 13)
+Initial Velocity: 33
+Initial Hull: 100
+Initial Shields: 100
+Subsystem: Pilot
+Subsystem: Turret01
+Subsystem: Turret02
+Subsystem: Turret03
$Arrival Location: Hyperspace
$Arrival Cue: ( is-event-true-delay 
   "Second wave" 
   ( rand 12 15 ) 
)
$Departure Location: Hyperspace
$Departure Cue: ( < 
   ( distance 
      "Jump Node right:1" 
      "Sesmu" 
   )
   300 
)
$Determination: 10
+Flags: ( "cargo-known" "no-shields" "escort" )
+Flags2: ( )
+Respawn priority: 0
+Escort priority: 66
+Orders Accepted: 0		;! note that this is a bitfield!!!
+Group: 2
+Score: 10

$Name: VAC 4 30		;! Object #41
$Class: VAC 4
$Team: Friendly
$Location: -527.716064, -81.227180, -11657.103516
$Orientation:
	-0.872581, -0.000250, 0.488469,
	0.017095, 0.999372, 0.031050,
	-0.488169, 0.035444, -0.872029
$AI Behavior: None
$Cargo 1:  XSTR("Parker's Boots", 1947)
+Initial Hull: 100
+Initial Shields: 100
+Subsystem: Pilot
$Arrival Location: Hyperspace
$Arrival Cue: ( false ) 
$Departure Location: Hyperspace
$Departure Cue: ( false ) 
$Determination: 10
+Flags: ( "no-shields" )
+Flags2: ( )
+Respawn priority: 0
+Docked With: Sesmu
$Docker Point: cargo dock
$Dockee Point: cargo dock
+Group: 2
+Use Table Score:
+Score: 3

$Name: Thanatos		;! Object #42
$Class: SC Rakshasa
$Team: Hostile
$Location: -7223.011719, -0.004579, -19623.904297
$Orientation:
	0.771246, 0.000000, -0.636537,
	0.000000, 1.000000, 0.000000,
	0.636537, 0.000000, 0.771246
$AI Behavior: None
$AI Goals: ( goals ( ai-chase "Lemnos" 50 ) )
$Cargo 1:  XSTR("Nothing", 13)
+Initial Hull: 100
+Initial Shields: 100
+Subsystem: Pilot
+Subsystem: turret01
+Subsystem: turret02
+Subsystem: turret03
+Subsystem: turret04
+Subsystem: turret05
+Subsystem: turret06
+Subsystem: turret07
+Subsystem: turret08
+Subsystem: turret09
+Subsystem: turret10
+Subsystem: turret11
+Subsystem: turret12
+Subsystem: turret13
+Subsystem: turret14
$Arrival Location: Hyperspace
$Arrival Cue: ( true ) 
$Departure Location: Hyperspace
$Departure Cue: ( false ) 
$Determination: 10
+Flags: ( "no-shields" )
+Flags2: ( )
+Respawn priority: 0
+Orders Accepted: 0		;! note that this is a bitfield!!!
+Group: 0
+Score: 10000

$Name: Theta 1		;! Object #43
$Class: GVF Serapis
$Team: Friendly
$Location: -6291.191406, 116.447395, -11121.656250
$Orientation:
	-0.952987, 0.000000, -0.303010,
	0.002804, 0.999957, -0.008820,
	0.302997, -0.009255, -0.952946
$AI Behavior: None
$Cargo 1:  XSTR("Nothing", 13)
+Initial Velocity: 33
+Initial Hull: 100
+Subsystem: Pilot
$Arrival Location: Hyperspace
$Arrival Cue: ( false ) 
$Departure Location: Hyperspace
$Departure Cue: ( false ) 
$Determination: 10
+Flags: ( "cargo-known" )
+Flags2: ( )
+Respawn priority: 0
+Group: 1
+Score: 14

$Name: Theta 2		;! Object #44
$Class: GVF Serapis
$Team: Friendly
$Location: -6353.415039, 116.447395, -11076.869141
$Orientation:
